{
"lowlevel": {
    "average_loudness": 0.946194708347,
    "barkbands_crest": {
        "dmean": 2.20093727112,
        "dmean2": 3.54365062714,
        "dvar": 5.49837970734,
        "dvar2": 14.3950805664,
        "max": 23.2579860687,
        "mean": 9.00983715057,
        "median": 8.39929771423,
        "min": 2.56429934502,
        "var": 13.5151052475
    },
    "barkbands_flatness_db": {
        "dmean": 0.0187846496701,
        "dmean2": 0.0284067001194,
        "dvar": 0.000401826982852,
        "dvar2": 0.000869555282407,
        "max": 0.330306887627,
        "mean": 0.1259881109,
        "median": 0.114548869431,
        "min": 0.0271632168442,
        "var": 0.00221602246165
    },
    "barkbands_kurtosis": {
        "dmean": 2.44582486153,
        "dmean2": 3.78905200958,
        "dvar": 31.5471858978,
        "dvar2": 68.470161438,
        "max": 114.682144165,
        "mean": 2.82751250267,
        "median": 0.316489577293,
        "min": -1.95777857304,
        "var": 64.9855575562
    },
    "barkbands_skewness": {
        "dmean": 0.50984364748,
        "dmean2": 0.764175117016,
        "dvar": 0.398589879274,
        "dvar2": 0.807720959187,
        "max": 7.48860263824,
        "mean": 1.22329199314,
        "median": 1.06419336796,
        "min": -7.7038064003,
        "var": 1.63758301735
    },
    "barkbands_spread": {
        "dmean": 7.59528923035,
        "dmean2": 11.2541971207,
        "dvar": 109.814758301,
        "dvar2": 220.417526245,
        "max": 108.904243469,
        "mean": 32.8179969788,
        "median": 29.8784332275,
        "min": 1.46010816097,
        "var": 353.122711182
    },
    "dissonance": {
        "dmean": 0.0129351243377,
        "dmean2": 0.0212795063853,
        "dvar": 0.000279260973912,
        "dvar2": 0.000783293449786,
        "max": 0.5,
        "mean": 0.47344315052,
        "median": 0.480333447456,
        "min": 0.154889121652,
        "var": 0.000713738147169
    },
    "dynamic_complexity": 3.9273416996,
    "erbbands_crest": {
        "dmean": 2.14138841629,
        "dmean2": 3.47407436371,
        "dvar": 4.28166341782,
        "dvar2": 9.99337291718,
        "max": 25.8487567902,
        "mean": 7.93514585495,
        "median": 6.99813604355,
        "min": 2.51597547531,
        "var": 13.8089466095
    },
    "erbbands_flatness_db": {
        "dmean": 0.0154945608228,
        "dmean2": 0.0211016237736,
        "dvar": 0.000292903016089,
        "dvar2": 0.000554557947908,
        "max": 0.391937583685,
        "mean": 0.136879712343,
        "median": 0.128215521574,
        "min": 0.0437785424292,
        "var": 0.00216729030944
    },
    "erbbands_kurtosis": {
        "dmean": 0.869352340698,
        "dmean2": 1.32757043839,
        "dvar": 3.5869076252,
        "dvar2": 8.05625247955,
        "max": 34.6203956604,
        "mean": 0.593665838242,
        "median": -0.207440137863,
        "min": -1.60063254833,
        "var": 8.22601222992
    },
    "erbbands_skewness": {
        "dmean": 0.320313453674,
        "dmean2": 0.471626520157,
        "dvar": 0.13216163218,
        "dvar2": 0.256752938032,
        "max": 3.35082650185,
        "mean": -0.100448906422,
        "median": -0.0884780436754,
        "min": -4.55614709854,
        "var": 0.602405428886
    },
    "erbbands_spread": {
        "dmean": 8.68374061584,
        "dmean2": 12.7530355453,
        "dvar": 112.007759094,
        "dvar2": 259.304931641,
        "max": 127.628875732,
        "mean": 44.4750823975,
        "median": 41.5493545532,
        "min": 3.26544690132,
        "var": 455.163726807
    },
    "hfc": {
        "dmean": 9.19381141663,
        "dmean2": 12.6674022675,
        "dvar": 218.625411987,
        "dvar2": 373.812286377,
        "max": 171.78503418,
        "mean": 37.1388816833,
        "median": 34.134601593,
        "min": 1.10877453211e-16,
        "var": 853.022888184
    },
    "melbands_crest": {
        "dmean": 2.99499583244,
        "dmean2": 4.79478645325,
        "dvar": 7.9931306839,
        "dvar2": 20.8723049164,
        "max": 29.9582138062,
        "mean": 14.2817182541,
        "median": 13.9180421829,
        "min": 1.7382787466,
        "var": 21.1658821106
    },
    "melbands_flatness_db": {
        "dmean": 0.0238150861114,
        "dmean2": 0.0355057269335,
        "dvar": 0.000626851455308,
        "dvar2": 0.00131783285178,
        "max": 0.422494620085,
        "mean": 0.170046135783,
        "median": 0.161423578858,
        "min": 0.00514371087775,
        "var": 0.00362697569653
    },
    "melbands_kurtosis": {
        "dmean": 6.98137378693,
        "dmean2": 11.0461215973,
        "dvar": 142.263931274,
        "dvar2": 352.404083252,
        "max": 173.063735962,
        "mean": 13.0692186356,
        "median": 6.60197162628,
        "min": -1.68164288998,
        "var": 325.867126465
    },
    "melbands_skewness": {
        "dmean": 0.736296832561,
        "dmean2": 1.12059473991,
        "dvar": 0.77600312233,
        "dvar2": 1.77440500259,
        "max": 9.78836917877,
        "mean": 2.73615336418,
        "median": 2.3962264061,
        "min": -5.03048849106,
        "var": 3.04845881462
    },
    "melbands_spread": {
        "dmean": 9.64960193634,
        "dmean2": 14.7716989517,
        "dvar": 263.808868408,
        "dvar2": 589.44708252,
        "max": 241.813354492,
        "mean": 32.4546546936,
        "median": 28.9500160217,
        "min": 1.14983391762,
        "var": 545.927124023
    },
    "pitch_salience": {
        "dmean": 0.0629635080695,
        "dmean2": 0.102555267513,
        "dvar": 0.00398305617273,
        "dvar2": 0.00979703478515,
        "max": 0.971013128757,
        "mean": 0.552018105984,
        "median": 0.54964864254,
        "min": 0.188564866781,
        "var": 0.0126095637679
    },
    "silence_rate_20dB": {
        "dmean": 0,
        "dmean2": 0,
        "dvar": 0,
        "dvar2": 0,
        "max": 1,
        "mean": 1,
        "median": 1,
        "min": 1,
        "var": 0
    },
    "silence_rate_30dB": {
        "dmean": 0.00308880303055,
        "dmean2": 0.00618238002062,
        "dvar": 0.00307925860398,
        "dvar2": 0.00923528149724,
        "max": 1,
        "mean": 0.998456776142,
        "median": 1,
        "min": 0,
        "var": 0.00154083070811
    },
    "silence_rate_60dB": {
        "dmean": 0.00926640909165,
        "dmean2": 0.0185471400619,
        "dvar": 0.00918050855398,
        "dvar2": 0.0212939623743,
        "max": 1,
        "mean": 0.107253089547,
        "median": 0,
        "min": 0,
        "var": 0.0957515612245
    },
    "spectral_centroid": {
        "dmean": 283.967803955,
        "dmean2": 425.996429443,
        "dvar": 207297.203125,
        "dvar2": 284419.875,
        "max": 11348.9189453,
        "mean": 1728.35644531,
        "median": 1640.26098633,
        "min": 221.37689209,
        "var": 698508.8125
    },
    "spectral_complexity": {
        "dmean": 3.76216220856,
        "dmean2": 5.76197814941,
        "dvar": 15.4662647247,
        "dvar2": 31.4673061371,
        "max": 55,
        "mean": 25.7561721802,
        "median": 27,
        "min": 0,
        "var": 224.784164429
    },
    "spectral_decrease": {
        "dmean": 2.65809130262e-09,
        "dmean2": 4.45666792359e-09,
        "dvar": 2.27147286909e-17,
        "dvar2": 6.1166982126e-17,
        "max": -3.1675312387e-29,
        "mean": -8.87865958532e-09,
        "median": -8.91263773894e-09,
        "min": -4.34671001415e-08,
        "var": 3.84403304537e-17
    },
    "spectral_energy": {
        "dmean": 0.0103844078258,
        "dmean2": 0.0173537638038,
        "dvar": 0.000331123097567,
        "dvar2": 0.000890015158802,
        "max": 0.16937482357,
        "mean": 0.0368786714971,
        "median": 0.0374177023768,
        "min": 1.01764654185e-20,
        "var": 0.000598392158281
    },
    "spectral_energyband_high": {
        "dmean": 0.00096933968598,
        "dmean2": 0.00126791372895,
        "dvar": 3.41363556799e-06,
        "dvar2": 5.76439106226e-06,
        "max": 0.0208643432707,
        "mean": 0.00235264468938,
        "median": 0.00110151525587,
        "min": 7.67811016557e-21,
        "var": 1.0789879525e-05
    },
    "spectral_energyband_low": {
        "dmean": 0.00737002957612,
        "dmean2": 0.0124854585156,
        "dvar": 0.000311302370392,
        "dvar2": 0.00084504915867,
        "max": 0.144837468863,
        "mean": 0.0152536481619,
        "median": 0.0122263655066,
        "min": 8.95889892527e-23,
        "var": 0.000310958537739
    },
    "spectral_energyband_middle_high": {
        "dmean": 0.00178898498416,
        "dmean2": 0.00269592157565,
        "dvar": 4.93081233799e-06,
        "dvar2": 1.05605331555e-05,
        "max": 0.0295676607639,
        "mean": 0.00797403696924,
        "median": 0.00741337565705,
        "min": 1.45392684046e-21,
        "var": 4.14958230976e-05
    },
    "spectral_energyband_middle_low": {
        "dmean": 0.0047261249274,
        "dmean2": 0.00773902051151,
        "dvar": 5.85378038522e-05,
        "dvar2": 0.000158484559506,
        "max": 0.0913262814283,
        "mean": 0.0124884210527,
        "median": 0.0108007509261,
        "min": 3.01908503756e-22,
        "var": 0.000121734403365
    },
    "spectral_entropy": {
        "dmean": 0.138103663921,
        "dmean2": 0.181729122996,
        "dvar": 0.0258724782616,
        "dvar2": 0.0412372611463,
        "max": 9.79023742676,
        "mean": 7.88846921921,
        "median": 7.92203330994,
        "min": 5.87232160568,
        "var": 0.168268382549
    },
    "spectral_flux": {
        "dmean": 0.0248176641762,
        "dmean2": 0.0397200398147,
        "dvar": 0.0010711948853,
        "dvar2": 0.00223079579882,
        "max": 0.373441338539,
        "mean": 0.0946278125048,
        "median": 0.0925160646439,
        "min": 1.00878465303e-10,
        "var": 0.00289090443403
    },
    "spectral_kurtosis": {
        "dmean": 0.938627839088,
        "dmean2": 1.44186222553,
        "dvar": 1.1155769825,
        "dvar2": 2.57463765144,
        "max": 14.1748447418,
        "mean": 3.00048160553,
        "median": 2.80356454849,
        "min": -1.23001003265,
        "var": 4.10816431046
    },
    "spectral_rms": {
        "dmean": 0.00075293588452,
        "dmean2": 0.00121892220341,
        "dvar": 1.15894010833e-06,
        "dvar2": 3.00400824926e-06,
        "max": 0.0128547167405,
        "mean": 0.00553089845926,
        "median": 0.00604194262996,
        "min": 3.15091399153e-12,
        "var": 5.38836002306e-06
    },
    "spectral_rolloff": {
        "dmean": 738.864074707,
        "dmean2": 1155.72155762,
        "dvar": 1914131,
        "dvar2": 3176401.75,
        "max": 18238.6230469,
        "mean": 2287.08691406,
        "median": 1679.58984375,
        "min": 86.1328125,
        "var": 5286156.5
    },
    "spectral_skewness": {
        "dmean": 0.17701844871,
        "dmean2": 0.260025441647,
        "dvar": 0.035690497607,
        "dvar2": 0.06630987674,
        "max": 2.91460561752,
        "mean": 1.31342697144,
        "median": 1.32007813454,
        "min": -0.27624258399,
        "var": 0.185384258628
    },
    "spectral_spread": {
        "dmean": 666610.9375,
        "dmean2": 850606,
        "dvar": 1.21480216576e+12,
        "dvar2": 1.22262873702e+12,
        "max": 42510716,
        "mean": 5444270,
        "median": 5044347,
        "min": 2326920.75,
        "var": 4.11860520141e+12
    },
    "spectral_strongpeak": {
        "dmean": 0.456804215908,
        "dmean2": 0.80051201582,
        "dvar": 0.78094959259,
        "dvar2": 2.00829958916,
        "max": 9.65123462677,
        "mean": 0.784625947475,
        "median": 0.385057687759,
        "min": 0,
        "var": 1.23008549213
    },
    "zerocrossingrate": {
        "dmean": 0.0160718057305,
        "dmean2": 0.0174426585436,
        "dvar": 0.000637879187707,
        "dvar2": 0.000668063061312,
        "max": 0.4970703125,
        "mean": 0.0837458893657,
        "median": 0.06884765625,
        "min": 0.009765625,
        "var": 0.00318623916246
    },
    "barkbands": {
        "dmean": [0.00015029599308, 0.00475919805467, 0.00304617080837, 0.00141109747346, 0.0029321894981, 0.000703166238964, 0.00083473068662, 0.00061258894857, 0.000919083249755, 0.000479076086776, 0.000392417248804, 0.000440989650087, 0.000458405964309, 0.000625243585091, 0.000514777260832, 0.000408219231758, 0.000272502336884, 0.000159328221343, 0.00017791747814, 0.000211053993553, 0.000163218821399, 0.000217050343053, 0.000211980513996, 0.000308047514409, 0.000150316787767, 7.1665388532e-05, 9.99636640131e-09],
        "dmean2": [0.000216152300709, 0.00790568627417, 0.0052622416988, 0.00241300649941, 0.0049291215837, 0.00107028183993, 0.00137327052653, 0.000918243196793, 0.00139641738497, 0.000763457268476, 0.000615961791482, 0.000684895610902, 0.000694009126164, 0.000979706179351, 0.000815505103674, 0.000670066627208, 0.00044624551083, 0.000258413085248, 0.000294790312182, 0.000327521149302, 0.000252544879913, 0.000327070156345, 0.000315812707413, 0.00041160103865, 0.00019873130077, 9.18658988667e-05, 1.72414864608e-08],
        "dvar": [1.40828149142e-07, 0.000165004486917, 3.70657071471e-05, 5.58185092814e-06, 3.72363210772e-05, 1.92034303836e-06, 2.82407449959e-06, 2.44003058469e-06, 3.22972914546e-06, 1.05739002265e-06, 6.64916115056e-07, 1.18496154755e-06, 8.10932419881e-07, 1.33493108478e-06, 1.12225620796e-06, 6.12606640971e-07, 1.27406821093e-07, 7.0575083555e-08, 5.60302453323e-08, 2.13344179656e-07, 8.1678173558e-08, 2.31274583484e-07, 2.30833805404e-07, 6.32886440144e-07, 1.18359466228e-07, 1.80706472008e-08, 7.97942252824e-16],
        "dvar2": [3.07479666617e-07, 0.00044472789159, 0.000104783379356, 1.52526827151e-05, 0.000102277939732, 4.07718289352e-06, 7.06046512278e-06, 4.68859616376e-06, 7.03377054379e-06, 2.59775220002e-06, 1.42183444041e-06, 2.77650315184e-06, 1.81588018222e-06, 3.04501213577e-06, 2.95630889013e-06, 1.4703296074e-06, 3.31021936972e-07, 1.75707086214e-07, 1.4454610664e-07, 4.34850534248e-07, 1.66041701277e-07, 5.04278716562e-07, 4.95328094985e-07, 1.10274970666e-06, 2.30574940474e-07, 3.07452410198e-08, 2.11665931398e-15],
        "max": [0.00586973503232, 0.110634602606, 0.067699663341, 0.0282490197569, 0.0781305506825, 0.0197914186865, 0.0210665874183, 0.0314352139831, 0.022316776216, 0.0141491629183, 0.0147480536252, 0.0218733604997, 0.0149590587243, 0.0159901306033, 0.0142727233469, 0.0128903761506, 0.00396408513188, 0.00590014876798, 0.00295102619566, 0.0136473551393, 0.00596606591716, 0.00730728777125, 0.00638746190816, 0.0139583675191, 0.00603760266677, 0.00179046799894, 4.29525641721e-07],
        "mean": [0.000230205972912, 0.00807032361627, 0.00587657513097, 0.00227128411643, 0.0041951877065, 0.00130005471874, 0.00123993318994, 0.00118607620243, 0.00203726789914, 0.000871170544997, 0.000868310686201, 0.000855930964462, 0.000764034339227, 0.00118483626284, 0.00100892840419, 0.000893582066055, 0.000648973276839, 0.000372211128706, 0.000438324845163, 0.000443117343821, 0.000359221477993, 0.000418932992034, 0.000384858372854, 0.000562711677048, 0.000278224732028, 0.000118411320727, 8.86082407447e-09],
        "median": [6.41127262497e-05, 0.00420629279688, 0.00439971033484, 0.00126334838569, 0.00163365248591, 0.000531300902367, 0.000547775591258, 0.000229137018323, 0.000640660873614, 0.000366856344044, 0.000205638614716, 0.000339296035236, 0.000314751669066, 0.000530700432137, 0.00042878993554, 0.000549811986275, 0.000451362982858, 0.000289494579192, 0.000321536441334, 0.000286441703793, 0.000224446761422, 0.000177736394107, 0.000124359561596, 0.00014135807578, 7.31596592232e-05, 2.42065943894e-05, 1.3261135523e-09],
        "min": [5.33717981815e-23, 2.11272601419e-23, 3.58161436533e-23, 2.13404987109e-23, 3.69071288189e-23, 4.37468053027e-23, 8.43665912206e-23, 1.92005431115e-23, 7.0515758825e-23, 5.19249831051e-23, 1.02847153606e-22, 1.17965174294e-22, 8.12045716552e-23, 1.55497459603e-22, 1.72533876417e-22, 4.56189394693e-23, 2.2433707202e-22, 1.78132415951e-22, 2.2169127041e-22, 2.29341908526e-22, 3.09007545083e-22, 5.30701794232e-22, 6.75265944611e-22, 7.76238171483e-22, 1.33307365271e-21, 1.65502906844e-21, 2.40695946931e-21],
        "var": [2.25779544394e-07, 0.00015345151769, 4.61663257738e-05, 8.72318105394e-06, 4.5110587962e-05, 5.27744168721e-06, 4.48705031886e-06, 1.38954837894e-05, 1.22967494463e-05, 2.01219381779e-06, 3.74007436221e-06, 3.24419397657e-06, 1.79353571639e-06, 3.01665977531e-06, 2.54003634836e-06, 1.3441426745e-06, 4.23707945174e-07, 1.60779379144e-07, 1.80105786285e-07, 4.21443957066e-07, 2.08198287055e-07, 4.82530083445e-07, 4.62532540269e-07, 1.71544945715e-06, 2.75750124956e-07, 4.44012222545e-08, 6.74491859443e-16]
    },
    "erbbands": {
        "dmean": [0.103982061148, 1.21099662781, 3.47118186951, 3.88665699959, 8.13374423981, 10.7930316925, 6.0052728653, 6.1031961441, 9.65789031982, 14.6547060013, 11.4540166855, 19.5471382141, 18.3193225861, 15.1044797897, 15.1268100739, 16.3775615692, 17.5689430237, 27.2747402191, 27.9573001862, 20.3302879333, 21.8763580322, 14.7069740295, 8.87047195435, 9.65793514252, 7.84037303925, 10.1707324982, 7.25815868378, 6.17463779449, 7.54378461838, 7.00727272034, 6.2688703537, 6.6450047493, 4.95724201202, 2.13330388069, 0.937168300152, 0.434657365084, 0.108725480735, 0.00966420397162, 0.000188517034985, 1.93808846234e-05],
        "dmean2": [0.16429643333, 2.07000494003, 6.02605867386, 6.53635311127, 13.5235490799, 18.1878204346, 9.84462165833, 9.79351615906, 15.9951553345, 22.874830246, 17.6485214233, 30.0307121277, 28.783416748, 23.7466697693, 22.9706039429, 25.3552112579, 26.5914707184, 41.6622505188, 44.8315467834, 30.594367981, 35.1303749084, 24.0124378204, 14.2577323914, 16.1644096375, 12.939748764, 15.7914123535, 11.1745109558, 9.61376094818, 11.2721261978, 10.5818347931, 9.24293136597, 9.33743095398, 6.82342195511, 2.91065049171, 1.27278721333, 0.577408134937, 0.140800505877, 0.012558825314, 0.000239590881392, 2.81621269096e-05],
        "dvar": [0.088111564517, 10.8005113602, 54.7802467346, 44.8079986572, 310.620697021, 508.215911865, 150.494110107, 180.013809204, 403.405395508, 1054.10205078, 715.512634277, 1658.65576172, 1396.48510742, 950.928405762, 916.14654541, 1506.9564209, 1187.92492676, 3161.06054688, 2656.12084961, 2199.11767578, 1336.51550293, 376.828887939, 244.943603516, 176.967102051, 145.289993286, 527.899719238, 215.04800415, 120.320526123, 264.897583008, 230.304397583, 214.498764038, 274.413696289, 191.005050659, 28.2085838318, 3.97593140602, 0.725510001183, 0.0444800928235, 0.000375348638045, 1.29286789274e-07, 8.39736113978e-10],
        "dvar2": [0.20841948688, 30.2841682434, 157.093994141, 127.725257874, 837.569580078, 1418.3034668, 357.863922119, 422.047973633, 1056.60632324, 2312.46386719, 1476.85253906, 3795.421875, 3374.87719727, 2530.0402832, 1933.6529541, 3370.68774414, 2471.66064453, 7072.84375, 6694.43652344, 4047.98193359, 3060.88256836, 962.018737793, 564.765258789, 452.169342041, 344.305725098, 1024.06555176, 391.395141602, 274.523193359, 585.093444824, 478.717071533, 469.503479004, 516.192077637, 351.057769775, 60.1739234924, 7.1989607811, 1.29211628437, 0.0774199813604, 0.000671325426083, 2.23790081577e-07, 1.67178093591e-09],
        "max": [2.73056316376, 28.8625125885, 65.4955978394, 95.5538711548, 232.598434448, 216.53553772, 181.716339111, 200.186660767, 357.339569092, 664.359985352, 595.47845459, 527.933837891, 552.863952637, 434.224822998, 506.47668457, 1002.46533203, 623.92199707, 919.582946777, 505.957061768, 1462.42773438, 716.263244629, 255.272140503, 410.019317627, 179.67666626, 198.220596313, 686.524841309, 403.983001709, 157.273300171, 238.300521851, 207.571762085, 206.510910034, 211.983901978, 237.790710449, 101.247047424, 25.4090766907, 12.3598241806, 2.53047370911, 0.205403581262, 0.00416395487264, 0.000280628184555],
        "mean": [0.159319102764, 2.07259941101, 6.86507987976, 7.08643388748, 11.8416013718, 14.8824977875, 9.69487953186, 10.9508943558, 14.7557325363, 24.510099411, 25.0314865112, 40.8757247925, 39.1772346497, 30.7162303925, 35.4690132141, 34.6760902405, 36.0382957458, 55.4791488647, 54.6689758301, 49.6916007996, 52.8758087158, 37.0583724976, 22.7983283997, 24.3021736145, 19.2019805908, 21.7680130005, 15.9559164047, 13.4104528427, 14.4346952438, 13.1443071365, 11.1327724457, 11.7017211914, 9.06669139862, 3.96838450432, 1.57687449455, 0.720180392265, 0.174393355846, 0.0143025964499, 0.000318796810461, 6.47437846055e-05],
        "median": [0.0802081525326, 1.23238325119, 5.41512012482, 5.10961818695, 5.46139526367, 5.59715747833, 4.2261428833, 4.40624141693, 7.34966564178, 8.98534011841, 7.55733203888, 14.5683526993, 15.2203426361, 16.0961799622, 12.7445774078, 15.0404891968, 17.0946731567, 23.5349311829, 28.0565261841, 23.4693527222, 34.0918426514, 27.6441249847, 18.2932434082, 16.4139671326, 14.5161466599, 13.8297328949, 10.4751796722, 7.78154850006, 6.54311466217, 4.82934904099, 3.3122549057, 2.82231855392, 2.1602807045, 1.05836558342, 0.399965286255, 0.167085677385, 0.0308234170079, 0.00180464191362, 7.04785925336e-05, 5.61412816751e-05],
        "min": [5.47350217698e-22, 6.00303105495e-21, 3.33184990315e-20, 6.42554222949e-20, 6.17936100073e-20, 1.34071747203e-19, 1.72474783289e-19, 5.53633948536e-19, 7.49956581529e-19, 1.16577055609e-18, 5.19652076502e-19, 1.83143371088e-18, 2.05964725842e-18, 1.30231005448e-18, 5.93919402126e-18, 4.60266371164e-18, 4.48080801329e-18, 8.45642870235e-18, 6.61221711895e-18, 6.25962807413e-18, 3.79295563516e-18, 1.04098595595e-17, 1.03481477499e-17, 1.24145838864e-17, 1.08521745397e-17, 1.05259460866e-17, 1.23114584522e-17, 1.11990419762e-17, 1.69480655203e-17, 2.13074446604e-17, 2.25236350802e-17, 1.64772740203e-17, 1.25309706801e-17, 1.37276338471e-17, 1.05725370346e-17, 6.65929734429e-18, 2.89215863643e-18, 1.47314559844e-18, 3.39367286515e-19, 3.28459301013e-20],
        "var": [0.0975202098489, 9.1024017334, 58.2767410278, 63.2380447388, 408.210784912, 622.364318848, 265.999603271, 418.609191895, 551.292724609, 2701.70263672, 4164.78564453, 4702.73583984, 5044.00830078, 1949.02270508, 4735.72265625, 4416.99316406, 3273.2878418, 7377.15283203, 5501.11669922, 8405.04101562, 3902.66430664, 1304.28881836, 580.582397461, 616.716247559, 365.838745117, 1075.55944824, 555.76550293, 279.418060303, 546.333984375, 515.18951416, 413.898773193, 648.566589355, 485.385894775, 60.3650970459, 9.03188514709, 1.73138618469, 0.103189021349, 0.000794494117144, 3.00027181765e-07, 2.4083768313e-09]
    },
    "gfcc": {
        "mean": [16.9671421051, 69.3124389648, -114.548118591, 44.9150047302, -55.5050354004, 27.7795524597, -42.6778640747, 14.3159542084, -24.713098526, 4.38208818436, -21.8603992462, -3.25478482246, -11.7924346924],
        "cov": [[16573.1035156, 622.60333252, -466.686279297, -44.2299728394, -279.476196289, 402.901763916, 143.429702759, 318.770690918, -36.0227508545, 31.1035766602, -194.027618408, -33.8437042236, -145.787841797], [622.60333252, 1709.10327148, -260.883544922, 7.42048120499, 335.550994873, -113.498802185, 204.826400757, 16.5855808258, 91.5863647461, -103.757011414, 32.1818389893, -144.748199463, 74.6387634277], [-466.686279297, -260.883544922, 1074.1784668, 339.569580078, 18.0641403198, 56.19090271, -65.1509017944, 27.1427841187, -17.3251132965, 71.381980896, -94.2019805908, 17.2375183105, -61.6264038086], [-44.2299728394, 7.42048120499, 339.569580078, 425.782684326, 85.1148834229, -0.461820095778, 16.3951778412, 18.2462234497, 24.6324825287, 12.3649654388, -26.1764659882, -26.0363903046, -8.65859889984], [-279.476196289, 335.550994873, 18.0641403198, 85.1148834229, 320.348510742, 40.3912620544, 81.2103652954, 52.3198852539, 13.8378925323, -6.8703660965, -9.80147171021, -33.5029525757, 1.03923726082], [402.901763916, -113.498802185, 56.19090271, -0.461820095778, 40.3912620544, 194.710037231, 52.6788482666, 32.5512504578, -11.7961330414, 2.38975071907, 0.77791172266, 13.4200592041, -27.2444553375], [143.429702759, 204.826400757, -65.1509017944, 16.3951778412, 81.2103652954, 52.6788482666, 200.54548645, 52.8839111328, 5.19677305222, -13.6609659195, 15.7334470749, -3.96216106415, -3.74582457542], [318.770690918, 16.5855808258, 27.1427841187, 18.2462234497, 52.3198852539, 32.5512504578, 52.8839111328, 169.863143921, 41.6057510376, 5.42329406738, -29.2451343536, -27.6393680573, -3.49873161316], [-36.0227508545, 91.5863647461, -17.3251132965, 24.6324825287, 13.8378925323, -11.7961330414, 5.19677305222, 41.6057510376, 124.30381012, 25.4315547943, -3.86729764938, -35.3679466248, 2.40669465065], [31.1035766602, -103.757011414, 71.381980896, 12.3649654388, -6.8703660965, 2.38975071907, -13.6609659195, 5.42329406738, 25.4315547943, 87.6872253418, 15.5981206894, 3.52486085892, -15.5906610489], [-194.027618408, 32.1818389893, -94.2019805908, -26.1764659882, -9.80147171021, 0.77791172266, 15.7334470749, -29.2451343536, -3.86729764938, 15.5981206894, 102.196281433, 24.3750610352, 22.4151878357], [-33.8437042236, -144.748199463, 17.2375183105, -26.0363903046, -33.5029525757, 13.4200592041, -3.96216106415, -27.6393680573, -35.3679466248, 3.52486085892, 24.3750610352, 107.404273987, 13.0952653885], [-145.787841797, 74.6387634277, -61.6264038086, -8.65859889984, 1.03923726082, -27.2444553375, -3.74582457542, -3.49873161316, 2.40669465065, -15.5906610489, 22.4151878357, 13.0952653885, 68.3266983032]],
        "icov": [[9.53039852902e-05, -0.000181837356649, 0.000147689308506, -0.000156211215653, 0.000326441018842, -0.000349280686351, 0.000151319050929, -0.000269231502898, 0.000250226148637, -0.000359935074812, 0.000335884658853, -0.000201621965971, 0.000203177303774], [-0.000181837356649, 0.00164001993835, -0.000450640363852, 0.000707504514139, -0.00180963543244, 0.00163470243569, -0.00147434952669, 0.00120473781135, -0.00138602766674, 0.00211124657653, -0.00123946892563, 0.00179071584716, -0.00124212005176], [0.000147689308506, -0.000450640363852, 0.00191128521692, -0.00159986421932, 0.000781369919423, -0.00112332229037, 0.000951067369897, -0.000728699844331, 0.00111011241097, -0.00207891967148, 0.00192481884733, -0.00114353536628, 0.000957789015956], [-0.000156211215653, 0.000707504514139, -0.00159986421932, 0.00397112779319, -0.00166059867479, 0.00134991446976, -0.00115477957297, 0.00100365024991, -0.00147384742741, 0.00161708856467, -0.00112206768245, 0.00148976733908, -0.000990828615613], [0.000326441018842, -0.00180963543244, 0.000781369919423, -0.00166059867479, 0.0060879974626, -0.00266593159176, 0.000392194720916, -0.00205603591166, 0.0019179075025, -0.00264799781144, 0.00197434611619, -0.000972976384219, 0.000795262749307], [-0.000349280686351, 0.00163470243569, -0.00112332229037, 0.00134991446976, -0.00266593159176, 0.00837341509759, -0.00266996142454, 0.000470881699584, -0.00119019986596, 0.00290862633847, -0.00257959146984, 0.000684347585775, 0.00130471866578], [0.000151319050929, -0.00147434952669, 0.000951067369897, -0.00115477957297, 0.000392194720916, -0.00266996142454, 0.00808122847229, -0.00298665091395, 0.00134441582486, -0.000672167632729, -0.000553057645448, -0.00206941948272, 0.0022417253349], [-0.000269231502898, 0.00120473781135, -0.000728699844331, 0.00100365024991, -0.00205603591166, 0.000470881699584, -0.00298665091395, 0.00909091625363, -0.00337997684255, 0.00100962049328, 0.00125367625151, 0.00229013781063, -0.00240051210858], [0.000250226148637, -0.00138602766674, 0.00111011241097, -0.00147384742741, 0.0019179075025, -0.00119019986596, 0.00134441582486, -0.00337997684255, 0.0119448145851, -0.00567664485425, 0.00161974143703, 0.00138524046633, -0.000253548903856], [-0.000359935074812, 0.00211124657653, -0.00207891967148, 0.00161708856467, -0.00264799781144, 0.00290862633847, -0.000672167632729, 0.00100962049328, -0.00567664485425, 0.0183185432106, -0.00664503639564, 0.00119927618653, 0.00280045508407], [0.000335884658853, -0.00123946892563, 0.00192481884733, -0.00112206768245, 0.00197434611619, -0.00257959146984, -0.000553057645448, 0.00125367625151, 0.00161974143703, -0.00664503639564, 0.0155558921397, -0.00326820113696, -0.00341039919294], [-0.000201621965971, 0.00179071584716, -0.00114353536628, 0.00148976733908, -0.000972976384219, 0.000684347585775, -0.00206941948272, 0.00229013781063, 0.00138524046633, 0.00119927618653, -0.00326820113696, 0.014015099965, -0.0043265260756], [0.000203177303774, -0.00124212005176, 0.000957789015956, -0.000990828615613, 0.000795262749307, 0.00130471866578, 0.0022417253349, -0.00240051210858, -0.000253548903856, 0.00280045508407, -0.00341039919294, -0.0043265260756, 0.0202683303505]]
    },
    "melbands": {
        "dmean": [0.00111914903391, 0.00173901696689, 0.000737172143999, 0.000728741695639, 0.000242728521698, 0.000133484296384, 0.000155958463438, 0.000157765010954, 0.000101209305285, 0.000125666148961, 9.29387460928e-05, 6.44393730909e-05, 5.48677853658e-05, 4.90442253067e-05, 4.67094505439e-05, 4.66281453555e-05, 5.53452955501e-05, 5.09161109221e-05, 3.41965242114e-05, 2.53637117567e-05, 2.74305493804e-05, 1.67178313859e-05, 1.32020968522e-05, 7.22269578546e-06, 8.94548247743e-06, 6.39914105705e-06, 7.12073688192e-06, 7.2338721111e-06, 5.04262516188e-06, 4.37217022409e-06, 3.77420838049e-06, 4.15283966504e-06, 5.31712839802e-06, 3.53122936758e-06, 3.44675436281e-06, 4.53750044471e-06, 4.23141500505e-06, 3.97022677134e-06, 3.00624174088e-06, 1.50820801537e-06],
        "dmean2": [0.00183356879279, 0.00301522831433, 0.00124203390442, 0.00122775754426, 0.000394373812014, 0.000210446858546, 0.000257544365013, 0.000243844449869, 0.000159114599228, 0.000192638704902, 0.000146197489812, 0.00010142098472, 8.41200453578e-05, 7.56107401685e-05, 7.39123570384e-05, 6.99506563251e-05, 8.51560107549e-05, 8.22655856609e-05, 5.4223331972e-05, 4.0541166527e-05, 4.43918506789e-05, 2.7960353691e-05, 2.13195489778e-05, 1.16993705888e-05, 1.50060550368e-05, 1.06338293335e-05, 1.15319689939e-05, 1.14265858429e-05, 7.94501193013e-06, 7.05391721567e-06, 5.8939790506e-06, 6.30568138149e-06, 8.31726629258e-06, 5.44313888895e-06, 5.1776496548e-06, 6.7751361712e-06, 5.98085944148e-06, 5.55592623641e-06, 4.2139404286e-06, 2.14348301597e-06],
        "dvar": [9.6974963526e-06, 1.64298307936e-05, 1.46011382185e-06, 2.42092278313e-06, 2.10123459965e-07, 7.9241821993e-08, 9.74291509692e-08, 1.23890188775e-07, 5.54018342314e-08, 6.26983691632e-08, 3.63287817606e-08, 1.75921801571e-08, 1.2548311723e-08, 2.06051886664e-08, 9.20049636477e-09, 9.83774661734e-09, 1.33244428824e-08, 8.85058693001e-09, 4.60673410529e-09, 2.75968936592e-09, 2.43337305861e-09, 5.24010501657e-10, 4.19647400163e-10, 1.42721626184e-10, 1.52800022635e-10, 7.44783609785e-11, 2.1253353244e-10, 2.97002006322e-10, 1.18686255268e-10, 4.88199272675e-11, 4.78492696854e-11, 7.39253241955e-11, 1.55492868581e-10, 5.63240218354e-11, 6.12987924309e-11, 1.24646640232e-10, 1.15760401265e-10, 1.21782889329e-10, 7.863894258e-11, 1.25946180568e-11],
        "dvar2": [2.50743796641e-05, 4.6842123993e-05, 4.03332251153e-06, 6.6900188358e-06, 5.3178843018e-07, 1.80461071864e-07, 2.54281530943e-07, 2.63365109276e-07, 1.21639757822e-07, 1.40463242815e-07, 8.77848478353e-08, 4.62040539162e-08, 2.55260665938e-08, 4.7114056656e-08, 2.22372396053e-08, 1.96768841221e-08, 3.06405709694e-08, 2.1812313733e-08, 1.06457545002e-08, 5.30278221333e-09, 5.46844569627e-09, 1.35695576997e-09, 1.01073815983e-09, 3.44147488285e-10, 3.97815946851e-10, 1.89716992116e-10, 5.1187637462e-10, 5.56029222665e-10, 2.25645765961e-10, 1.13322122519e-10, 1.11689983651e-10, 1.69692759844e-10, 3.47992801242e-10, 1.17730158955e-10, 1.40239805879e-10, 2.7602303776e-10, 2.0706444892e-10, 2.40588243772e-10, 1.71456543407e-10, 2.79716822621e-11],
        "max": [0.027757756412, 0.0355363376439, 0.0136346183717, 0.019821356982, 0.00511357840151, 0.00386124383658, 0.00492893345654, 0.0072530019097, 0.00477898260579, 0.0028511248529, 0.00276187318377, 0.00184498447925, 0.00212777405977, 0.00332205696031, 0.00128210452385, 0.002026719274, 0.00190681277309, 0.000978813855909, 0.00110670109279, 0.00161718402524, 0.00108460977208, 0.000275455240626, 0.00037425008486, 0.000260051223449, 0.000144270365126, 0.000141389944474, 0.000372809387045, 0.000485075201141, 0.000286763272015, 8.4971281467e-05, 9.98956165859e-05, 0.00012968624651, 0.000159242525115, 0.000101610705315, 0.000124289144878, 0.000130720858579, 0.000175371649675, 0.000168686558027, 0.000141703567351, 6.45247928333e-05],
        "mean": [0.00184646761045, 0.0034187878482, 0.00138972327113, 0.0010510769207, 0.000384246057365, 0.000243007554673, 0.000237214873778, 0.000283727393253, 0.000211147591472, 0.000272259494523, 0.000193346160813, 0.000120793047245, 0.000128690488054, 8.96185956663e-05, 8.83427783265e-05, 8.35422688397e-05, 0.00010455782467, 9.16966528166e-05, 7.17710208846e-05, 5.70318152313e-05, 6.14163727732e-05, 3.82726539101e-05, 2.86474241875e-05, 1.63345521287e-05, 2.05209835258e-05, 1.44605928654e-05, 1.41613472806e-05, 1.43910419865e-05, 9.97447750706e-06, 8.68033203005e-06, 7.43300051909e-06, 7.52292135076e-06, 9.19279955269e-06, 6.41386714051e-06, 5.86200894759e-06, 7.2130069384e-06, 7.21102151147e-06, 6.70199688102e-06, 5.13917575518e-06, 2.68428493655e-06],
        "median": [0.000984632759355, 0.00277289864607, 0.00098829891067, 0.000422437005909, 0.000167234102264, 9.49934328673e-05, 0.000111173969344, 9.05489505385e-05, 5.94089178776e-05, 8.9311201009e-05, 7.10964668542e-05, 5.85444977332e-05, 3.65127707482e-05, 3.63371073036e-05, 3.66217573173e-05, 3.2201052818e-05, 4.22444391006e-05, 4.34315588791e-05, 2.93518078252e-05, 3.15274883178e-05, 3.76118405256e-05, 2.69115844276e-05, 1.91100480151e-05, 1.13366641017e-05, 1.33770081447e-05, 1.0699062841e-05, 9.33270894166e-06, 8.59122337715e-06, 6.24537960903e-06, 5.59232466912e-06, 3.82696316592e-06, 3.3590933981e-06, 3.33267735186e-06, 2.30194382311e-06, 1.80182701115e-06, 1.7355955606e-06, 1.65050005307e-06, 1.44220530274e-06, 1.29940849547e-06, 7.17111618087e-07],
        "min": [8.65088928923e-24, 1.46270210393e-23, 1.15521974252e-23, 5.74821957934e-24, 7.1107046361e-24, 1.06865069898e-23, 1.48180563293e-23, 1.14373597878e-23, 4.01232247994e-24, 1.19410206545e-23, 9.92063664683e-24, 4.1689058476e-24, 1.71448315459e-23, 1.4651398419e-23, 1.21969310764e-23, 7.9723789806e-24, 1.69296997107e-23, 8.18388757764e-24, 1.47923441969e-23, 3.52673204998e-24, 4.294434128e-24, 9.24875592524e-24, 1.34449240169e-23, 9.80020519673e-24, 1.02361100114e-23, 7.67300784479e-24, 7.97288385158e-24, 6.49322257925e-24, 8.78840352223e-24, 5.27707082598e-24, 6.42738977013e-24, 8.19101966909e-24, 1.26573781428e-23, 1.02335257031e-23, 1.33216692336e-23, 1.08366713963e-23, 9.95739756501e-24, 8.26596224394e-24, 8.9783935715e-24, 1.23538923085e-23],
        "var": [9.47403896134e-06, 1.51738386194e-05, 2.34300091506e-06, 2.91431092592e-06, 3.35225649906e-07, 1.95685032622e-07, 1.39755201189e-07, 4.43247927251e-07, 2.3388503223e-07, 2.07679946129e-07, 1.28673519839e-07, 3.24019495679e-08, 7.77881581371e-08, 4.70943106734e-08, 2.48879175047e-08, 2.31158825414e-08, 2.73376556947e-08, 1.81550348088e-08, 1.48876830863e-08, 8.9120018032e-09, 5.89747184421e-09, 1.52086843119e-09, 1.01701225219e-09, 3.29805460719e-10, 4.7792009239e-10, 2.010561162e-10, 3.3639438457e-10, 5.79359282771e-10, 2.87927182097e-10, 1.07912997982e-10, 1.01551204945e-10, 1.41377451413e-10, 2.93654378591e-10, 1.20413984339e-10, 1.11375929313e-10, 2.21275636703e-10, 2.86240586789e-10, 2.91656893081e-10, 1.46125389566e-10, 2.53527684957e-11]
    },
    "mfcc": {
        "mean": [-620.908630371, 93.3206710815, 4.43598985672, 20.9109287262, 13.4097614288, 11.0775880814, 1.99764370918, 4.52479553223, 4.79646205902, 5.70308589935, -1.39380776882, -0.996097207069, -2.98260951042],
        "cov": [[13361.4873047, 890.110534668, -389.02532959, -182.959457397, -166.693771362, 6.25826025009, 97.494392395, 235.802734375, 183.020462036, 133.619934082, 105.465591431, 27.2727565765, 25.412273407], [890.110534668, 1490.16333008, -367.495361328, 136.018585205, 56.9510269165, 2.02823662758, 115.656913757, 60.5603408813, 117.845695496, 15.0325202942, 34.0491333008, -10.8922128677, 43.788143158], [-389.02532959, -367.495361328, 927.084472656, 224.790969849, 116.848838806, 76.7756271362, -30.4504394531, -38.2281951904, 16.2264575958, 17.3493289948, -14.6034097672, 13.0390081406, -11.2052631378], [-182.959457397, 136.018585205, 224.790969849, 430.139709473, 114.359100342, 33.4833831787, 27.2141342163, 2.62247681618, 65.6465301514, 37.7930145264, -18.7541027069, 20.782787323, -3.94049119949], [-166.693771362, 56.9510269165, 116.848838806, 114.359100342, 230.968841553, 34.2714500427, 22.2115859985, 3.00603437424, 55.1636047363, 31.9411563873, 9.9942522049, -4.68310117722, -2.78802108765], [6.25826025009, 2.02823662758, 76.7756271362, 33.4833831787, 34.2714500427, 165.726043701, 43.3921737671, 21.5628070831, -20.7210597992, -10.6911649704, 28.7941513062, -9.62827777863, 3.93341851234], [97.494392395, 115.656913757, -30.4504394531, 27.2141342163, 22.2115859985, 43.3921737671, 187.785430908, 65.7556915283, 26.3751869202, -7.31583833694, 19.3272800446, 15.9349660873, 4.57458782196], [235.802734375, 60.5603408813, -38.2281951904, 2.62247681618, 3.00603437424, 21.5628070831, 65.7556915283, 132.085586548, 50.2898826599, -0.322323799133, 15.580414772, -3.13784837723, 12.1641721725], [183.020462036, 117.845695496, 16.2264575958, 65.6465301514, 55.1636047363, -20.7210597992, 26.3751869202, 50.2898826599, 134.721878052, 63.6700172424, 20.4497413635, 6.42531347275, -5.32058906555], [133.619934082, 15.0325202942, 17.3493289948, 37.7930145264, 31.9411563873, -10.6911649704, -7.31583833694, -0.322323799133, 63.6700172424, 113.123298645, 34.597328186, 12.5109205246, -19.1262359619], [105.465591431, 34.0491333008, -14.6034097672, -18.7541027069, 9.9942522049, 28.7941513062, 19.3272800446, 15.580414772, 20.4497413635, 34.597328186, 96.134552002, 15.3333826065, -0.435768097639], [27.2727565765, -10.8922128677, 13.0390081406, 20.782787323, -4.68310117722, -9.62827777863, 15.9349660873, -3.13784837723, 6.42531347275, 12.5109205246, 15.3333826065, 81.7226257324, 20.7665214539], [25.412273407, 43.788143158, -11.2052631378, -3.94049119949, -2.78802108765, 3.93341851234, 4.57458782196, 12.1641721725, -5.32058906555, -19.1262359619, -0.435768097639, 20.7665214539, 70.5239868164]],
