{
"lowlevel": {
    "average_loudness": 0.965707242489,
    "barkbands_crest": {
        "dmean": 3.03674578667,
        "dmean2": 5.07572078705,
        "dvar": 6.67946434021,
        "dvar2": 17.5080871582,
        "max": 23.0446109772,
        "mean": 10.0758123398,
        "median": 9.46846961975,
        "min": 2.87686705589,
        "var": 12.8784408569
    },
    "barkbands_flatness_db": {
        "dmean": 0.0228960886598,
        "dmean2": 0.0370009019971,
        "dvar": 0.000371865578927,
        "dvar2": 0.00103158783168,
        "max": 0.291128695011,
        "mean": 0.171344429255,
        "median": 0.171442136168,
        "min": 0.0748234242201,
        "var": 0.00103538797703
    },
    "barkbands_kurtosis": {
        "dmean": 2.34962320328,
        "dmean2": 3.89160275459,
        "dvar": 11.9076776505,
        "dvar2": 31.8569831848,
        "max": 54.7301254272,
        "mean": 3.1458170414,
        "median": 2.2982339859,
        "min": -1.77780032158,
        "var": 16.3715896606
    },
    "barkbands_skewness": {
        "dmean": 0.506210803986,
        "dmean2": 0.812310636044,
        "dvar": 0.237159788609,
        "dvar2": 0.634230971336,
        "max": 6.51424455643,
        "mean": 1.6034103632,
        "median": 1.5178347826,
        "min": -0.568133711815,
        "var": 0.564852356911
    },
    "barkbands_spread": {
        "dmean": 4.69706726074,
        "dmean2": 7.24367761612,
        "dvar": 27.667963028,
        "dvar2": 55.1728973389,
        "max": 92.8842163086,
        "mean": 20.5443344116,
        "median": 18.1349849701,
        "min": 3.62747550011,
        "var": 108.755371094
    },
    "dissonance": {
        "dmean": 0.0176220014691,
        "dmean2": 0.0290312059224,
        "dvar": 0.000227169963182,
        "dvar2": 0.000612029980402,
        "max": 0.499725848436,
        "mean": 0.459455311298,
        "median": 0.462931334972,
        "min": 0.334659963846,
        "var": 0.00053304375615
    },
    "dynamic_complexity": 1.48798274994,
    "erbbands_crest": {
        "dmean": 2.29280281067,
        "dmean2": 3.61941981316,
        "dvar": 4.3239402771,
        "dvar2": 10.4267606735,
        "max": 25.2014770508,
        "mean": 8.59167003632,
        "median": 7.92050790787,
        "min": 2.4023809433,
        "var": 12.4146995544
    },
    "erbbands_flatness_db": {
        "dmean": 0.0161137338728,
        "dmean2": 0.0230274014175,
        "dvar": 0.000218702669372,
        "dvar2": 0.000418604264269,
        "max": 0.304299712181,
        "mean": 0.188114538789,
        "median": 0.187957942486,
        "min": 0.0978856533766,
        "var": 0.00120154663455
    },
    "erbbands_kurtosis": {
        "dmean": 0.554019629955,
        "dmean2": 0.875597834587,
        "dvar": 0.426878899336,
        "dvar2": 1.07380950451,
        "max": 6.9263753891,
        "mean": -0.234179273248,
        "median": -0.491229057312,
        "min": -1.71994829178,
        "var": 1.02094769478
    },
    "erbbands_skewness": {
        "dmean": 0.280118972063,
        "dmean2": 0.424296110868,
        "dvar": 0.0620976053178,
        "dvar2": 0.135223731399,
        "max": 2.44881725311,
        "mean": 0.430198431015,
        "median": 0.459752261639,
        "min": -2.08447670937,
        "var": 0.300249159336
    },
    "erbbands_spread": {
        "dmean": 7.03529453278,
        "dmean2": 10.5675992966,
        "dvar": 50.5530128479,
        "dvar2": 108.882751465,
        "max": 106.63583374,
        "mean": 40.1633110046,
        "median": 38.9453125,
        "min": 9.89209270477,
        "var": 170.645141602
    },
    "hfc": {
        "dmean": 4.78416872025,
        "dmean2": 6.9950428009,
        "dvar": 40.5380096436,
        "dvar2": 70.2252426147,
        "max": 118.737037659,
        "mean": 22.4934692383,
        "median": 19.6173458099,
        "min": 0.00140966987237,
        "var": 195.281188965
    },
    "melbands_crest": {
        "dmean": 4.46862745285,
        "dmean2": 7.4759554863,
        "dvar": 14.605052948,
        "dvar2": 39.6331176758,
        "max": 31.4036369324,
        "mean": 14.6907253265,
        "median": 14.0031251907,
        "min": 4.25912857056,
        "var": 25.6137180328
    },
    "melbands_flatness_db": {
        "dmean": 0.0280967019498,
        "dmean2": 0.044290471822,
        "dvar": 0.00056293659145,
        "dvar2": 0.00150134728756,
        "max": 0.373026907444,
        "mean": 0.203634947538,
        "median": 0.203387081623,
        "min": 0.0748791620135,
        "var": 0.00186481245328
    },
    "melbands_kurtosis": {
        "dmean": 6.13305234909,
        "dmean2": 10.2016162872,
        "dvar": 100.505699158,
        "dvar2": 270.710418701,
        "max": 182.881027222,
        "mean": 10.6486978531,
        "median": 7.84152698517,
        "min": -0.977437973022,
        "var": 117.336578369
    },
    "melbands_skewness": {
        "dmean": 0.715108036995,
        "dmean2": 1.15580630302,
        "dvar": 0.553020238876,
        "dvar2": 1.4790943861,
        "max": 10.9560565948,
        "mean": 2.54511761665,
        "median": 2.33530044556,
        "min": 0.198984339833,
        "var": 1.14900779724
    },
    "melbands_spread": {
        "dmean": 5.73413515091,
        "dmean2": 9.01248645782,
        "dvar": 39.3522644043,
        "dvar2": 92.320930481,
        "max": 114.699234009,
        "mean": 20.0323886871,
        "median": 17.3725070953,
        "min": 2.15264773369,
        "var": 124.434440613
    },
    "pitch_salience": {
        "dmean": 0.0744790658355,
        "dmean2": 0.123160645366,
        "dvar": 0.00411016773432,
        "dvar2": 0.0114611880854,
        "max": 0.811183750629,
        "mean": 0.521539509296,
        "median": 0.519613027573,
        "min": 0.21611431241,
        "var": 0.00930333696306
    },
    "silence_rate_20dB": {
        "dmean": 0,
        "dmean2": 0,
        "dvar": 0,
        "dvar2": 0,
        "max": 1,
        "mean": 1,
        "median": 1,
        "min": 1,
        "var": 0
    },
    "silence_rate_30dB": {
        "dmean": 0.00309837330133,
        "dmean2": 0.00619914755225,
        "dvar": 0.00308876438066,
        "dvar2": 0.00926022883505,
        "max": 1,
        "mean": 0.998451411724,
        "median": 1,
        "min": 0,
        "var": 0.00154617591761
    },
    "silence_rate_60dB": {
        "dmean": 0.002323779976,
        "dmean2": 0.00464936066419,
        "dvar": 0.00231846119277,
        "dvar2": 0.00695273280144,
        "max": 1,
        "mean": 0.013937282376,
        "median": 0,
        "min": 0,
        "var": 0.0137433381751
    },
    "spectral_centroid": {
        "dmean": 217.704421997,
        "dmean2": 322.810821533,
        "dvar": 50332.9648438,
        "dvar2": 99029.921875,
        "max": 3956.20166016,
        "mean": 1327.06896973,
        "median": 1204.80883789,
        "min": 367.636627197,
        "var": 271656.09375
    },
    "spectral_complexity": {
        "dmean": 3.14872193336,
        "dmean2": 4.97636556625,
        "dvar": 9.34969043732,
        "dvar2": 18.9738903046,
        "max": 55,
        "mean": 22.4363136292,
        "median": 22,
        "min": 0,
        "var": 47.6171264648
    },
    "spectral_decrease": {
        "dmean": 3.42426331734e-09,
        "dmean2": 5.57018076108e-09,
        "dvar": 1.4613186114e-17,
        "dvar2": 4.08588047327e-17,
        "max": -1.83996860716e-13,
        "mean": -9.71225944113e-09,
        "median": -9.01944297027e-09,
        "min": -4.26500328388e-08,
        "var": 2.80620096366e-17
    },
    "spectral_energy": {
        "dmean": 0.0131692765281,
        "dmean2": 0.0213683247566,
        "dvar": 0.00021267530974,
        "dvar2": 0.000592009339016,
        "max": 0.163270324469,
        "mean": 0.0386964976788,
        "median": 0.0360146351159,
        "min": 8.2230553744e-07,
        "var": 0.000424380647019
    },
    "spectral_energyband_high": {
        "dmean": 0.000364907289622,
        "dmean2": 0.000503769959323,
        "dvar": 6.78227479511e-07,
        "dvar2": 1.10437213152e-06,
        "max": 0.0167712811381,
        "mean": 0.000907815236133,
        "median": 0.000477670226246,
        "min": 2.61152219849e-08,
        "var": 2.05864375857e-06
    },
    "spectral_energyband_low": {
        "dmean": 0.010882049799,
        "dmean2": 0.0182250309736,
        "dvar": 0.000194671258214,
        "dvar2": 0.000561606721021,
        "max": 0.137262314558,
        "mean": 0.0168831329793,
        "median": 0.0129372822121,
        "min": 2.51410654073e-07,
        "var": 0.000279459607555
    },
    "spectral_energyband_middle_high": {
        "dmean": 0.00160906929523,
        "dmean2": 0.00250257458538,
        "dvar": 3.86200918001e-06,
        "dvar2": 8.9147770268e-06,
        "max": 0.025427851826,
        "mean": 0.00560726737604,
        "median": 0.00453010899946,
        "min": 1.56141112484e-07,
        "var": 1.62948017532e-05
    },
    "spectral_energyband_middle_low": {
        "dmean": 0.00547715602443,
        "dmean2": 0.00826145522296,
        "dvar": 3.80792371288e-05,
        "dvar2": 9.44361454458e-05,
        "max": 0.0682282820344,
        "mean": 0.016252880916,
        "median": 0.0147135900334,
        "min": 2.62921162175e-07,
        "var": 8.40290013002e-05
    },
    "spectral_entropy": {
        "dmean": 0.134247615933,
        "dmean2": 0.188820466399,
        "dvar": 0.0171475540847,
        "dvar2": 0.0337015837431,
        "max": 8.50232791901,
        "mean": 7.49741840363,
        "median": 7.47227191925,
        "min": 6.50481176376,
        "var": 0.0776167809963
    },
    "spectral_flux": {
        "dmean": 0.02926421538,
        "dmean2": 0.0470973029733,
        "dvar": 0.000808196025901,
        "dvar2": 0.00181552232243,
        "max": 0.288991689682,
        "mean": 0.0977858603001,
        "median": 0.0894151106477,
        "min": 0.000906810630113,
        "var": 0.00193519587629
    },
    "spectral_kurtosis": {
        "dmean": 1.65494632721,
        "dmean2": 2.86244702339,
        "dvar": 2.71513199806,
        "dvar2": 7.62869262695,
        "max": 17.0675792694,
        "mean": 2.76009082794,
        "median": 2.17839670181,
        "min": -1.11799585819,
        "var": 4.82368326187
    },
    "spectral_rms": {
        "dmean": 0.000987702631392,
        "dmean2": 0.00157560280059,
        "dvar": 8.82914207523e-07,
        "dvar2": 2.43330077865e-06,
        "max": 0.0126209398732,
        "mean": 0.00591177260503,
        "median": 0.00592758180574,
        "min": 2.83240060526e-05,
        "var": 2.80368863059e-06
    },
    "spectral_rolloff": {
        "dmean": 371.753875732,
        "dmean2": 626.258178711,
        "dvar": 358886.1875,
        "dvar2": 761088.3125,
        "max": 8376.41601562,
        "mean": 1123.85900879,
        "median": 882.861328125,
        "min": 86.1328125,
        "var": 886844.375
    },
    "spectral_skewness": {
        "dmean": 0.209977075458,
        "dmean2": 0.343538403511,
        "dvar": 0.0362214446068,
        "dvar2": 0.0878912433982,
        "max": 3.45367264748,
        "mean": 1.12857735157,
        "median": 1.10239446163,
        "min": -0.204489812255,
        "var": 0.132056489587
    },
    "spectral_spread": {
        "dmean": 414975.84375,
        "dmean2": 567628.1875,
        "dvar": 213359607808,
        "dvar2": 388517789696,
        "max": 9906432,
        "mean": 3815537.5,
        "median": 3587765,
        "min": 2118373.25,
        "var": 896027394048
    },
    "spectral_strongpeak": {
        "dmean": 0.523552596569,
        "dmean2": 0.902542471886,
        "dvar": 0.515887856483,
        "dvar2": 1.31517505646,
        "max": 12.5445842743,
        "mean": 0.843276441097,
        "median": 0.478463232517,
        "min": 0.000551199947949,
        "var": 0.714804589748
    },
    "zerocrossingrate": {
        "dmean": 0.00756722455844,
        "dmean2": 0.00936512462795,
        "dvar": 6.23799787718e-05,
        "dvar2": 8.17062245915e-05,
        "max": 0.20361328125,
        "mean": 0.0482037365437,
        "median": 0.04443359375,
        "min": 0.0107421875,
        "var": 0.000392190937418
    },
    "barkbands": {
        "dmean": [0.000597485108301, 0.00852282438427, 0.00301479152404, 0.00143939978443, 0.00165500189178, 0.00233338959515, 0.00179879227653, 0.000663828279357, 0.000909012684133, 0.000574329053052, 0.000216308515519, 0.000628029752988, 0.000421614124207, 0.000266263319645, 0.00015587186499, 0.000160384370247, 0.000144483492477, 0.000152262175106, 0.00019094934396, 0.000166416342836, 0.000114744791063, 9.3023867521e-05, 7.48285965528e-05, 6.27967092441e-05, 1.71215069713e-05, 1.17817133827e-08, 1.70549596668e-09],
        "dmean2": [0.000903725042008, 0.0141165750101, 0.00530032068491, 0.00243948143907, 0.00278205866925, 0.00329970801249, 0.00276625808328, 0.00103233440313, 0.00132712419145, 0.000915575015824, 0.000349280133378, 0.00099456764292, 0.000672328053042, 0.000427155842772, 0.000245499395533, 0.000270532182185, 0.000235598476138, 0.000238929278567, 0.00030448535108, 0.000260003464064, 0.000167770136613, 0.000132650980959, 0.000106846593553, 8.74286342878e-05, 2.51946312346e-05, 1.84157631367e-08, 3.15679837826e-09],
        "dvar": [8.15258829334e-07, 0.000110206208774, 3.42393068422e-05, 8.16157898953e-06, 1.06557126855e-05, 8.94278400665e-06, 7.75175431045e-06, 2.20794072447e-06, 1.38172549669e-06, 8.48973115808e-07, 1.8696144366e-07, 1.17030822366e-06, 9.94914671537e-07, 5.22597076724e-07, 7.98105830313e-08, 4.86574016634e-08, 4.81374762273e-08, 9.20689942063e-08, 1.58060529998e-07, 1.14349944624e-07, 1.04215395424e-07, 6.09160935028e-08, 4.62350939756e-08, 3.27608340456e-08, 1.96315030898e-09, 9.449112042e-16, 7.18352926135e-18],
        "dvar2": [1.84138696113e-06, 0.000314372358844, 9.43702980294e-05, 2.11782989936e-05, 2.79677624349e-05, 1.98136986e-05, 1.80773076863e-05, 5.68065524931e-06, 3.19948526339e-06, 2.04683874472e-06, 4.67979901941e-07, 3.0039811918e-06, 2.56823250311e-06, 1.33778166855e-06, 1.9854657296e-07, 1.3090861728e-07, 1.21605495451e-07, 1.88103030041e-07, 3.9083943193e-07, 2.63721261717e-07, 1.87864813483e-07, 1.08841447855e-07, 9.04414605429e-08, 6.07880892289e-08, 3.97032806632e-09, 1.95805281812e-15, 2.20154335098e-17],
        "max": [0.00908349081874, 0.0957426428795, 0.0649462416768, 0.0308241844177, 0.033224824816, 0.0412211641669, 0.0384205617011, 0.0274384766817, 0.0243311114609, 0.0136539470404, 0.00775378476828, 0.0141020324081, 0.0187746696174, 0.0167970638722, 0.00548336002976, 0.00254361773841, 0.00432613305748, 0.00879562273622, 0.00666724471375, 0.0102298874408, 0.0068152253516, 0.00732013396919, 0.00510360393673, 0.00451585883275, 0.00100500555709, 8.07363733202e-07, 4.80289372717e-08],
        "mean": [0.000694539165124, 0.011101054959, 0.00416758144274, 0.00181716901716, 0.00242723221891, 0.00531756831333, 0.00354162161238, 0.0011682768818, 0.00187446735799, 0.00108236575034, 0.000363244704204, 0.00104792101774, 0.000715162022971, 0.000461892894236, 0.00032097476651, 0.000288093549898, 0.000310717063257, 0.000375162897399, 0.000471629871754, 0.000470883649541, 0.000241004265263, 0.000195569067728, 0.000123251680634, 9.62267731666e-05, 2.28743083426e-05, 1.4487890887e-08, 1.38091049706e-09],
        "median": [0.000285900430754, 0.00735410861671, 0.00181997520849, 0.000749783706851, 0.00130418222398, 0.00334044592455, 0.00171793287154, 0.000527260708623, 0.0013015223667, 0.000455843779491, 0.000194268621271, 0.000452730600955, 0.000235048792092, 0.000193118976313, 0.000203975025215, 0.000203172734473, 0.000206188269658, 0.000217886437895, 0.000239795452217, 0.000237226995523, 0.000100195597042, 0.000107077408757, 3.89263805118e-05, 2.51272340392e-05, 3.84496343031e-06, 3.68746633228e-09, 5.65024194099e-10],
        "min": [2.46691889139e-09, 1.77616470864e-07, 5.46438307936e-08, 1.17446967707e-08, 5.32914832263e-08, 1.37520729027e-07, 2.09587529554e-08, 4.12304723696e-09, 3.01171709793e-08, 2.44633149293e-08, 4.00757205199e-09, 3.60806828859e-09, 2.32116859067e-09, 8.32028057562e-10, 3.79636144743e-09, 9.28991816807e-09, 1.62449023122e-08, 1.90010389645e-08, 2.4708944224e-08, 2.12043538284e-08, 1.01152588527e-08, 4.65054350585e-09, 1.56670620921e-09, 5.99016725111e-10, 5.60277414741e-11, 3.4490064884e-12, 5.84974560111e-12],
        "var": [1.10715075152e-06, 0.000149715342559, 3.90582208638e-05, 8.17053842184e-06, 1.14852355182e-05, 3.14131793857e-05, 2.36188097915e-05, 4.18715762862e-06, 4.10274651585e-06, 2.5717617973e-06, 3.12764115051e-07, 2.31573994824e-06, 2.35998686549e-06, 8.9754274768e-07, 2.07868566804e-07, 8.02183279802e-08, 1.16608042333e-07, 4.22925410248e-07, 4.27752979704e-07, 8.38445942009e-07, 2.37576557538e-07, 1.37354760454e-07, 1.00256400515e-07, 7.3435792558e-08, 3.64350505322e-09, 1.47327775708e-15, 5.5148168662e-18]
    },
    "erbbands": {
        "dmean": [0.324159294367, 1.69756042957, 3.51985502243, 3.67647600174, 6.31095504761, 4.3309378624, 7.30990791321, 25.2212104797, 28.3216018677, 16.8659057617, 12.3796386719, 14.644203186, 18.5011749268, 22.1009025574, 14.8133172989, 17.8910884857, 19.7082195282, 11.7068128586, 9.45853328705, 7.62098503113, 9.61605453491, 7.77754020691, 8.10513687134, 7.67033863068, 10.0219564438, 7.62292671204, 5.36314487457, 3.78392553329, 3.39714765549, 2.74748539925, 2.01676487923, 1.47970819473, 0.943191051483, 0.350505560637, 0.0251568034291, 0.00111502141226, 6.274831685e-05, 9.33847695705e-06, 7.28859231458e-06, 1.47123919305e-05],
        "dmean2": [0.515766203403, 2.90787553787, 6.2731423378, 6.21564054489, 10.7937345505, 7.23625993729, 11.5696344376, 35.451335907, 43.3396377563, 25.842382431, 19.2895717621, 21.9577350616, 27.4377975464, 34.9003295898, 23.5858325958, 28.4349365234, 31.1335449219, 18.8634967804, 14.8723697662, 12.5245094299, 16.2270336151, 12.5231027603, 12.8775320053, 12.2355442047, 15.8754854202, 12.0918283463, 7.9919462204, 5.54234075546, 4.8772444725, 3.9689078331, 2.90157532692, 2.07336258888, 1.34983706474, 0.507446348667, 0.0368819572031, 0.0016191060422, 8.83264874574e-05, 1.28509009301e-05, 1.12665475172e-05, 2.36928008235e-05],
        "dvar": [0.18284201622, 5.61329698563, 49.0779457092, 41.360584259, 211.665176392, 69.3960647583, 184.054153442, 1144.81750488, 1837.17431641, 1108.98156738, 764.081848145, 503.963592529, 699.583068848, 1211.23596191, 595.491333008, 940.368225098, 2228.15649414, 837.46484375, 716.867858887, 239.769104004, 166.450790405, 140.530776978, 275.695159912, 270.533508301, 430.426940918, 263.029632568, 182.829284668, 134.979568481, 73.4385681152, 69.2536392212, 33.4903488159, 17.2451896667, 7.05843782425, 0.864961564541, 0.00433308817446, 8.3675240603e-06, 2.43780053921e-08, 4.92522689299e-10, 7.55244131123e-11, 2.60661714435e-10],
        "dvar2": [0.441545009613, 16.6463222504, 136.385375977, 103.643249512, 558.271484375, 177.461486816, 436.003448486, 2508.5078125, 4431.24462891, 2463.47412109, 1956.17053223, 1238.43273926, 1646.36401367, 2878.75756836, 1533.36206055, 2289.2355957, 5800.81054688, 2096.04931641, 1827.47753906, 659.72467041, 446.534545898, 348.52835083, 582.695922852, 570.383178711, 1014.9039917, 630.081604004, 361.153289795, 230.954208374, 123.059669495, 138.332931519, 63.3486366272, 31.4748821259, 12.8546094894, 1.7128881216, 0.00859350245446, 1.63550539583e-05, 4.51648389799e-08, 8.70468808145e-10, 1.71664849002e-10, 7.10322578534e-10],
        "max": [4.31928682327, 27.4031009674, 79.1450881958, 70.2810745239, 184.23336792, 107.451728821, 359.970031738, 527.301635742, 664.201599121, 677.218322754, 707.211303711, 420.235687256, 490.310913086, 557.67175293, 295.88949585, 421.567749023, 1001.61608887, 603.78527832, 755.565734863, 326.013031006, 171.861404419, 240.350387573, 403.23626709, 348.638793945, 358.532592773, 470.504058838, 309.095947266, 318.526489258, 247.870956421, 151.089813232, 149.129867554, 102.679031372, 79.3418884277, 23.1199989319, 1.50337696075, 0.0660441294312, 0.00395883992314, 0.000578125007451, 0.000151139174704, 0.000179880458745],
        "mean": [0.386721432209, 2.21385669708, 4.84067201614, 5.64238739014, 6.95389795303, 6.7694940567, 16.2540531158, 56.1360626221, 61.6030426025, 36.0072479248, 23.6379528046, 32.5298690796, 37.3635406494, 43.5186843872, 29.448348999, 32.8185768127, 35.3873786926, 21.5861377716, 19.1964321136, 15.7431716919, 17.8939609528, 18.3694915771, 20.9075832367, 20.581237793, 26.9696006775, 22.36577034, 12.6744070053, 8.04103183746, 7.37039136887, 4.96006774902, 3.33420181274, 2.32058262825, 1.42303335667, 0.488569200039, 0.0336077958345, 0.0015511198435, 0.000107582360215, 1.88599788089e-05, 2.33600894717e-05, 4.58095746581e-05],
        "median": [0.206225246191, 1.43696606159, 2.21393704414, 2.52961301804, 3.08687782288, 3.47881007195, 10.1853780746, 32.4584236145, 38.3929672241, 18.6386508942, 13.7680683136, 22.0723590851, 24.6151638031, 19.9702091217, 17.2961101532, 17.1899166107, 11.538649559, 10.2679128647, 10.3812208176, 10.4029312134, 12.7933359146, 12.6553897858, 12.7950410843, 11.9111738205, 13.5550880432, 11.3234300613, 5.88231611252, 3.26923966408, 4.16794300079, 1.84598815441, 1.11257731915, 0.66309607029, 0.311288118362, 0.0908088982105, 0.00583985773847, 0.000308509508613, 3.90025525121e-05, 8.9664472398e-06, 2.05232954613e-05, 4.26551778219e-05],
        "min": [5.21763831784e-06, 3.85923194699e-05, 7.33970737201e-05, 4.77543981106e-05, 6.85880077071e-05, 0.000212957718759, 0.000295745616313, 0.00153080641758, 0.000733715191018, 0.000136535498314, 7.9952456872e-05, 0.000500321795698, 0.000799242407084, 0.00084412668366, 0.000219995054067, 0.000108589258161, 0.000106723913632, 4.78998299513e-05, 5.9930524003e-05, 0.00035267212661, 0.000555479316972, 0.00104158674367, 0.00150302681141, 0.00161605002359, 0.00125324749388, 0.00132764910813, 0.000597460661083, 0.000209183650441, 0.000132417946588, 0.000142167307786, 3.68682012777e-05, 2.05623255169e-05, 5.52454412173e-06, 1.05313517906e-06, 1.44622347875e-07, 2.38413768727e-08, 9.20604925625e-09, 3.88980492261e-09, 1.70898406537e-09, 1.33499566957e-09],
        "var": [0.248282700777, 6.52845525742, 50.8115310669, 52.9444007874, 166.516326904, 99.9078521729, 465.59866333, 3855.69580078, 4937.66992188, 3579.01269531, 1254.38647461, 1310.81958008, 1807.57470703, 4084.48779297, 1290.59411621, 1917.5168457, 5886.33056641, 1876.48413086, 1079.74328613, 511.611206055, 296.436279297, 359.121429443, 1231.45166016, 850.20123291, 1316.60229492, 1980.32312012, 491.640838623, 299.125, 176.40335083, 144.474899292, 73.3910064697, 39.6179237366, 15.6893749237, 1.67163789272, 0.00807515811175, 1.6212452465e-05, 5.36404591855e-08, 1.21868526382e-09, 2.09945061336e-10, 5.70471170303e-10]
    },
    "gfcc": {
        "mean": [1.31695914268, 140.583251953, -153.05480957, 58.9712409973, -75.9028701782, 10.0272140503, -24.3078689575, 0.143593966961, -2.51493167877, -12.9859428406, 13.3550920486, -14.3015270233, 8.50626277924],
        "cov": [[2215.09692383, -517.188903809, 450.814086914, 271.296295166, -136.387817383, 539.343261719, -11.3639278412, 251.523162842, -101.148132324, 149.300888062, 38.5110092163, 33.0856704712, 6.6103310585], [-517.188903809, 553.645202637, -102.274215698, -126.721557617, 231.482833862, -176.262557983, 148.3853302, -44.9065284729, 80.7526092529, -41.3395309448, 54.4803314209, -4.46346187592, 43.3461875916], [450.814086914, -102.274215698, 509.68560791, 181.392501831, 42.8507575989, 351.241455078, 7.65497255325, 192.929336548, 14.0432291031, 52.9039993286, -5.94441747665, 34.7059059143, 47.9288673401], [271.296295166, -126.721557617, 181.392501831, 234.546554565, 50.5876121521, 138.223526001, 23.9483165741, 71.3789901733, 11.5821285248, 37.8737792969, -4.53088903427, 16.1105728149, 8.9530210495], [-136.387817383, 231.482833862, 42.8507575989, 50.5876121521, 244.153533936, 34.4439315796, 88.8934860229, 51.3438453674, 52.8531494141, 26.5410327911, 34.0383491516, -1.38991200924, 39.1930503845], [539.343261719, -176.262557983, 351.241455078, 138.223526001, 34.4439315796, 391.054229736, 34.3764266968, 179.8853302, -2.42544341087, 73.0542068481, 10.8189573288, 30.4902210236, 23.3571548462], [-11.3639278412, 148.3853302, 7.65497255325, 23.9483165741, 88.8934860229, 34.3764266968, 194.146575928, 57.1590690613, 49.9176101685, 40.7941017151, 60.2753601074, 29.2906208038, 20.6237812042], [251.523162842, -44.9065284729, 192.929336548, 71.3789901733, 51.3438453674, 179.8853302, 57.1590690613, 182.067123413, 32.437286377, 61.8502006531, 22.7553215027, 17.0993690491, 39.3990364075], [-101.148132324, 80.7526092529, 14.0432291031, 11.5821285248, 52.8531494141, -2.42544341087, 49.9176101685, 32.437286377, 106.072654724, 36.2056045532, 18.1208190918, 7.01364326477, 10.9676866531], [149.300888062, -41.3395309448, 52.9039993286, 37.8737792969, 26.5410327911, 73.0542068481, 40.7941017151, 61.8502006531, 36.2056045532, 107.418838501, 48.5328979492, 5.70266580582, 7.46283149719], [38.5110092163, 54.4803314209, -5.94441747665, -4.53088903427, 34.0383491516, 10.8189573288, 60.2753601074, 22.7553215027, 18.1208190918, 48.5328979492, 102.80443573, 52.1538009644, 16.8410320282], [33.0856704712, -4.46346187592, 34.7059059143, 16.1105728149, -1.38991200924, 30.4902210236, 29.2906208038, 17.0993690491, 7.01364326477, 5.70266580582, 52.1538009644, 99.1758422852, 56.9504394531], [6.6103310585, 43.3461875916, 47.9288673401, 8.9530210495, 39.1930503845, 23.3571548462, 20.6237812042, 39.3990364075, 10.9676866531, 7.46283149719, 16.8410320282, 56.9504394531, 100.076385498]],
        "icov": [[0.000924922002014, -0.000552277080715, 0.000551261473447, -0.00109857285861, 0.00132805469912, -0.00141799834091, 0.000409437809139, -0.000519499357324, 0.000944805564359, -0.000684348749928, -0.000535675673746, 0.000505738658831, -0.000306796428049], [-0.000552277080715, 0.0190729852766, -0.0100075872615, 0.0129200285301, -0.0163101814687, 0.0108253704384, -0.0113578215241, 0.00706110242754, -0.00599482608959, 0.0107126748189, -0.00750134605914, 0.00713735260069, -0.00410703709349], [0.000551261473447, -0.0100075872615, 0.0121042411774, -0.00921664200723, 0.00909662805498, -0.0107616269961, 0.00753419660032, -0.00604649353772, 0.00191675149836, -0.00360374734737, 0.00322045409121, -0.00289452681318, 0.000266600109171], [-0.00109857285861, 0.0129200285301, -0.00921664200723, 0.0161801725626, -0.013495949097, 0.00848145689815, -0.00831531453878, 0.00524958595634, -0.00370072294027, 0.00460499059409, -0.000822640082333, 0.000573327997699, 0.00027023331495], [0.00132805469912, -0.0163101814687, 0.00909662805498, -0.013495949097, 0.0215783510357, -0.0112051805481, 0.00794262532145, -0.00580466911197, 0.00322789652273, -0.00681247841567, 0.00129022134934, 0.00079626054503, -0.00187560077757], [-0.00141799834091, 0.0108253704384, -0.0107616269961, 0.00848145689815, -0.0112051805481, 0.0171199589968, -0.00729339104146, 0.000189897880773, -0.000706872728188, 0.00238448823802, -2.11372594094e-06, -0.00135171029251, 0.00229018880054], [0.000409437809139, -0.0113578215241, 0.00753419660032, -0.00831531453878, 0.00794262532145, -0.00729339104146, 0.015041327104, -0.0065170112066, 0.00148901168723, -0.00564246298745, 0.00114416808356, -0.00500234728679, 0.0029973119963], [-0.000519499357324, 0.00706110242754, -0.00604649353772, 0.00524958595634, -0.00580466911197, 0.000189897880773, -0.0065170112066, 0.0172774363309, -0.00468426011503, 0.00200152699836, -0.00426284782588, 0.00682593183592, -0.00663081649691], [0.000944805564359, -0.00599482608959, 0.00191675149836, -0.00370072294027, 0.00322789652273, -0.000706872728188, 0.00148901168723, -0.00468426011503, 0.0164251644164, -0.00961323734373, 0.00595588982105, -0.00584832578897, 0.00362798199058], [-0.000684348749928, 0.0107126748189, -0.00360374734737, 0.00460499059409, -0.00681247841567, 0.00238448823802, -0.00564246298745, 0.00200152699836, -0.00961323734373, 0.0263053253293, -0.0171456299722, 0.0136966416612, -0.00661169132218], [-0.000535675673746, -0.00750134605914, 0.00322045409121, -0.000822640082333, 0.00129022134934, -2.11372594094e-06, 0.00114416808356, -0.00426284782588, 0.00595588982105, -0.0171456299722, 0.0306162126362, -0.0226581115276, 0.0111210877076], [0.000505738658831, 0.00713735260069, -0.00289452681318, 0.000573327997699, 0.00079626054503, -0.00135171029251, -0.00500234728679, 0.00682593183592, -0.00584832578897, 0.0136966416612, -0.0226581115276, 0.0348025150597, -0.0198151748627], [-0.000306796428049, -0.00410703709349, 0.000266600109171, 0.00027023331495, -0.00187560077757, 0.00229018880054, 0.0029973119963, -0.00663081649691, 0.00362798199058, -0.00661169132218, 0.0111210877076, -0.0198151748627, 0.0233326666057]]
    },
    "melbands": {
        "dmean": [0.00252390210517, 0.00189265736844, 0.000716804992408, 0.000388983840821, 0.000233698388911, 0.000522900256328, 0.000423846649937, 0.000175530876732, 9.16113131098e-05, 0.000112173889647, 9.38333032536e-05, 9.47628868744e-05, 3.94169728679e-05, 8.0338169937e-05, 4.5657317969e-05, 3.22626947309e-05, 2.23474380618e-05, 1.80599636224e-05, 1.16660312415e-05, 8.90409410204e-06, 1.16958854051e-05, 8.01832084107e-06, 9.5518935268e-06, 7.63384650782e-06, 6.79319464325e-06, 8.08512140793e-06, 7.32588159735e-06, 5.42268753634e-06, 3.97235316996e-06, 2.80033441413e-06, 2.23215238293e-06, 2.09239169635e-06, 1.8589279307e-06, 1.53225107624e-06, 1.22911581002e-06, 1.14053943889e-06, 8.7807171667e-07, 7.07948913714e-07, 5.4456000953e-07, 2.23070486527e-07],
        "dmean2": [0.00410425057635, 0.00335660064593, 0.00120053521823, 0.000655815936625, 0.000372167443857, 0.000734074739739, 0.000644620857202, 0.00026928097941, 0.000142120567034, 0.000165600009495, 0.000138789095217, 0.000149942236021, 6.25672983006e-05, 0.000127235471155, 7.21689211787e-05, 5.12262267875e-05, 3.5912522435e-05, 2.87464936264e-05, 1.8848977561e-05, 1.49014440467e-05, 1.97989775188e-05, 1.29927202579e-05, 1.52523662109e-05, 1.21505345305e-05, 1.08590302261e-05, 1.28651954583e-05, 1.17202580441e-05, 8.61644639372e-06, 6.12753183304e-06, 4.03518788517e-06, 3.33033585775e-06, 3.09449615088e-06, 2.74076705864e-06, 2.24118571168e-06, 1.78173172571e-06, 1.68413896517e-06, 1.2402650782e-06, 1.04445155102e-06, 7.96557912963e-07, 3.31004827103e-07],
        "dvar": [9.718799447e-06, 1.18649777505e-05, 1.75676018443e-06, 6.92725336648e-07, 1.72874450755e-07, 4.68102314244e-07, 3.79826843755e-07, 1.1705174785e-07, 3.84627227845e-08, 2.24337846078e-08, 1.73081193822e-08, 2.27025918065e-08, 4.70483696446e-09, 2.05167189904e-08, 1.31766970668e-08, 5.97695137827e-09, 3.43570816241e-09, 3.44532624652e-09, 3.6042452356e-10, 2.6871932457e-10, 2.63988830795e-10, 1.78503364867e-10, 2.25417767785e-10, 2.80687917353e-10, 2.2446638992e-10, 2.87655427256e-10, 2.59371440992e-10, 1.51123627501e-10, 8.53514550703e-11, 7.88132129004e-11, 4.29498173138e-11, 2.86970325974e-11, 2.28748426451e-11, 2.49855032497e-11, 1.40446560631e-11, 8.388710733e-12, 7.44715747403e-12, 4.76123741128e-12, 2.02398189354e-12, 3.55257706933e-13],
        "dvar2": [2.55934828601e-05, 3.36337652698e-05, 4.34973162555e-06, 1.82109306479e-06, 4.11321138927e-07, 1.03005891106e-06, 9.02269277958e-07, 2.72507463706e-07, 9.8958246042e-08, 5.36035003051e-08, 4.04134326004e-08, 5.39006599354e-08, 1.19813767796e-08, 5.36554836117e-08, 3.12445394002e-08, 1.59367967711e-08, 8.62896420983e-09, 8.94101592763e-09, 8.81700656929e-10, 7.52952367122e-10, 7.04543701158e-10, 4.46976927693e-10, 5.30102961527e-10, 5.77837167004e-10, 5.01465313718e-10, 6.95749902135e-10, 6.11297013009e-10, 3.76770559196e-10, 1.86656190504e-10, 1.41975306511e-10, 7.92686472018e-11, 5.07257916227e-11, 4.35348250505e-11, 5.47527093109e-11, 2.76710702962e-11, 1.63922781599e-11, 1.43574683392e-11, 8.76196337707e-12, 4.25224959411e-12, 7.12770283334e-13],
        "max": [0.0304878707975, 0.0383938066661, 0.0152564523742, 0.00898397341371, 0.0106578031555, 0.0101787662134, 0.00918722804636, 0.00603366782889, 0.00495064025745, 0.00288535142317, 0.00238840305246, 0.00239233486354, 0.00118338083848, 0.00194536603522, 0.0023351686541, 0.00214400584809, 0.00118957296945, 0.00171869038604, 0.000463668751763, 0.000307469104882, 0.000216507411096, 0.000251987279626, 0.00028518147883, 0.000422172393883, 0.000327463669237, 0.000344129657606, 0.000326993322233, 0.000382048310712, 0.000188865655218, 0.000203267118195, 0.000178915215656, 0.000148303282913, 0.000127510167658, 9.1264009825e-05, 9.33734554565e-05, 7.70721162553e-05, 6.36024633422e-05, 6.47489287076e-05, 3.74691844627e-05, 1.37705383167e-05],
        "mean": [0.00323063577525, 0.00270830187947, 0.00105327949859, 0.000474449800095, 0.000502232636791, 0.00116785208229, 0.000938275421504, 0.000367413362255, 0.000176296802238, 0.000235466795857, 0.000184518401511, 0.00017927052977, 7.72343264543e-05, 0.000132329703774, 7.81469861977e-05, 5.81916247029e-05, 3.82754551538e-05, 3.2199157431e-05, 2.39975979639e-05, 1.66002409969e-05, 2.07537450478e-05, 1.65794645e-05, 2.15628188016e-05, 1.76681696757e-05, 1.59707051353e-05, 1.96269775188e-05, 1.82739568118e-05, 1.43015340655e-05, 8.80995139596e-06, 5.34563650945e-06, 4.34457024312e-06, 4.2846463657e-06, 3.55148063136e-06, 2.43866770688e-06, 1.91289382201e-06, 1.74091280769e-06, 1.31441322537e-06, 1.06516699816e-06, 7.50238768887e-07, 2.97389533443e-07],
        "median": [0.00205174740404, 0.00156299292576, 0.000512806233019, 0.000206714685191, 0.000309645896778, 0.000698294257745, 0.000590305950027, 0.000188431789866, 0.000102790596429, 0.000163178367075, 0.000121117816889, 7.59611721151e-05, 4.62455755041e-05, 5.64178189961e-05, 2.19333123823e-05, 2.24982613872e-05, 1.67775797308e-05, 1.47333121276e-05, 1.62497617566e-05, 1.1221848581e-05, 1.42372173286e-05, 1.08704289232e-05, 1.4264363017e-05, 9.74929480435e-06, 8.77722050063e-06, 9.54903771344e-06, 8.76538797456e-06, 6.90076421961e-06, 4.18861691287e-06, 1.68927113009e-06, 1.8491582523e-06, 2.44387183557e-06, 1.72321176706e-06, 6.7492578637e-07, 5.90826971347e-07, 5.45469106328e-07, 3.36722166594e-07, 2.2931109811e-07, 1.51209590626e-07, 4.93020735348e-08],
        "min": [4.86881397421e-08, 4.42932268641e-08, 8.84551720759e-09, 9.56942081132e-09, 1.11190630037e-08, 3.17855963772e-08, 1.03287813857e-08, 1.2327018295e-09, 4.97826058155e-10, 4.1337875345e-09, 3.97415789166e-09, 3.49858497728e-09, 6.18719631085e-10, 4.32678892714e-10, 3.14443138194e-10, 1.5871083614e-10, 8.28641183448e-11, 5.61902954721e-11, 3.57115004235e-10, 5.58007806628e-10, 5.60331947508e-10, 8.3463802536e-10, 1.55908486121e-09, 8.67641347657e-10, 8.76055505916e-10, 1.00373431788e-09, 7.08334002564e-10, 8.55115311893e-10, 4.38044933659e-10, 1.48288159529e-10, 1.10675538179e-10, 6.42271028028e-11, 1.06396662314e-10, 6.05519315244e-11, 2.04390723096e-11, 1.73598444647e-11, 1.0171854678e-11, 4.50315392614e-12, 1.25082322971e-12, 6.32058749957e-13],
        "var": [1.37801425808e-05, 1.19924179671e-05, 1.94661629394e-06, 6.47309491342e-07, 4.40730161699e-07, 1.61386731179e-06, 1.07470941657e-06, 3.44090324234e-07, 6.36275103716e-08, 6.32009928836e-08, 4.55907667174e-08, 7.54671845016e-08, 9.24577925332e-09, 3.9900708515e-08, 2.8205546343e-08, 1.7652254769e-08, 7.16550419e-09, 4.45664483095e-09, 9.91611459611e-10, 4.45112613434e-10, 4.69624283905e-10, 3.71076031014e-10, 7.0354327919e-10, 1.14632525694e-09, 5.91215021384e-10, 7.85365550371e-10, 8.46047953917e-10, 1.04289266112e-09, 2.45672204802e-10, 1.74928210805e-10, 8.61306789779e-11, 6.23967336133e-11, 5.1978414628e-11, 4.59107370177e-11, 2.8704306293e-11, 1.74277276638e-11, 1.593699131e-11, 1.02328744436e-11, 3.72586900568e-12, 6.53841781065e-13]
    },
    "mfcc": {
        "mean": [-613.375, 132.696792603, -5.93148946762, 32.6278533936, -9.29974555969, 1.08020472527, -1.43740952015, 5.55691957474, -4.16724824905, 5.20605564117, -0.932247042656, 4.08160209656, 3.82328653336],
        "cov": [[2039.03674316, -591.915100098, 460.058807373, -86.5525970459, 56.3014335632, 149.723297119, 196.354370117, 83.1734466553, 55.4291534424, 41.3208465576, 76.1263809204, 81.6460494995, 47.5563697815], [-591.915100098, 690.245178223, -308.575439453, 68.5415420532, -14.0181980133, -57.8762588501, 12.7889213562, 2.3201277256, 11.3497848511, 10.950961113, 1.33931744099, -1.93410754204, 19.7149276733], [460.058807373, -308.575439453, 584.730041504, -82.3342132568, 167.331817627, 115.615005493, 113.556304932, 120.678329468, 123.458992004, 35.2797317505, 31.8144512177, 35.5643768311, 62.8249549866], [-86.5525970459, 68.5415420532, -82.3342132568, 188.317932129, 8.52281284332, 13.2781457901, 3.37798070908, 3.87508010864, 5.51148939133, 18.5038490295, 9.54143428802, -10.0142068863, 12.4384727478], [56.3014335632, -14.0181980133, 167.331817627, 8.52281284332, 229.749343872, 63.6479644775, 68.1251144409, 44.0392150879, 82.5256195068, 35.2304267883, 13.3350038528, 21.5909099579, 16.1195316315], [149.723297119, -57.8762588501, 115.615005493, 13.2781457901, 63.6479644775, 123.916694641, 61.8351516724, 42.1704063416, 39.5823020935, 24.0899219513, 35.3715667725, 23.3238601685, 18.5396823883], [196.354370117, 12.7889213562, 113.556304932, 3.37798070908, 68.1251144409, 61.8351516724, 190.12046814, 67.5255203247, 67.3102645874, 34.9120597839, 51.1125030518, 44.1545066833, 57.9793586731], [83.1734466553, 2.3201277256, 120.678329468, 3.87508010864, 44.0392150879, 42.1704063416, 67.5255203247, 120.567108154, 59.1653289795, 10.6114835739, 13.0237579346, 19.9501533508, 39.5400428772], [55.4291534424, 11.3497848511, 123.458992004, 5.51148939133, 82.5256195068, 39.5823020935, 67.3102645874, 59.1653289795, 143.126953125, 51.1330680847, 25.6772003174, 24.4903812408, 13.7141904831], [41.3208465576, 10.950961113, 35.2797317505, 18.5038490295, 35.2304267883, 24.0899219513, 34.9120597839, 10.6114835739, 51.1330680847, 95.9021530151, 48.0273170471, 21.1253967285, 6.32686710358], [76.1263809204, 1.33931744099, 31.8144512177, 9.54143428802, 13.3350038528, 35.3715667725, 51.1125030518, 13.0237579346, 25.6772003174, 48.0273170471, 112.875099182, 41.5708084106, 15.7534036636], [81.6460494995, -1.93410754204, 35.5643768311, -10.0142068863, 21.5909099579, 23.3238601685, 44.1545066833, 19.9501533508, 24.4903812408, 21.1253967285, 41.5708084106, 88.1447296143, 39.3500862122], [47.5563697815, 19.7149276733, 62.8249549866, 12.4384727478, 16.1195316315, 18.5396823883, 57.9793586731, 39.5400428772, 13.7141904831, 6.32686710358, 15.7534036636, 39.3500862122, 129.224273682]],
