{
"lowlevel": {
    "average_loudness": 0.83338779211,
    "barkbands_crest": {
        "dmean": 2.70267653465,
        "dmean2": 4.05173158646,
        "dvar": 7.53417062759,
        "dvar2": 15.836438179,
        "max": 26.4237575531,
        "mean": 15.3482046127,
        "median": 15.9021091461,
        "min": 3.27799272537,
        "var": 27.5629272461
    },
    "barkbands_flatness_db": {
        "dmean": 0.0318941324949,
        "dmean2": 0.0441789627075,
        "dvar": 0.00110534660053,
        "dvar2": 0.00201732246205,
        "max": 0.457544445992,
        "mean": 0.210023269057,
        "median": 0.201680243015,
        "min": 0.0553734302521,
        "var": 0.00374220660888
    },
    "barkbands_kurtosis": {
        "dmean": 11.9003276825,
        "dmean2": 18.0857086182,
        "dvar": 904.445068359,
        "dvar2": 1825.17248535,
        "max": 612.843994141,
        "mean": 16.7612724304,
        "median": 7.76103496552,
        "min": -1.94587993622,
        "var": 1270.95324707
    },
    "barkbands_skewness": {
        "dmean": 1.1282004118,
        "dmean2": 1.62192904949,
        "dvar": 1.95473504066,
        "dvar2": 3.47437810898,
        "max": 19.8083248138,
        "mean": 2.79166126251,
        "median": 2.55596637726,
        "min": -5.33148193359,
        "var": 5.80076599121
    },
    "barkbands_spread": {
        "dmean": 8.35388755798,
        "dmean2": 12.3826656342,
        "dvar": 177.116256714,
        "dvar2": 321.367980957,
        "max": 115.39214325,
        "mean": 18.6964168549,
        "median": 11.5567321777,
        "min": 0.312624424696,
        "var": 412.448059082
    },
    "dissonance": {
        "dmean": 0.0263228230178,
        "dmean2": 0.0434970520437,
        "dvar": 0.000719255069271,
        "dvar2": 0.00186424574349,
        "max": 0.499959260225,
        "mean": 0.452628046274,
        "median": 0.462747097015,
        "min": 0.228721126914,
        "var": 0.00164661707822
    },
    "dynamic_complexity": 3.8567199707,
    "erbbands_crest": {
        "dmean": 3.03967189789,
        "dmean2": 4.92869663239,
        "dvar": 7.90212869644,
        "dvar2": 19.402879715,
        "max": 29.2752628326,
        "mean": 9.56431007385,
        "median": 8.77802467346,
        "min": 2.64037394524,
        "var": 16.2529602051
    },
    "erbbands_flatness_db": {
        "dmean": 0.0254887677729,
        "dmean2": 0.0382364988327,
        "dvar": 0.000644926505629,
        "dvar2": 0.00140586704947,
        "max": 0.359225392342,
        "mean": 0.15839831531,
        "median": 0.153453856707,
        "min": 0.0362242348492,
        "var": 0.00238766334951
    },
    "erbbands_kurtosis": {
        "dmean": 1.68742406368,
        "dmean2": 2.60581016541,
        "dvar": 6.30279922485,
        "dvar2": 13.4135828018,
        "max": 32.9364814758,
        "mean": 1.28101098537,
        "median": 0.279825568199,
        "min": -1.75841140747,
        "var": 11.4421844482
    },
    "erbbands_skewness": {
        "dmean": 0.564756095409,
        "dmean2": 0.840451955795,
        "dvar": 0.314083039761,
        "dvar2": 0.614477753639,
        "max": 3.1752576828,
        "mean": 0.185617551208,
        "median": 0.255850493908,
        "min": -4.6330742836,
        "var": 1.01490592957
    },
    "erbbands_spread": {
        "dmean": 13.4051742554,
        "dmean2": 20.3301544189,
        "dvar": 255.522109985,
        "dvar2": 571.074951172,
        "max": 178.819732666,
        "mean": 42.5843048096,
        "median": 37.3303337097,
        "min": 1.40763831139,
        "var": 712.69708252
    },
    "hfc": {
        "dmean": 10.5698461533,
        "dmean2": 15.5733346939,
        "dvar": 387.922668457,
        "dvar2": 824.412841797,
        "max": 263.425262451,
        "mean": 20.7505226135,
        "median": 10.1479969025,
        "min": 1.13005484525e-16,
        "var": 829.271911621
    },
    "melbands_crest": {
        "dmean": 2.62819480896,
        "dmean2": 4.0775642395,
        "dvar": 8.01013946533,
        "dvar2": 18.2773189545,
        "max": 31.0949516296,
        "mean": 19.0541992188,
        "median": 19.6015434265,
        "min": 1.69703388214,
        "var": 29.1187152863
    },
    "melbands_flatness_db": {
        "dmean": 0.0391220226884,
        "dmean2": 0.0524253025651,
        "dvar": 0.00173681275919,
        "dvar2": 0.0028359501157,
        "max": 0.571734428406,
        "mean": 0.294668644667,
        "median": 0.293098092079,
        "min": 0.00237483088858,
        "var": 0.00753493979573
    },
    "melbands_kurtosis": {
        "dmean": 22.8283729553,
        "dmean2": 34.4406700134,
        "dvar": 1514.1328125,
        "dvar2": 3170.49169922,
        "max": 558.697570801,
        "mean": 39.3147010803,
        "median": 21.9158802032,
        "min": -1.8377918005,
        "var": 2943.84912109
    },
    "melbands_skewness": {
        "dmean": 1.38040280342,
        "dmean2": 2.01996207237,
        "dvar": 2.24858880043,
        "dvar2": 4.49169254303,
        "max": 20.1421413422,
        "mean": 4.29244565964,
        "median": 3.84305047989,
        "min": -3.72464203835,
        "var": 8.37956047058
    },
    "melbands_spread": {
        "dmean": 8.36507415771,
        "dmean2": 12.1146335602,
        "dvar": 252.303527832,
        "dvar2": 449.386993408,
        "max": 242.936767578,
        "mean": 17.0169048309,
        "median": 9.08805465698,
        "min": 0.36655074358,
        "var": 652.733520508
    },
    "pitch_salience": {
        "dmean": 0.0763879492879,
        "dmean2": 0.120166711509,
        "dvar": 0.00553188193589,
        "dvar2": 0.0131013710052,
        "max": 0.977013528347,
        "mean": 0.420871466398,
        "median": 0.409139573574,
        "min": 0.0508418120444,
        "var": 0.0191886182874
    },
    "silence_rate_20dB": {
        "dmean": 0.0108108110726,
        "dmean2": 0.0216383300722,
        "dvar": 0.0106940725818,
        "dvar2": 0.0288982242346,
        "max": 1,
        "mean": 0.993055582047,
        "median": 1,
        "min": 0,
        "var": 0.006896302104
    },
    "silence_rate_30dB": {
        "dmean": 0.0200772192329,
        "dmean2": 0.040185470134,
        "dvar": 0.0196739211679,
        "dvar2": 0.0416613928974,
        "max": 1,
        "mean": 0.956018507481,
        "median": 1,
        "min": 0,
        "var": 0.0420469343662
    },
    "silence_rate_60dB": {
        "dmean": 0.0169884171337,
        "dmean2": 0.0340030901134,
        "dvar": 0.0166997425258,
        "dvar2": 0.0390289537609,
        "max": 1,
        "mean": 0.0663580223918,
        "median": 0,
        "min": 0,
        "var": 0.0619536228478
    },
    "spectral_centroid": {
        "dmean": 366.749969482,
        "dmean2": 521.570007324,
        "dvar": 284064.75,
        "dvar2": 434127.28125,
        "max": 10900.6513672,
        "mean": 1114.71411133,
        "median": 800.431945801,
        "min": 144.868469238,
        "var": 775558.625
    },
    "spectral_complexity": {
        "dmean": 3.37760615349,
        "dmean2": 5.08655309677,
        "dvar": 15.9446725845,
        "dvar2": 31.6276988983,
        "max": 47,
        "mean": 12.9560184479,
        "median": 12,
        "min": 0,
        "var": 62.6346282959
    },
    "spectral_decrease": {
        "dmean": 3.374341917e-09,
        "dmean2": 5.17640819098e-09,
        "dvar": 8.83506715359e-17,
        "dvar2": 2.05799770311e-16,
        "max": 5.77928182702e-29,
        "mean": -1.09661089098e-08,
        "median": -8.05219002586e-09,
        "min": -1.15708999715e-07,
        "var": 1.94368835695e-16
    },
    "spectral_energy": {
        "dmean": 0.0133466664702,
        "dmean2": 0.0205252002925,
        "dvar": 0.00129326735623,
        "dvar2": 0.00302651710808,
        "max": 0.439576536417,
        "mean": 0.0432707779109,
        "median": 0.0318218618631,
        "min": 1.00318122089e-20,
        "var": 0.00284925242886
    },
    "spectral_energyband_high": {
        "dmean": 0.000619918107986,
        "dmean2": 0.000827268522698,
        "dvar": 3.81391487281e-06,
        "dvar2": 6.44976489639e-06,
        "max": 0.0298992358148,
        "mean": 0.000930465757847,
        "median": 0.000122104596812,
        "min": 7.53344160787e-21,
        "var": 8.04954470368e-06
    },
    "spectral_energyband_low": {
        "dmean": 0.00868249125779,
        "dmean2": 0.0136957997456,
        "dvar": 0.00100552919321,
        "dvar2": 0.00205549341626,
        "max": 0.432922840118,
        "mean": 0.0307389013469,
        "median": 0.0199267007411,
        "min": 1.14372562892e-22,
        "var": 0.0023544288706
    },
    "spectral_energyband_middle_high": {
        "dmean": 0.0029484082479,
        "dmean2": 0.00438333349302,
        "dvar": 5.11025209562e-05,
        "dvar2": 0.000116942399472,
        "max": 0.0900632590055,
        "mean": 0.00493612186983,
        "median": 0.00140546099283,
        "min": 1.34365736402e-21,
        "var": 9.22158287722e-05
    },
    "spectral_energyband_middle_low": {
        "dmean": 0.00576282618567,
        "dmean2": 0.0094267455861,
        "dvar": 0.000367471307982,
        "dvar2": 0.00100776785985,
        "max": 0.227454081178,
        "mean": 0.0080975536257,
        "median": 0.00449143256992,
        "min": 3.46285122983e-22,
        "var": 0.000265427632257
    },
    "spectral_entropy": {
        "dmean": 0.276712179184,
        "dmean2": 0.400241047144,
        "dvar": 0.0863168016076,
        "dvar2": 0.15308663249,
        "max": 9.7931804657,
        "mean": 7.34538650513,
        "median": 7.2932138443,
        "min": 5.65259170532,
        "var": 0.325921714306
    },
    "spectral_flux": {
        "dmean": 0.0298181660473,
        "dmean2": 0.0464756153524,
        "dvar": 0.00218030042015,
        "dvar2": 0.00436983723193,
        "max": 0.608347833157,
        "mean": 0.0843351781368,
        "median": 0.0667290911078,
        "min": 1.001589367e-10,
        "var": 0.00542951654643
    },
    "spectral_kurtosis": {
        "dmean": 3.08932590485,
        "dmean2": 4.6905465126,
        "dvar": 18.4517383575,
        "dvar2": 42.2035636902,
        "max": 57.5101966858,
        "mean": 7.51520061493,
        "median": 6.51604747772,
        "min": -1.45642590523,
        "var": 41.2778968811
    },
    "spectral_rms": {
        "dmean": 0.000835702870972,
        "dmean2": 0.0012374696089,
        "dvar": 2.26423367167e-06,
        "dvar2": 4.724388873e-06,
        "max": 0.0207088179886,
        "mean": 0.00572663825005,
        "median": 0.00557186733931,
        "min": 3.1284395647e-12,
        "var": 9.42104543356e-06
    },
    "spectral_rolloff": {
        "dmean": 672.983825684,
        "dmean2": 1117.41430664,
        "dvar": 2792848,
        "dvar2": 5029661,
        "max": 18712.3535156,
        "mean": 1225.15002441,
        "median": 387.59765625,
        "min": 64.599609375,
        "var": 4994606.5
    },
    "spectral_skewness": {
        "dmean": 0.399354666471,
        "dmean2": 0.578613102436,
        "dvar": 0.192115619779,
        "dvar2": 0.354032546282,
        "max": 5.75389671326,
        "mean": 2.08383989334,
        "median": 2.10270500183,
        "min": -0.263440340757,
        "var": 0.748792409897
    },
    "spectral_spread": {
        "dmean": 1213969.625,
        "dmean2": 1710731.25,
        "dvar": 3.04857035571e+12,
        "dvar2": 4.37172043776e+12,
        "max": 40702100,
        "mean": 5393712,
        "median": 4599003.5,
        "min": 1282975.5,
        "var": 9.96324094771e+12
    },
    "spectral_strongpeak": {
        "dmean": 0.306761056185,
        "dmean2": 0.510745584965,
        "dvar": 0.85226559639,
        "dvar2": 1.95945096016,
        "max": 12.4369754791,
        "mean": 0.654113709927,
        "median": 0.378681123257,
        "min": 0,
        "var": 1.11718058586
    },
    "zerocrossingrate": {
        "dmean": 0.0148222576827,
        "dmean2": 0.0158600844443,
        "dvar": 0.000752046180423,
        "dvar2": 0.000749690108933,
        "max": 0.5087890625,
        "mean": 0.0448065847158,
        "median": 0.0283203125,
        "min": 0.00244140625,
        "var": 0.00270853471011
    },
    "barkbands": {
        "dmean": [0.000189000173123, 0.00729416962713, 0.00318883662112, 0.00233030947857, 0.00132329121698, 0.00110466324259, 0.00102286296897, 0.00074692099588, 0.000736621557735, 0.000811559264548, 0.000633417221252, 0.000406734092394, 0.000426010607043, 0.000334831653163, 0.000519509136211, 0.000244289811235, 0.000216111948248, 0.000312546268106, 0.000248523632763, 7.36133515602e-05, 5.87181821174e-05, 5.61339402338e-05, 0.000112334251753, 0.000247656425927, 0.000146192294778, 4.11935980082e-05, 5.11548492454e-09],
        "dmean2": [0.00031920830952, 0.00977982021868, 0.00543836224824, 0.00397697649896, 0.00236786552705, 0.00178307050373, 0.00168212526478, 0.00124861323275, 0.0011977897957, 0.00130018591881, 0.000957268348429, 0.000669742235914, 0.000652561488096, 0.000552112760488, 0.000921615283005, 0.000393546157284, 0.000346368586179, 0.000478042144096, 0.000380657991627, 0.00011560790881, 8.88996510184e-05, 7.63330535847e-05, 0.00016080851492, 0.00033835216891, 0.000205063683097, 5.85735870118e-05, 8.58316262509e-09],
        "dvar": [3.48835840214e-07, 0.000799162429757, 0.00026175196399, 0.000137576731504, 3.11253352265e-05, 3.76219622922e-06, 6.37129869574e-06, 3.67844904758e-06, 5.56634631721e-06, 7.88321449363e-06, 5.2753489399e-06, 1.39091253004e-06, 1.87738271507e-06, 8.00883128704e-07, 1.93345058506e-05, 9.73149553829e-07, 5.52326412162e-07, 1.20308789064e-06, 6.21680953827e-07, 6.00607066303e-08, 6.28444496442e-08, 5.39128635069e-08, 2.75605003708e-07, 8.06956734323e-07, 2.0859840788e-07, 1.78020407304e-08, 3.44219419627e-16],
        "dvar2": [9.90524085864e-07, 0.00131821795367, 0.000713552115485, 0.000373732647859, 9.17380602914e-05, 8.98103553482e-06, 1.54485187522e-05, 9.59270801104e-06, 1.41277441799e-05, 1.95018092199e-05, 1.21670327644e-05, 3.32737590725e-06, 3.61739353139e-06, 1.95784400603e-06, 5.53346508241e-05, 2.48450601248e-06, 1.40684232974e-06, 2.53723783317e-06, 1.18902551094e-06, 1.31832749162e-07, 1.264396019e-07, 9.36478983249e-08, 5.19485467976e-07, 1.30539626753e-06, 3.8839036165e-07, 3.77900732929e-08, 8.37726066867e-16],
        "max": [0.0104907806963, 0.42605048418, 0.204486757517, 0.152536153793, 0.0719006434083, 0.0270225815475, 0.0392173193395, 0.0195840839297, 0.0366947613657, 0.0393990911543, 0.0332864969969, 0.0141911348328, 0.0250984858721, 0.0150637645274, 0.0806243047118, 0.0161148644984, 0.0122704179958, 0.0173839069903, 0.0190758425742, 0.00361868389882, 0.00325581082143, 0.00560100562871, 0.00984564237297, 0.021242165938, 0.00666484842077, 0.00221723713912, 4.1715173893e-07],
        "mean": [0.000623360392638, 0.0246550068259, 0.00414961669594, 0.00222686305642, 0.00147694919724, 0.00160370476078, 0.0010377302533, 0.000706478545908, 0.000814991770312, 0.000956670381129, 0.000779056630563, 0.000542845926248, 0.000583226210438, 0.000392342917621, 0.000492678198498, 0.00027581496397, 0.00025587764685, 0.000427216029493, 0.000285883463221, 8.80141888047e-05, 7.74515719968e-05, 7.3153845733e-05, 0.000148912149598, 0.000340420810971, 0.000201362359803, 5.51413395442e-05, 4.86752016471e-09],
        "median": [0.000336727214744, 0.0168269202113, 0.00153759284876, 0.000732624088414, 0.000715567148291, 0.00081091246102, 0.000176943431143, 9.44620987866e-05, 8.67636044859e-05, 9.63501079241e-05, 0.00012828654144, 0.00014596823894, 8.78401042428e-05, 8.1214835518e-05, 7.99346526037e-05, 4.08761115978e-05, 5.62292407267e-05, 3.68062392226e-05, 3.70939669665e-05, 1.35271038744e-05, 1.24866528495e-05, 6.37267157799e-06, 6.08822574577e-06, 2.13511630136e-05, 2.4402534109e-05, 8.93190735951e-06, 1.13426201764e-09],
        "min": [1.83997924947e-23, 5.03293509966e-23, 2.86367521093e-23, 2.02543792393e-23, 2.31608646694e-23, 6.2790955162e-23, 5.94273216819e-23, 9.52713247469e-23, 8.11660499995e-23, 6.85833903951e-23, 2.01337182307e-23, 3.8726068517e-23, 7.02951996267e-23, 5.07224277639e-23, 1.9321985408e-22, 2.0270857597e-22, 2.13858197165e-22, 1.29879851728e-22, 1.9137732744e-22, 3.97134617307e-22, 3.696200577e-22, 5.1256167897e-22, 5.11407594398e-22, 5.63945124841e-22, 1.02700602182e-21, 1.8359095981e-21, 2.61020982233e-21],
        "var": [7.33633385153e-07, 0.00161770579871, 0.000188874226296, 9.26640859689e-05, 1.83436186489e-05, 5.57029579795e-06, 7.02919305695e-06, 3.41721147379e-06, 6.08478330832e-06, 9.97389633994e-06, 7.21991636965e-06, 1.81880557193e-06, 3.61985689779e-06, 1.00605166153e-06, 1.19710648505e-05, 1.03126910744e-06, 5.47667582396e-07, 2.11360179492e-06, 1.00425961591e-06, 8.53074908491e-08, 9.44011944171e-08, 1.12155326804e-07, 4.59981691847e-07, 1.74273338871e-06, 3.93010395783e-07, 2.55355345757e-08, 3.2773544379e-16]
    },
    "erbbands": {
        "dmean": [0.193280801177, 1.72725725174, 3.07098579407, 6.67794847488, 5.95849323273, 3.84175729752, 6.00474834442, 9.86244678497, 12.2859754562, 17.5702018738, 15.6925706863, 16.7226390839, 21.2207317352, 25.788236618, 21.1239566803, 17.2508621216, 20.2002677917, 16.6754703522, 26.1891689301, 15.9477453232, 12.8366918564, 12.6203203201, 16.4796485901, 13.707649231, 10.3391551971, 3.31837749481, 2.33069300652, 2.38395237923, 1.92878293991, 2.78024673462, 3.42718505859, 4.21266746521, 4.64871835709, 2.11925435066, 0.817765712738, 0.280595332384, 0.0553219243884, 0.00473781256005, 0.000101998819446, 2.05940486921e-05],
        "dmean2": [0.276349782944, 2.30736613274, 5.00672245026, 11.3875703812, 10.5509653091, 6.92829799652, 9.79885864258, 16.1446628571, 20.5085010529, 28.2032756805, 25.313791275, 27.1131916046, 34.4886436462, 38.7109565735, 33.1134185791, 27.4702510834, 29.6621780396, 25.3537597656, 46.3908500671, 27.1161403656, 20.6297283173, 19.7383670807, 25.0331554413, 19.7581119537, 16.577955246, 5.18654537201, 3.41041469574, 3.6437599659, 2.65433073044, 3.87130570412, 4.81695413589, 5.6950545311, 6.34998464584, 2.96052002907, 1.17217516899, 0.40496212244, 0.0794575959444, 0.00711149116978, 0.000149531493662, 3.07121590595e-05],
        "dvar": [0.580438375473, 44.6626319885, 193.33682251, 1286.66796875, 703.651672363, 295.143188477, 132.272064209, 404.21685791, 766.509155273, 1838.10400391, 1857.2935791, 3538.93408203, 5548.72607422, 7222.06103516, 6566.26269531, 2392.95068359, 3982.05126953, 1932.98742676, 40155.7578125, 6209.63378906, 3329.8684082, 1954.10083008, 3220.99902344, 2207.73608398, 983.63848877, 117.241134644, 105.039970398, 94.8442611694, 68.7634658813, 172.952224731, 226.799880981, 298.828094482, 249.548019409, 46.0098228455, 6.11547851562, 0.84400177002, 0.0322033762932, 0.000247435760684, 1.01434459054e-07, 1.86038162653e-09],
        "dvar2": [1.10595858097, 72.2854003906, 505.063415527, 3516.24023438, 2025.60302734, 873.340881348, 343.028289795, 978.430664062, 1876.48608398, 4453.78613281, 4861.49755859, 9041.76855469, 14170.0791016, 15846.453125, 15611.3613281, 5527.01953125, 7199.22021484, 4438.23583984, 114973.789062, 17207.5566406, 8885.83886719, 5071.67431641, 6912.34228516, 3423.38720703, 2294.52368164, 262.899017334, 209.935211182, 204.079360962, 124.776863098, 322.565979004, 426.473083496, 489.609436035, 434.117767334, 83.0120697021, 12.0593452454, 1.87235617638, 0.0670308545232, 0.000513058388606, 2.01043320658e-07, 4.2230157149e-09],
        "max": [10.7495603561, 99.6796875, 176.568832397, 454.815734863, 320.839111328, 244.827651978, 154.747650146, 324.584594727, 302.063293457, 681.62713623, 528.492004395, 1097.63000488, 942.535949707, 1097.03076172, 1303.32177734, 703.368591309, 1053.97338867, 899.687194824, 3628.60375977, 1321.91540527, 1059.70349121, 723.681030273, 981.26550293, 1296.86572266, 495.064758301, 187.021240234, 151.023574829, 131.376358032, 183.149353027, 255.489181519, 287.874389648, 442.625549316, 330.186065674, 97.7237472534, 38.1918640137, 17.5408973694, 2.88530826569, 0.207454189658, 0.00435449834913, 0.000475493172416],
        "mean": [0.641705811024, 5.59301996231, 6.4805727005, 6.79088592529, 5.92441082001, 4.32778406143, 8.80624103546, 13.3246212006, 13.2514667511, 17.2908687592, 16.2891845703, 18.4704818726, 23.7173671722, 33.781539917, 27.510181427, 24.3222694397, 28.8067302704, 20.7036495209, 26.6542072296, 17.3089733124, 14.9459695816, 15.5305776596, 23.2059059143, 17.6302947998, 11.3341121674, 4.11020898819, 2.97655487061, 3.1105055809, 2.48793888092, 3.66554164886, 4.46940803528, 5.61590147018, 6.21946620941, 2.88652658463, 1.12185907364, 0.370451718569, 0.0733046159148, 0.00647625140846, 0.000162658296176, 5.94490957155e-05],
        "median": [0.515073239803, 2.94791126251, 2.13587093353, 2.4311747551, 2.63896489143, 1.82625162601, 4.06762313843, 5.99115657806, 3.78802013397, 2.73860406876, 2.43951845169, 2.21899104118, 2.62757968903, 4.12847232819, 5.15139389038, 7.36710739136, 5.41431999207, 4.2852730751, 5.14897108078, 3.17698860168, 2.58682441711, 3.42596578598, 2.51685810089, 1.82630109787, 1.6833691597, 0.682615995407, 0.415927946568, 0.485296905041, 0.217441499233, 0.201570034027, 0.186684846878, 0.300552338362, 0.419598072767, 0.277076452971, 0.15625667572, 0.0618523955345, 0.0113935060799, 0.000870107498486, 4.45256300736e-05, 4.48473147117e-05],
        "min": [2.34676915505e-21, 7.61642220203e-21, 3.37639745655e-20, 6.29390354358e-20, 6.72028542255e-20, 6.17918651732e-20, 1.40909131674e-19, 6.75264188468e-19, 6.90321098664e-19, 1.89561982449e-18, 1.52202618237e-18, 2.01633256603e-18, 1.67413446066e-18, 1.88525483782e-18, 1.0449147123e-18, 1.70243075845e-18, 2.93164348258e-18, 3.71592733575e-18, 2.75191533345e-18, 1.7542507287e-17, 1.09171586758e-17, 1.13677529068e-17, 6.69753004579e-18, 1.00802363572e-17, 1.20924218532e-17, 2.11891826483e-17, 1.30526792827e-17, 1.73796039915e-17, 1.59898925859e-17, 1.38882698405e-17, 1.70313559905e-17, 1.18381167544e-17, 1.02314433188e-17, 9.73221748523e-18, 8.3415573035e-18, 6.86431488629e-18, 3.40229725701e-18, 1.43303623092e-18, 3.54934308655e-19, 3.85675480919e-20],
        "var": [0.977144956589, 95.1309890747, 204.831787109, 870.588623047, 422.355895996, 174.090393066, 188.548736572, 524.971374512, 801.900146484, 2101.10717773, 1843.40234375, 3570.22070312, 5698.72607422, 11582.0273438, 8186.56347656, 3526.24194336, 8253.44335938, 3029.87084961, 24627.8027344, 5415.04150391, 2966.62573242, 2013.09216309, 5774.46630859, 4670.49902344, 1234.42675781, 170.003799438, 158.287368774, 141.795776367, 134.348892212, 294.874542236, 392.659210205, 577.691711426, 542.820068359, 90.503944397, 10.6040782928, 1.13917720318, 0.0476083680987, 0.000390697445255, 1.72494551975e-07, 4.46163861412e-09]
    },
    "gfcc": {
        "mean": [-41.1699485779, 103.361885071, -84.9468994141, 28.218006134, -37.1239967346, 29.6149139404, -42.1633415222, 22.2088260651, -27.4500904083, 6.42355775833, -3.94424653053, 3.61581349373, -7.87393522263],
        "cov": [[12362.4853516, -1028.38317871, -1020.92700195, 179.628219604, -478.892669678, 451.40814209, -161.17489624, 424.901885986, -68.8844604492, 138.249588013, -127.905395508, -113.401954651, -101.820755005], [-1028.38317871, 2072.84912109, -219.878433228, -464.510192871, 488.177703857, -300.372650146, 267.373840332, -27.6624088287, 149.230422974, -95.7171554565, 184.367370605, -57.8022193909, 111.61895752], [-1020.92700195, -219.878433228, 1170.80004883, 221.850067139, -100.722442627, 230.163269043, -0.902789592743, -58.6793441772, 29.5833072662, 68.2476730347, 8.03436088562, 117.720848083, 38.5546951294], [179.628219604, -464.510192871, 221.850067139, 704.122619629, 68.8801345825, 71.6356048584, 12.4704284668, -66.5314407349, 91.1556625366, 49.7893981934, 35.849697113, 4.88370370865, 56.3502998352], [-478.892669678, 488.177703857, -100.722442627, 68.8801345825, 483.448028564, -39.9504013062, 88.5742721558, 28.9129123688, 74.8894577026, -2.38166880608, 83.0615615845, -12.4030981064, 70.2377929688], [451.40814209, -300.372650146, 230.163269043, 71.6356048584, -39.9504013062, 379.490722656, 88.8616409302, -62.2628517151, 2.36185669899, -0.625402450562, -12.2624559402, 24.8720016479, 32.5829734802], [-161.17489624, 267.373840332, -0.902789592743, 12.4704284668, 88.5742721558, 88.8616409302, 325.827453613, 8.92099094391, 43.137462616, -45.8874015808, 20.9924507141, 22.8814964294, 54.1648750305], [424.901885986, -27.6624088287, -58.6793441772, -66.5314407349, 28.9129123688, -62.2628517151, 8.92099094391, 310.999053955, 5.14677381516, -3.13926959038, 2.68282842636, 12.0597686768, -10.7764530182], [-68.8844604492, 149.230422974, 29.5833072662, 91.1556625366, 74.8894577026, 2.36185669899, 43.137462616, 5.14677381516, 165.864227295, 31.863111496, 21.6232528687, -14.551782608, 21.3929824829], [138.249588013, -95.7171554565, 68.2476730347, 49.7893981934, -2.38166880608, -0.625402450562, -45.8874015808, -3.13926959038, 31.863111496, 148.466690063, 20.616891861, 2.94316124916, -5.60338497162], [-127.905395508, 184.367370605, 8.03436088562, 35.849697113, 83.0615615845, -12.2624559402, 20.9924507141, 2.68282842636, 21.6232528687, 20.616891861, 152.417297363, 7.90108823776, 20.6980419159], [-113.401954651, -57.8022193909, 117.720848083, 4.88370370865, -12.4030981064, 24.8720016479, 22.8814964294, 12.0597686768, -14.551782608, 2.94316124916, 7.90108823776, 120.266159058, 16.1736526489], [-101.820755005, 111.61895752, 38.5546951294, 56.3502998352, 70.2377929688, 32.5829734802, 54.1648750305, -10.7764530182, 21.3929824829, -5.60338497162, 20.6980419159, 16.1736526489, 124.406997681]],
        "icov": [[0.000140658157761, -0.000180394592462, 0.0002571909572, -0.000269515352556, 0.000280470965663, -0.000493261031806, 0.000212205559365, -0.000348920817487, 0.000168555037817, -0.000269176030997, 0.000172000465682, -6.79894001223e-05, 0.000106683168269], [-0.000180394592462, 0.00220716116019, -0.000795966363512, 0.00214731809683, -0.00167684361804, 0.00245112576522, -0.00157185294665, 0.00141739286482, -0.00177915242966, 0.00132842303719, -0.00180023442954, 0.00109412497841, -0.00121894932818], [0.0002571909572, -0.000795966363512, 0.00175657193176, -0.00117627426516, 0.00105152116157, -0.00192984857131, 0.000889571907464, -0.000810482830275, 0.000457653542981, -0.00104540318716, 0.000631821749266, -0.00139539258089, 0.000317830883432], [-0.000269515352556, 0.00214731809683, -0.00117627426516, 0.00387210678309, -0.00187715236098, 0.00246862159111, -0.00144657597411, 0.00184082670603, -0.00248172297142, 0.00116180046462, -0.00192096852697, 0.00118320900947, -0.00168912531808], [0.000280470965663, -0.00167684361804, 0.00105152116157, -0.00187715236098, 0.00418654736131, -0.00189408287406, 0.000843678542878, -0.001536605414, 0.00058618618641, -0.00106616562698, 0.000247865158599, -0.000566330680158, -0.000226021613344], [-0.000493261031806, 0.00245112576522, -0.00192984857131, 0.00246862159111, -0.00189408287406, 0.00682441703975, -0.00297470483929, 0.00263114832342, -0.00173470156733, 0.00175042205956, -0.00172374141403, 0.00130287278444, -0.00182336370926], [0.000212205559365, -0.00157185294665, 0.000889571907464, -0.00144657597411, 0.000843678542878, -0.00297470483929, 0.00522276945412, -0.00134663691279, 0.000170436338522, 0.000302429776639, 0.00100817438215, -0.00156275811605, -0.000104543287307], [-0.000348920817487, 0.00141739286482, -0.000810482830275, 0.00184082670603, -0.001536605414, 0.00263114832342, -0.00134663691279, 0.00479172030464, -0.00142428418621, 0.00110846105963, -0.00113339640666, 8.44834357849e-05, -0.000487671175506], [0.000168555037817, -0.00177915242966, 0.000457653542981, -0.00248172297142, 0.00058618618641, -0.00173470156733, 0.000170436338522, -0.00142428418621, 0.00905054528266, -0.00277419714257, 0.00137145351619, 0.000468763319077, 0.000671895744745], [-0.000269176030997, 0.00132842303719, -0.00104540318716, 0.00116180046462, -0.00106616562698, 0.00175042205956, 0.000302429776639, 0.00110846105963, -0.00277419714257, 0.0089200399816, -0.00217924662866, 0.000351122376742, -0.000310867937515], [0.000172000465682, -0.00180023442954, 0.000631821749266, -0.00192096852697, 0.000247865158599, -0.00172374141403, 0.00100817438215, -0.00113339640666, 0.00137145351619, -0.00217924662866, 0.00900577288121, -0.00138629041612, 0.000552568060812], [-6.79894001223e-05, 0.00109412497841, -0.00139539258089, 0.00118320900947, -0.000566330680158, 0.00130287278444, -0.00156275811605, 8.44834357849e-05, 0.000468763319077, 0.000351122376742, -0.00138629041612, 0.0104183238, -0.0016631645849], [0.000106683168269, -0.00121894932818, 0.000317830883432, -0.00168912531808, -0.000226021613344, -0.00182336370926, -0.000104543287307, -0.000487671175506, 0.000671895744745, -0.000310867937515, 0.000552568060812, -0.0016631645849, 0.0104888705537]]
    },
    "melbands": {
        "dmean": [0.00196989392862, 0.0015934901312, 0.00110824685544, 0.000338347192155, 0.000191927989363, 0.000219163979637, 0.000197660949198, 0.000188005215023, 0.000130165251903, 0.000103219732409, 0.000110354740173, 0.0001075945911, 8.37395346025e-05, 4.38684219262e-05, 5.20826251886e-05, 3.67038082913e-05, 3.12713927997e-05, 3.99600794481e-05, 3.90059503843e-05, 1.55490488396e-05, 1.60751842486e-05, 1.34342581077e-05, 1.42368917295e-05, 1.58669226948e-05, 1.12017432912e-05, 9.19975809666e-06, 4.69437372885e-06, 1.75121954271e-06, 1.42060571307e-06, 1.62187222941e-06, 1.32176603529e-06, 1.1382833236e-06, 1.08307551727e-06, 1.7781266024e-06, 2.04668845072e-06, 1.77858930783e-06, 3.03315255223e-06, 3.76321486328e-06, 2.27988584811e-06, 1.71408396454e-06],
        "dmean2": [0.0027159198653, 0.00254361145198, 0.00188379839528, 0.000613324926235, 0.000316416670103, 0.00035521236714, 0.00032848311821, 0.000304389570374, 0.000209338468267, 0.00016676094674, 0.000180683899089, 0.000162844618899, 0.000129311069031, 7.0288326242e-05, 8.23578156997e-05, 5.55788901693e-05, 4.88795958518e-05, 7.07213403075e-05, 6.89072330715e-05, 2.52444733633e-05, 2.63074725808e-05, 2.18093828153e-05, 2.16169191845e-05, 2.33001628658e-05, 1.6055213564e-05, 1.47568043758e-05, 7.74619093136e-06, 2.74396643363e-06, 2.04949219551e-06, 2.44728880716e-06, 2.0607069473e-06, 1.61658704201e-06, 1.47335140355e-06, 2.54133101407e-06, 2.972833272e-06, 2.48090395871e-06, 4.2457741074e-06, 5.17937723998e-06, 3.28492251356e-06, 2.40905592364e-06],
        "dvar": [6.07474103163e-05, 3.59143450623e-05, 3.28655842168e-05, 2.41139650825e-06, 1.58566066943e-07, 1.76186560452e-07, 1.98596310952e-07, 1.90901445762e-07, 1.38045862741e-07, 1.34427068588e-07, 1.53664927893e-07, 1.30972281909e-07, 1.01406826047e-07, 1.66812395008e-08, 2.41651019195e-08, 1.23654757545e-08, 7.13220638104e-09, 6.9262029001e-08, 1.03703960974e-07, 3.0502453896e-09, 7.02538516251e-09, 2.74941136524e-09, 2.13863193821e-09, 3.12257686375e-09, 1.66284197523e-09, 8.19406598129e-10, 2.11854242482e-10, 4.35751261463e-11, 3.97261563923e-11, 5.3110033732e-11, 2.72643071314e-11, 2.72571236415e-11, 1.83583426239e-11, 8.11505238008e-11, 9.59016061008e-11, 4.4974517166e-11, 1.9353058045e-10, 1.85586407353e-10, 4.67072006072e-11, 3.48356933577e-11],
        "dvar2": [0.000104113598354, 7.72209969e-05, 9.02878455236e-05, 7.09089135853e-06, 4.32106133985e-07, 4.25245616498e-07, 4.87873876409e-07, 4.70471690051e-07, 3.56811796109e-07, 3.41530920878e-07, 3.93449965941e-07, 2.9130504231e-07, 2.41927693878e-07, 3.88055916289e-08, 5.05687083319e-08, 2.32137438161e-08, 1.68448313076e-08, 1.97726336637e-07, 2.96191132065e-07, 6.98642699248e-09, 1.95007103798e-08, 7.33127425434e-09, 4.81318807033e-09, 6.37495700673e-09, 2.54812415612e-09, 1.92748772498e-09, 4.83822260033e-10, 1.01517787232e-10, 8.45060341148e-11, 1.08988720826e-10, 6.17996903651e-11, 5.23284748866e-11, 3.23338994468e-11, 1.55456647555e-10, 1.82728568388e-10, 7.97621205195e-11, 3.30584393193e-10, 3.29806931765e-10, 8.26046106517e-11, 6.37173092066e-11],
        "max": [0.11551566422, 0.0780230760574, 0.0730830803514, 0.0193898156285, 0.00417095795274, 0.00648499978706, 0.00473495991901, 0.00596208358184, 0.00456492509693, 0.00640984997153, 0.00476882001385, 0.00452150776982, 0.00488702766597, 0.00182323681656, 0.00275815650821, 0.00182606140152, 0.00156358827371, 0.0046753315255, 0.0058935135603, 0.000878840743098, 0.00158103345893, 0.000820705783553, 0.000831100158393, 0.0010806719074, 0.00121668202337, 0.000443620810984, 0.000212330371141, 0.000112466033897, 9.54011702561e-05, 0.00011587850895, 7.41034164093e-05, 9.98953983071e-05, 0.000112910427561, 0.000181770708878, 0.000188728925423, 0.000113756446808, 0.000373292918084, 0.000297296064673, 0.000112080619147, 9.11797324079e-05],
        "mean": [0.00646989746019, 0.00507944915444, 0.0011635334231, 0.000350589019945, 0.000279406172922, 0.00030096466071, 0.000210676735151, 0.000181238588993, 0.000134723217343, 0.000114590548037, 0.000120195596537, 0.000138566014357, 0.000103964805021, 5.63959583815e-05, 7.41976837162e-05, 5.11363978148e-05, 3.70466441382e-05, 4.02271471103e-05, 3.55862393917e-05, 1.82807925739e-05, 1.71254268935e-05, 1.50649557327e-05, 1.93790092453e-05, 2.08381334232e-05, 1.36820699481e-05, 9.8723667179e-06, 5.13145596415e-06, 2.15719501284e-06, 1.72147952071e-06, 2.05801893571e-06, 1.65158201071e-06, 1.39103485708e-06, 1.43843783462e-06, 2.27146620091e-06, 2.60776596406e-06, 2.30737668971e-06, 4.01159741159e-06, 4.89550666316e-06, 3.06816286866e-06, 2.27106284001e-06],
        "median": [0.00491338269785, 0.00203187111765, 0.000481399591081, 0.000155241723405, 0.00013486968237, 0.000141486423672, 5.48294410692e-05, 2.85449186777e-05, 1.82151488843e-05, 1.25116894196e-05, 1.29110285343e-05, 1.58026250574e-05, 1.84743948921e-05, 1.51070107677e-05, 1.78554910235e-05, 7.7011391113e-06, 7.13716008249e-06, 7.73637566454e-06, 4.92882782055e-06, 2.65506650976e-06, 2.79617779597e-06, 3.38669337907e-06, 2.77279468719e-06, 1.58508260029e-06, 1.29669911075e-06, 1.33327307594e-06, 7.46941850593e-07, 3.17810815886e-07, 2.27163241107e-07, 2.70972947192e-07, 2.48997366725e-07, 1.1441106551e-07, 1.05010229845e-07, 1.02662454537e-07, 9.82873302746e-08, 1.08113411557e-07, 2.00026079256e-07, 2.71577050626e-07, 2.40743361246e-07, 2.12758109797e-07],
        "min": [1.73052211674e-23, 1.51885558974e-23, 9.67988655375e-24, 5.9056576778e-24, 3.75172464648e-24, 1.40127318969e-23, 1.13254803788e-23, 2.19598018531e-23, 9.72827054851e-24, 1.37835457159e-23, 8.98485513118e-24, 8.68863549468e-24, 2.8005633014e-24, 3.42409651304e-24, 5.70147720413e-24, 7.41715895398e-24, 6.54756168498e-24, 2.88238336285e-24, 1.55624680779e-23, 1.86227908508e-23, 1.36991328658e-23, 1.23652952929e-23, 6.66111229583e-24, 6.71310769582e-24, 8.29319056695e-24, 7.54531177462e-24, 1.13033457306e-23, 1.50283098486e-23, 6.4827228406e-24, 8.70083365086e-24, 1.11771508627e-23, 9.13467796088e-24, 9.7224030011e-24, 6.22918531224e-24, 1.01820990718e-23, 9.45104431603e-24, 5.59157191952e-24, 7.36908577042e-24, 6.43316817626e-24, 8.53401007979e-24],
        "var": [0.000112095076474, 7.70715705585e-05, 2.20617585001e-05, 1.39547933031e-06, 1.85789417628e-07, 2.37389841118e-07, 2.12414462908e-07, 2.12367396557e-07, 1.42444974927e-07, 1.402318901e-07, 1.55546416636e-07, 2.05561448752e-07, 1.26304740888e-07, 2.18857856282e-08, 4.59178366441e-08, 2.54466545613e-08, 1.01020312115e-08, 4.3193196575e-08, 6.54066454331e-08, 4.65495375579e-09, 5.12901721095e-09, 2.34148789247e-09, 3.4872227328e-09, 5.81710368763e-09, 3.35283290021e-09, 1.02509478683e-09, 2.53984777654e-10, 6.02522753912e-11, 5.61616447792e-11, 7.53497819694e-11, 3.92182814002e-11, 4.75999101246e-11, 4.03302669039e-11, 1.27023933039e-10, 1.58670493411e-10, 8.09186884165e-11, 3.58415408463e-10, 3.80617037887e-10, 1.02429308091e-10, 6.28411697678e-11]
    },
    "mfcc": {
        "mean": [-694.825012207, 141.021026611, 18.7385005951, 13.7501792908, 30.5494155884, 3.95718169212, 15.905878067, 7.76557397842, -1.26744675636, 0.366796344519, 4.09476852417, 4.89123106003, 2.36351561546],
        "cov": [[8761.97851562, -828.870056152, -695.256347656, -189.6015625, -122.469947815, -190.811691284, 73.3584823608, 117.896598816, 103.181488037, 301.2449646, 43.298210144, -77.7406158447, -13.2588949203], [-828.870056152, 2485.80102539, -565.495788574, -153.797546387, 56.9290046692, -211.304901123, 103.251014709, 70.111831665, 25.1920852661, -49.5846366882, 131.505081177, 17.9124450684, 4.65908288956], [-695.256347656, -565.495788574, 1240.7644043, 9.21431922913, 13.2618045807, 246.868438721, -10.3354244232, -14.9804191589, 5.07496356964, 2.67642140388, -112.425117493, 82.3207626343, 58.3119468689], [-189.6015625, -153.797546387, 9.21431922913, 554.2734375, 139.185668945, 44.5881004333, -21.0393848419, 1.14546978474, 11.006436348, 76.4889984131, -4.4409122467, 18.3220539093, 73.1834487915], [-122.469947815, 56.9290046692, 13.2618045807, 139.185668945, 354.060821533, 29.3462963104, 8.92115974426, -20.1795330048, 3.07061290741, 36.2705078125, 7.29263687134, 18.5632419586, 50.0029602051], [-190.811691284, -211.304901123, 246.868438721, 44.5881004333, 29.3462963104, 473.125396729, 51.4043121338, -5.54368782043, 24.2123394012, 24.3243770599, -55.7054252625, 50.2928581238, -21.0555438995], [73.3584823608, 103.251014709, -10.3354244232, -21.0393848419, 8.92115974426, 51.4043121338, 222.152587891, 82.7789306641, 33.8196640015, 4.64526367188, -3.16705584526, 13.6302680969, 12.9557504654], [117.896598816, 70.111831665, -14.9804191589, 1.14546978474, -20.1795330048, -5.54368782043, 82.7789306641, 229.152420044, 65.3642578125, 2.84134960175, 25.4918498993, -13.3413085938, 20.6067390442], [103.181488037, 25.1920852661, 5.07496356964, 11.006436348, 3.07061290741, 24.2123394012, 33.8196640015, 65.3642578125, 173.325012207, 27.8971652985, -3.5253841877, 2.65073060989, -5.45892047882], [301.2449646, -49.5846366882, 2.67642140388, 76.4889984131, 36.2705078125, 24.3243770599, 4.64526367188, 2.84134960175, 27.8971652985, 190.118911743, 17.845489502, -25.3237037659, 43.2351303101], [43.298210144, 131.505081177, -112.425117493, -4.4409122467, 7.29263687134, -55.7054252625, -3.16705584526, 25.4918498993, -3.5253841877, 17.845489502, 157.481933594, 6.81522226334, -5.56741762161], [-77.7406158447, 17.9124450684, 82.3207626343, 18.3220539093, 18.5632419586, 50.2928581238, 13.6302680969, -13.3413085938, 2.65073060989, -25.3237037659, 6.81522226334, 117.237876892, 5.32103872299], [-13.2588949203, 4.65908288956, 58.3119468689, 73.1834487915, 50.0029602051, -21.0555438995, 12.9557504654, 20.6067390442, -5.45892047882, 43.2351303101, -5.56741762161, 5.32103872299, 125.878051758]],
