{
"lowlevel": {
    "average_loudness": 0.973989903927,
    "barkbands_crest": {
        "dmean": 2.66814565659,
        "dmean2": 4.25660943985,
        "dvar": 5.09757089615,
        "dvar2": 12.4041213989,
        "max": 22.8936920166,
        "mean": 9.52217960358,
        "median": 8.78939628601,
        "min": 2.91114544868,
        "var": 13.2407493591
    },
    "barkbands_flatness_db": {
        "dmean": 0.0259109232575,
        "dmean2": 0.0371584407985,
        "dvar": 0.000514727318659,
        "dvar2": 0.00113997713197,
        "max": 0.284678637981,
        "mean": 0.1367508322,
        "median": 0.134806662798,
        "min": 0.0272629838437,
        "var": 0.00216065044515
    },
    "barkbands_kurtosis": {
        "dmean": 3.01385569572,
        "dmean2": 4.77923583984,
        "dvar": 17.4659481049,
        "dvar2": 42.9473724365,
        "max": 46.8398132324,
        "mean": 4.5473856926,
        "median": 2.48456382751,
        "min": -1.91931009293,
        "var": 43.3627090454
    },
    "barkbands_skewness": {
        "dmean": 0.568064987659,
        "dmean2": 0.844805240631,
        "dvar": 0.296270728111,
        "dvar2": 0.66192138195,
        "max": 6.01108026505,
        "mean": 1.74930024147,
        "median": 1.66009390354,
        "min": -1.78434836864,
        "var": 1.25248169899
    },
    "barkbands_spread": {
        "dmean": 6.93183279037,
        "dmean2": 10.2470293045,
        "dvar": 97.6679611206,
        "dvar2": 174.045852661,
        "max": 104.797843933,
        "mean": 22.4567184448,
        "median": 17.6673278809,
        "min": 1.98385083675,
        "var": 279.425292969
    },
    "dissonance": {
        "dmean": 0.0182064082474,
        "dmean2": 0.0299253780395,
        "dvar": 0.000297357502859,
        "dvar2": 0.00072951806942,
        "max": 0.499999880791,
        "mean": 0.457169234753,
        "median": 0.4641289711,
        "min": 0.313911408186,
        "var": 0.000797869637609
    },
    "dynamic_complexity": 2.72809076309,
    "erbbands_crest": {
        "dmean": 2.51901006699,
        "dmean2": 4.01318502426,
        "dvar": 5.65889453888,
        "dvar2": 13.1130571365,
        "max": 27.6210002899,
        "mean": 9.03158950806,
        "median": 7.99933242798,
        "min": 2.63752055168,
        "var": 18.6168346405
    },
    "erbbands_flatness_db": {
        "dmean": 0.0258622411638,
        "dmean2": 0.0353711098433,
        "dvar": 0.000513322476763,
        "dvar2": 0.00105739966966,
        "max": 0.304828077555,
        "mean": 0.147181108594,
        "median": 0.144240930676,
        "min": 0.0475651025772,
        "var": 0.00186940922868
    },
    "erbbands_kurtosis": {
        "dmean": 0.733339488506,
        "dmean2": 1.11706113815,
        "dvar": 0.872602820396,
        "dvar2": 2.08172774315,
        "max": 9.49894523621,
        "mean": 0.0286352690309,
        "median": -0.495756864548,
        "min": -1.74329996109,
        "var": 2.61698055267
    },
    "erbbands_skewness": {
        "dmean": 0.340908497572,
        "dmean2": 0.50412273407,
        "dvar": 0.0964624807239,
        "dvar2": 0.205201253295,
        "max": 2.62419652939,
        "mean": 0.218273371458,
        "median": 0.234494790435,
        "min": -1.73093867302,
        "var": 0.409614533186
    },
    "erbbands_spread": {
        "dmean": 10.5389099121,
        "dmean2": 15.2065258026,
        "dvar": 148.04335022,
        "dvar2": 259.849914551,
        "max": 165.447692871,
        "mean": 44.3982696533,
        "median": 40.0736541748,
        "min": 5.941883564,
        "var": 573.584777832
    },
    "hfc": {
        "dmean": 8.35459518433,
        "dmean2": 11.7941617966,
        "dvar": 154.586486816,
        "dvar2": 272.580444336,
        "max": 226.587158203,
        "mean": 23.9972934723,
        "median": 16.9789237976,
        "min": 1.31362011981e-16,
        "var": 508.318817139
    },
    "melbands_crest": {
        "dmean": 3.17305445671,
        "dmean2": 5.24062490463,
        "dvar": 7.31292533875,
        "dvar2": 18.2310733795,
        "max": 27.4759120941,
        "mean": 13.8263139725,
        "median": 13.3337335587,
        "min": 1.90953171253,
        "var": 16.6063804626
    },
    "melbands_flatness_db": {
        "dmean": 0.030747871846,
        "dmean2": 0.0439648479223,
        "dvar": 0.00079910462955,
        "dvar2": 0.00166592106689,
        "max": 0.394674867392,
        "mean": 0.218884184957,
        "median": 0.219144389033,
        "min": 0.00906160939485,
        "var": 0.00358888553455
    },
    "melbands_kurtosis": {
        "dmean": 8.39544773102,
        "dmean2": 13.3552112579,
        "dvar": 150.502288818,
        "dvar2": 363.39453125,
        "max": 128.137741089,
        "mean": 16.0077095032,
        "median": 10.0701255798,
        "min": -1.39673626423,
        "var": 351.564086914
    },
    "melbands_skewness": {
        "dmean": 0.827158331871,
        "dmean2": 1.25310456753,
        "dvar": 0.748496890068,
        "dvar2": 1.61193728447,
        "max": 9.03417396545,
        "mean": 3.01575160027,
        "median": 2.71506214142,
        "min": -0.597605288029,
        "var": 2.87589478493
    },
    "melbands_spread": {
        "dmean": 6.5116558075,
        "dmean2": 9.79932498932,
        "dvar": 82.2167434692,
        "dvar2": 171.153762817,
        "max": 119.169754028,
        "mean": 19.4912414551,
        "median": 16.1672687531,
        "min": 1.86504387856,
        "var": 188.014266968
    },
    "pitch_salience": {
        "dmean": 0.0715860500932,
        "dmean2": 0.112778268754,
        "dvar": 0.00358510576189,
        "dvar2": 0.00922698061913,
        "max": 0.801991343498,
        "mean": 0.54788517952,
        "median": 0.550273358822,
        "min": 0.241631373763,
        "var": 0.00936476886272
    },
    "silence_rate_20dB": {
        "dmean": 0,
        "dmean2": 0,
        "dvar": 0,
        "dvar2": 0,
        "max": 1,
        "mean": 1,
        "median": 1,
        "min": 1,
        "var": 0
    },
    "silence_rate_30dB": {
        "dmean": 0,
        "dmean2": 0,
        "dvar": 0,
        "dvar2": 0,
        "max": 1,
        "mean": 1,
        "median": 1,
        "min": 1,
        "var": 0
    },
    "silence_rate_60dB": {
        "dmean": 0.00464396271855,
        "dmean2": 0.00929511990398,
        "dvar": 0.00462228944525,
        "dvar2": 0.00920863822103,
        "max": 1,
        "mean": 0.0332559943199,
        "median": 0,
        "min": 0,
        "var": 0.0321503095329
    },
    "spectral_centroid": {
        "dmean": 224.565567017,
        "dmean2": 333.845672607,
        "dvar": 134374.296875,
        "dvar2": 194215.59375,
        "max": 10945.1601562,
        "mean": 1131.29016113,
        "median": 1014.14135742,
        "min": 273.270294189,
        "var": 315066.28125
    },
    "spectral_complexity": {
        "dmean": 3.18421053886,
        "dmean2": 4.92641353607,
        "dvar": 9.74159240723,
        "dvar2": 18.9186306,
        "max": 42,
        "mean": 18.9187927246,
        "median": 19,
        "min": 0,
        "var": 51.9277038574
    },
    "spectral_decrease": {
        "dmean": 2.73055134059e-09,
        "dmean2": 4.10770351067e-09,
        "dvar": 1.01934070727e-17,
        "dvar2": 2.55355386568e-17,
        "max": 1.70102249364e-28,
        "mean": -8.357025294e-09,
        "median": -7.73853070513e-09,
        "min": -3.10844932017e-08,
        "var": 2.45173818932e-17
    },
    "spectral_energy": {
        "dmean": 0.0107000721619,
        "dmean2": 0.0160311870277,
        "dvar": 0.000150957814185,
        "dvar2": 0.000374338880647,
        "max": 0.119453161955,
        "mean": 0.033717956394,
        "median": 0.0312726087868,
        "min": 1.12729118997e-20,
        "var": 0.00038139874232
    },
    "spectral_energyband_high": {
        "dmean": 0.000563901907299,
        "dmean2": 0.000785788230132,
        "dvar": 1.36635333092e-06,
        "dvar2": 2.39601308749e-06,
        "max": 0.0204668976367,
        "mean": 0.000902813801076,
        "median": 0.000235764673562,
        "min": 8.22027131934e-21,
        "var": 3.47479362972e-06
    },
    "spectral_energyband_low": {
        "dmean": 0.00743753183633,
        "dmean2": 0.0113832307979,
        "dvar": 0.000104394493974,
        "dvar2": 0.00026932975743,
        "max": 0.093713760376,
        "mean": 0.0134529443458,
        "median": 0.00911752972752,
        "min": 1.49174291375e-23,
        "var": 0.000175123204826
    },
    "spectral_energyband_middle_high": {
        "dmean": 0.00223247311078,
        "dmean2": 0.00303759681992,
        "dvar": 1.32916320581e-05,
        "dvar2": 2.21003519982e-05,
        "max": 0.0533690676093,
        "mean": 0.00609966367483,
        "median": 0.00302551500499,
        "min": 1.62187318148e-21,
        "var": 6.60149453324e-05
    },
    "spectral_energyband_middle_low": {
        "dmean": 0.00554802967235,
        "dmean2": 0.00877372920513,
        "dvar": 4.32654633187e-05,
        "dvar2": 0.000105699175037,
        "max": 0.0875394716859,
        "mean": 0.0150812063366,
        "median": 0.0130249774083,
        "min": 2.47371936671e-22,
        "var": 0.000101015742985
    },
    "spectral_entropy": {
        "dmean": 0.211076050997,
        "dmean2": 0.296928852797,
        "dvar": 0.0457033813,
        "dvar2": 0.0803843587637,
        "max": 9.79624938965,
        "mean": 7.48931455612,
        "median": 7.46061992645,
        "min": 6.15096664429,
        "var": 0.16708637774
    },
    "spectral_flux": {
        "dmean": 0.0305398572236,
        "dmean2": 0.0463293902576,
        "dvar": 0.000904578715563,
        "dvar2": 0.00198295316659,
        "max": 0.269165754318,
        "mean": 0.0927203595638,
        "median": 0.0816295742989,
        "min": 1.06173972392e-10,
        "var": 0.00223141536117
    },
    "spectral_kurtosis": {
        "dmean": 1.96563231945,
        "dmean2": 2.95793104172,
        "dvar": 3.78263282776,
        "dvar2": 8.76152420044,
        "max": 21.2658405304,
        "mean": 5.37987995148,
        "median": 5.08962535858,
        "min": -1.44058334827,
        "var": 10.2795696259
    },
    "spectral_rms": {
        "dmean": 0.000904412183445,
        "dmean2": 0.00129267130978,
        "dvar": 8.29869861718e-07,
        "dvar2": 1.87639443539e-06,
        "max": 0.0107953539118,
        "mean": 0.00543463090435,
        "median": 0.00552357314155,
        "min": 3.31631770656e-12,
        "var": 3.36041284754e-06
    },
    "spectral_rolloff": {
        "dmean": 667.064086914,
        "dmean2": 1117.39208984,
        "dvar": 2578333.25,
        "dvar2": 4926989,
        "max": 18906.1523438,
        "mean": 1457.0637207,
        "median": 839.794921875,
        "min": 86.1328125,
        "var": 4220207.5
    },
    "spectral_skewness": {
        "dmean": 0.277579396963,
        "dmean2": 0.409157037735,
        "dvar": 0.0625729560852,
        "dvar2": 0.130558118224,
        "max": 3.6694214344,
        "mean": 1.72431004047,
        "median": 1.72442674637,
        "min": 0.0114374058321,
        "var": 0.243355408311
    },
    "spectral_spread": {
        "dmean": 1157573.375,
        "dmean2": 1526189,
        "dvar": 2.69389345587e+12,
        "dvar2": 3.60097828045e+12,
        "max": 40479208,
        "mean": 4998877,
        "median": 4174448,
        "min": 2081675,
        "var": 8.04789734605e+12
    },
    "spectral_strongpeak": {
        "dmean": 0.525749742985,
        "dmean2": 0.860694408417,
        "dvar": 0.730535328388,
        "dvar2": 1.65090596676,
        "max": 8.62255954742,
        "mean": 0.895909547806,
        "median": 0.431708067656,
        "min": 3.23493454246e-09,
        "var": 1.46646142006
    },
    "zerocrossingrate": {
        "dmean": 0.0154613573104,
        "dmean2": 0.0165391564369,
        "dvar": 0.000638925237581,
        "dvar2": 0.000647572742309,
        "max": 0.5234375,
        "mean": 0.0595476552844,
        "median": 0.044921875,
        "min": 0.00537109375,
        "var": 0.00215054838918
    },
    "barkbands": {
        "dmean": [0.000175549153937, 0.00449059857056, 0.00291680474766, 0.00239644921385, 0.00213089492172, 0.00142114539631, 0.000430839107139, 0.000904102053028, 0.00101911684033, 0.000562566332519, 0.000637054734398, 0.000739941839129, 0.000263182853814, 0.000310473522404, 0.000443405006081, 0.000269315147307, 0.000261966313701, 0.000126546015963, 0.000152287233504, 9.01664679986e-05, 5.69689800614e-05, 5.40449218533e-05, 6.47783381282e-05, 0.000141492215334, 0.000210917220102, 9.11259267014e-05, 4.28108614869e-06],
        "dmean2": [0.00027653289726, 0.00689764041454, 0.00480452226475, 0.00405322946608, 0.00342006632127, 0.00218387274072, 0.000711945001967, 0.00137053558137, 0.00153220887296, 0.000801440910436, 0.000987439067103, 0.0010866378434, 0.000403157726396, 0.000483536889078, 0.000673044705763, 0.000416524271714, 0.000419992255047, 0.000208687866689, 0.000231174766668, 0.00013134710025, 8.62052038428e-05, 8.27932963148e-05, 9.40917234402e-05, 0.000209811027162, 0.000285364250885, 0.000131673441501, 6.57326609144e-06],
        "dvar": [1.12087477078e-07, 4.7006396926e-05, 1.24856078401e-05, 1.47268910951e-05, 1.32306349769e-05, 5.10572954227e-06, 7.18081764717e-07, 4.32075921708e-06, 7.83681662142e-06, 2.20983861254e-06, 3.6499855014e-06, 3.86171450373e-06, 7.0010815989e-07, 9.93087724055e-07, 1.40914585245e-06, 1.85394313235e-07, 2.42668278361e-07, 4.48739889691e-08, 8.91380480539e-08, 2.26295178152e-08, 9.01150531973e-09, 1.6949227799e-08, 2.17190070373e-08, 1.82158856887e-07, 5.10213226335e-07, 3.85892562349e-08, 8.21658505124e-11],
        "dvar2": [2.3750409639e-07, 0.000114458576718, 3.2648564229e-05, 4.23417695856e-05, 3.30771581503e-05, 1.15940956675e-05, 1.69068334799e-06, 9.30585792958e-06, 1.67325433722e-05, 4.34422645412e-06, 7.81553899287e-06, 7.0247124313e-06, 1.45765739035e-06, 2.02256342163e-06, 3.24410052599e-06, 4.09646304433e-07, 5.94864957293e-07, 1.11840563477e-07, 1.78803986728e-07, 4.20540864354e-08, 1.84167880946e-08, 3.65917607326e-08, 4.34092157775e-08, 4.31204284723e-07, 7.98429198312e-07, 7.77687176878e-08, 1.69060418442e-10],
        "max": [0.0022824362386, 0.0494137406349, 0.0233447365463, 0.0427084490657, 0.0791668593884, 0.0359913930297, 0.0191188566387, 0.0301110688597, 0.0382231473923, 0.0238930080086, 0.0325873009861, 0.0322741121054, 0.01255144272, 0.0213854238391, 0.0174062028527, 0.00543358130381, 0.00697072315961, 0.00305773713626, 0.00598224950954, 0.00230303034186, 0.00154129066505, 0.0030428217724, 0.00268626771867, 0.00641944259405, 0.0143783381209, 0.00272480258718, 0.000126467464725],
        "mean": [0.000205365635338, 0.00720978807658, 0.00440286938101, 0.00318266777322, 0.00427621183917, 0.0032953787595, 0.000730553176254, 0.0017117948737, 0.00158320239279, 0.00100818718784, 0.000952866685111, 0.00110571738333, 0.000377906573704, 0.000497605593409, 0.000650870497338, 0.000475070090033, 0.000478216417832, 0.00022737524705, 0.000321362545947, 0.000186261779163, 9.5040180895e-05, 6.66515479679e-05, 7.99009358161e-05, 0.000182255811524, 0.00030132982647, 0.000108966691187, 4.58870363218e-06],
        "median": [3.90230925404e-05, 0.00281378137879, 0.00328170740977, 0.00214873044752, 0.00268868892454, 0.00212327111512, 0.000364863226423, 0.000389837950934, 0.000382396974601, 0.000306418398395, 0.000182260060683, 0.000236483916524, 9.97031238512e-05, 0.000152126987814, 0.000181796873221, 0.000282749853795, 0.00026135443477, 0.000145689555211, 0.000152693872224, 8.73923636391e-05, 4.6313922212e-05, 1.43355991895e-05, 1.28772198877e-05, 2.34639355767e-05, 1.97602421395e-05, 9.62130343396e-06, 5.61245087738e-07],
        "min": [6.57420950497e-25, 5.29683968026e-24, 6.10739031607e-24, 5.04373602541e-24, 1.33546641298e-23, 2.38356058007e-23, 6.39725299585e-23, 5.92508440311e-23, 5.28314537049e-23, 7.55769767969e-23, 1.05752490454e-22, 1.24850566845e-22, 1.03347423948e-22, 4.30911798489e-23, 1.81634794287e-22, 9.45936364314e-23, 2.05276375015e-22, 2.93015226698e-22, 2.8438135235e-22, 2.64266308034e-22, 3.52120169327e-22, 5.92108393168e-22, 4.85188887134e-22, 8.71972462918e-22, 1.1329893456e-21, 2.12187498315e-21, 2.85697581285e-21],
        "var": [1.52606830284e-07, 8.70199510246e-05, 1.75720542757e-05, 1.288068961e-05, 2.60011856881e-05, 1.5917879864e-05, 1.55397162871e-06, 1.31966980916e-05, 1.48298249769e-05, 5.68597442907e-06, 7.00134387444e-06, 9.97720690066e-06, 1.24334906104e-06, 2.32394108934e-06, 2.36097116613e-06, 3.71627209006e-07, 4.49907190614e-07, 7.97383634676e-08, 2.27947822395e-07, 7.86124871865e-08, 1.79000156919e-08, 2.47897222749e-08, 3.87224581289e-08, 2.6607028758e-07, 1.17233264518e-06, 6.57140546423e-08, 1.08450075309e-10]
    },
    "erbbands": {
        "dmean": [0.0987666994333, 1.21630990505, 3.58062982559, 5.512840271, 8.0460062027, 7.75765228271, 8.12447166443, 13.588177681, 7.31187438965, 9.04015159607, 24.2875289917, 23.7729873657, 15.5709638596, 20.0401763916, 26.592086792, 28.8368167877, 12.4631052017, 13.3349142075, 21.5168170929, 15.5148391724, 13.638299942, 13.3226690292, 7.82445907593, 9.06851100922, 5.11002731323, 3.66876173019, 2.34507775307, 2.37595558167, 1.82482075691, 1.96164560318, 1.82318627834, 2.56142139435, 2.52318406105, 2.30670666695, 1.68911492825, 0.516283929348, 0.150310948491, 0.0245545785874, 0.000541890622117, 2.72869037872e-05],
        "dmean2": [0.129879906774, 1.97405719757, 6.04167413712, 9.25848197937, 13.3026313782, 12.1662845612, 12.9822721481, 20.6286315918, 11.7891311646, 14.4323654175, 35.3935661316, 35.5355110168, 23.9398326874, 25.9853458405, 41.2754898071, 42.4922523499, 18.3380050659, 18.9110813141, 31.6827163696, 23.9177112579, 21.2114181519, 21.3279094696, 12.7636947632, 13.9132471085, 7.55851411819, 5.40907430649, 3.62043261528, 3.63736557961, 2.84440159798, 2.88868308067, 2.65507483482, 3.76831555367, 3.8272690773, 3.41476631165, 2.17813825607, 0.707293450832, 0.219812914729, 0.0363361686468, 0.000787998724263, 3.94222624891e-05],
        "dvar": [0.0210337974131, 3.56685447693, 23.3367519379, 68.0174407959, 135.950759888, 296.045318604, 183.619491577, 652.604553223, 152.134674072, 825.965942383, 2943.7746582, 4282.59130859, 2188.37597656, 3081.42016602, 7259.80273438, 5358.74707031, 1238.5880127, 1180.36633301, 4288.52490234, 1145.30541992, 404.552185059, 762.008728027, 187.909179688, 327.878265381, 81.9000473022, 38.0426368713, 14.0346651077, 19.2938976288, 19.8439865112, 37.3095588684, 16.0751953125, 67.6782531738, 57.4863204956, 59.3438415527, 36.0343360901, 2.3318567276, 0.0831950604916, 0.0022293352522, 1.04786977317e-06, 1.3411367572e-09],
        "dvar2": [0.04343001917, 9.59177207947, 62.7161064148, 191.024551392, 371.765472412, 740.047607422, 415.520233154, 1419.12902832, 369.617431641, 2045.23779297, 5679.51757812, 9237.25195312, 5022.48388672, 4045.32446289, 16455.9980469, 9352.63867188, 2339.15161133, 1671.85791016, 8407.6875, 2695.83935547, 927.88659668, 1814.71936035, 440.583648682, 700.253173828, 134.13684082, 73.08568573, 29.2839431763, 40.4128303528, 41.1867523193, 89.6249847412, 32.9135131836, 162.194534302, 134.031417847, 113.69304657, 56.5924072266, 4.68468952179, 0.164847791195, 0.00407570321113, 1.91698359231e-06, 2.28030772043e-09],
        "max": [1.11879825592, 12.8152980804, 32.7679519653, 106.953689575, 119.722717285, 411.504760742, 200.141586304, 451.173919678, 230.783126831, 692.839050293, 745.859680176, 881.713623047, 856.000793457, 1095.30993652, 1499.31518555, 1147.55749512, 639.623413086, 1109.47497559, 1135.50866699, 542.282897949, 236.256607056, 392.559112549, 183.105804443, 367.242340088, 154.073745728, 106.318336487, 48.5397720337, 86.5843505859, 83.2375183105, 165.060409546, 68.8243865967, 152.852554321, 113.629898071, 126.41002655, 139.338226318, 26.6815319061, 2.50226306915, 0.372526556253, 0.0105174724013, 0.000553058227524],
        "mean": [0.162896931171, 1.76838517189, 5.36736440659, 8.04140758514, 12.7536401749, 15.3963479996, 16.016122818, 31.3912601471, 14.1400089264, 16.3913955688, 45.4826316833, 39.6437110901, 27.3586883545, 37.4576911926, 42.3346939087, 45.1199378967, 20.9382457733, 24.1733894348, 34.3950462341, 25.1423339844, 27.0541286469, 25.8904380798, 15.5156850815, 17.4396820068, 13.0991287231, 7.53200960159, 4.15329933167, 3.59220767021, 2.33027291298, 2.31760573387, 2.28524303436, 3.29212164879, 3.28141570091, 3.12958359718, 2.2584373951, 0.646799147129, 0.169639185071, 0.027528738603, 0.000634088530205, 6.26653854852e-05],
        "median": [0.0380487553775, 0.697973847389, 3.60945653915, 5.92111539841, 8.44050979614, 7.49578809738, 9.72881412506, 14.8122053146, 6.82743215561, 6.31724691391, 9.95657634735, 11.7172346115, 12.2626438141, 8.91207027435, 9.09568405151, 10.4464845657, 5.68280553818, 7.94204902649, 9.62563037872, 10.732213974, 17.9161396027, 14.642914772, 9.1358089447, 8.29189682007, 6.20620107651, 3.90687847137, 2.17931246758, 1.46894884109, 0.555435478687, 0.361852407455, 0.392498016357, 0.483303844929, 0.343888819218, 0.23630169034, 0.117693312466, 0.0443281903863, 0.016978027299, 0.00334612932056, 9.31554750423e-05, 4.65912198706e-05],
        "min": [2.37267701325e-22, 9.1099969644e-22, 5.5046410034e-21, 1.44609459521e-20, 2.74472098177e-20, 2.58037166472e-20, 1.39011023587e-19, 2.62420671188e-19, 9.26203644453e-19, 7.68569386082e-19, 1.32521044634e-18, 1.14843285045e-18, 2.33099992926e-18, 2.74624935305e-18, 4.53621298431e-18, 5.95634354331e-18, 5.52455526356e-18, 3.0757805315e-18, 5.12342271089e-18, 8.67028218765e-18, 6.75813963722e-18, 1.30552600862e-17, 1.39990971534e-17, 1.44520463676e-17, 1.48251858875e-17, 1.2817509353e-17, 1.03524995471e-17, 1.65184394907e-17, 2.46880027838e-17, 1.52226494806e-17, 1.38216751838e-17, 1.79362601478e-17, 1.50603516813e-17, 1.10979480977e-17, 8.37522024571e-18, 7.84141164511e-18, 3.96348512229e-18, 1.55266639983e-18, 3.80177198462e-19, 4.0727126032e-20],
        "var": [0.0578375607729, 5.13778877258, 29.8502025604, 64.8055648804, 186.444396973, 604.421447754, 351.691253662, 2231.03979492, 361.331268311, 1349.56018066, 9461.75976562, 8088.765625, 4446.58349609, 10034.9101562, 13085.9423828, 13973.9628906, 3120.9140625, 4340.50439453, 8063.98535156, 1913.70825195, 907.757629395, 1362.703125, 392.394927979, 653.801513672, 381.133422852, 118.891349792, 28.7825241089, 33.5830955505, 29.5499229431, 45.4065895081, 29.4021511078, 100.868850708, 84.3690719604, 110.490623474, 80.1072845459, 4.2560544014, 0.123383440077, 0.0032595237717, 1.60264448823e-06, 3.09148084909e-09]
    },
    "gfcc": {
        "mean": [8.88408851624, 100.761077881, -104.212417603, 28.0675754547, -43.8654403687, 9.48883533478, -43.366809845, 16.6952724457, -29.6223888397, -1.18755555153, -19.1218013763, -1.08802199364, -9.28836250305],
        "cov": [[8136.96923828, -996.222229004, 73.4348983765, -61.205657959, -378.067260742, 264.830200195, -331.594818115, 132.849563599, -206.687057495, 110.313369751, -171.301330566, 13.9991474152, -162.275650024], [-996.222229004, 1411.16955566, -498.829467773, 87.1916656494, 289.919830322, -200.322189331, 360.469238281, -60.4244155884, 137.541824341, -62.3729972839, 182.119644165, -110.425819397, 192.484619141], [73.4348983765, -498.829467773, 667.62322998, -15.9510688782, -50.5510673523, 167.061477661, -171.045425415, 65.3430633545, -24.836971283, 13.2303647995, -90.0006561279, 75.8970794678, -69.5257110596], [-61.205657959, 87.1916656494, -15.9510688782, 403.6640625, 89.102180481, -70.1551208496, 112.531349182, 16.5987434387, 86.969619751, 1.63268065453, 0.414371073246, 21.1489295959, 29.950712204], [-378.067260742, 289.919830322, -50.5510673523, 89.102180481, 237.922790527, -17.6019020081, 114.835876465, 11.0310344696, 40.0852546692, 2.03698682785, 42.8828773499, 3.31041002274, 44.9959106445], [264.830200195, -200.322189331, 167.061477661, -70.1551208496, -17.6019020081, 275.718688965, -22.9427814484, -5.82022285461, -27.2372627258, -0.298397094011, -11.4534006119, -13.3921079636, -26.7830848694], [-331.594818115, 360.469238281, -171.045425415, 112.531349182, 114.835876465, -22.9427814484, 266.744140625, -12.2379846573, 43.8623809814, -20.4904499054, 44.2551803589, -19.3820114136, 31.4155406952], [132.849563599, -60.4244155884, 65.3430633545, 16.5987434387, 11.0310344696, -5.82022285461, -12.2379846573, 135.248947144, 25.1137142181, 10.4545307159, 0.528791964054, -3.52567863464, 21.8931694031], [-206.687057495, 137.541824341, -24.836971283, 86.969619751, 40.0852546692, -27.2372627258, 43.8623809814, 25.1137142181, 111.181129456, 23.2562561035, 18.3653182983, -7.93201303482, 29.8703975677], [110.313369751, -62.3729972839, 13.2303647995, 1.63268065453, 2.03698682785, -0.298397094011, -20.4904499054, 10.4545307159, 23.2562561035, 62.9444885254, 11.3917417526, 17.4648590088, -4.28880167007], [-171.301330566, 182.119644165, -90.0006561279, 0.414371073246, 42.8828773499, -11.4534006119, 44.2551803589, 0.528791964054, 18.3653182983, 11.3917417526, 118.25365448, 12.303855896, 45.5314712524], [13.9991474152, -110.425819397, 75.8970794678, 21.1489295959, 3.31041002274, -13.3921079636, -19.3820114136, -3.52567863464, -7.93201303482, 17.4648590088, 12.303855896, 107.683288574, -8.50055122375], [-162.275650024, 192.484619141, -69.5257110596, 29.950712204, 44.9959106445, -26.7830848694, 31.4155406952, 21.8931694031, 29.8703975677, -4.28880167007, 45.5314712524, -8.50055122375, 96.73777771]],
        "icov": [[0.000172952422872, -0.000118919277156, 0.000189505313756, -0.000214057057747, 0.000256263010669, -0.000320995837683, 0.000229212484555, -0.000396227987949, 0.000496339285746, -0.000500437687151, 0.000273209880106, -0.000151676213136, 0.000219019391807], [-0.000118919277156, 0.00326155126095, -0.000128840198158, 0.00137748348061, -0.00206532166339, 0.00206946511753, -0.00240037916228, 0.00239473651163, -0.00292651145719, 0.00294040422887, -0.00236567459069, 0.00248294742778, -0.00307145761326], [0.000189505313756, -0.000128840198158, 0.00323916133493, -0.000590132025536, -0.00017589777417, -0.00219456641935, 0.00191527546849, -0.00195193954278, 2.90744919766e-05, 0.000250489567406, 0.00180265982635, -0.00245104497299, 0.00131723855156], [-0.000214057057747, 0.00137748348061, -0.000590132025536, 0.00435778824612, -0.00153353298083, 0.00184459995944, -0.00239824783057, 0.00142297986895, -0.00393710192293, 0.00212194561027, -0.000192046776647, 0.000139198993566, -0.00178009551018], [0.000256263010669, -0.00206532166339, -0.00017589777417, -0.00153353298083, 0.00743870111182, -0.0014626121847, -0.000655383046251, -0.00189187785145, 0.00211063004099, -0.00299350777641, 0.000856169208419, -0.0017479256494, 0.000322810927173], [-0.000320995837683, 0.00206946511753, -0.00219456641935, 0.00184459995944, -0.0014626121847, 0.00669970596209, -0.00271207746118, 0.00281021906994, -0.00164840603247, 0.00173557875678, -0.00272332155146, 0.00359334773384, -0.00184110470582], [0.000229212484555, -0.00240037916228, 0.00191527546849, -0.00239824783057, -0.000655383046251, -0.00271207746118, 0.00860903598368, -0.00206497334875, 0.00102097564377, 0.000294624798698, 0.000887937261723, -0.00199449248612, 0.00360984238796], [-0.000396227987949, 0.00239473651163, -0.00195193954278, 0.00142297986895, -0.00189187785145, 0.00281021906994, -0.00206497334875, 0.0112256873399, -0.00403783842921, 0.00159159512259, -0.00204937765375, 0.00329779041931, -0.00491323834285], [0.000496339285746, -0.00292651145719, 2.90744919766e-05, -0.00393710192293, 0.00211063004099, -0.00164840603247, 0.00102097564377, -0.00403783842921, 0.0175916086882, -0.00963754206896, 0.002076176228, 0.00010731817747, 0.000212731596548], [-0.000500437687151, 0.00294040422887, 0.000250489567406, 0.00212194561027, -0.00299350777641, 0.00173557875678, 0.000294624798698, 0.00159159512259, -0.00963754206896, 0.0242983214557, -0.00484210113063, -0.00115956028458, 0.000480144866742], [0.000273209880106, -0.00236567459069, 0.00180265982635, -0.000192046776647, 0.000856169208419, -0.00272332155146, 0.000887937261723, -0.00204937765375, 0.002076176228, -0.00484210113063, 0.0146396383643, -0.0049089351669, -0.00263384403661], [-0.000151676213136, 0.00248294742778, -0.00245104497299, 0.000139198993566, -0.0017479256494, 0.00359334773384, -0.00199449248612, 0.00329779041931, 0.00010731817747, -0.00115956028458, -0.0049089351669, 0.0144171714783, -0.00179750577081], [0.000219019391807, -0.00307145761326, 0.00131723855156, -0.00178009551018, 0.000322810927173, -0.00184110470582, 0.00360984238796, -0.00491323834285, 0.000212731596548, 0.000480144866742, -0.00263384403661, -0.00179750577081, 0.0186309888959]]
    },
    "melbands": {
        "dmean": [0.000978379743174, 0.00178068818059, 0.00101340422407, 0.000537707121111, 0.000274208781775, 0.000288948096568, 0.000105892264401, 0.000109820321086, 0.000211974256672, 0.000146660095197, 7.71104168962e-05, 8.16596002551e-05, 8.20799177745e-05, 9.14642732823e-05, 5.41581393918e-05, 2.46074996539e-05, 2.70880282187e-05, 3.62018072337e-05, 3.01284871966e-05, 1.8613804059e-05, 1.68875503732e-05, 1.45491358126e-05, 1.21508592201e-05, 5.69854137211e-06, 8.65779929882e-06, 4.89376543555e-06, 4.10091297454e-06, 2.37482618104e-06, 1.61998354997e-06, 1.53320058871e-06, 1.44627460941e-06, 1.12237148642e-06, 1.01198475022e-06, 1.16971705211e-06, 9.87015482679e-07, 1.25893745917e-06, 1.78025584319e-06, 1.90585592463e-06, 1.70217515461e-06, 2.14779083763e-06],
        "dmean2": [0.00139004585799, 0.00297149480321, 0.00169519649353, 0.000868772389367, 0.000437892624177, 0.00044116115896, 0.000169897000887, 0.00017434185429, 0.000306632107822, 0.000221772352234, 0.000120098222396, 0.000103695943835, 0.000126826213091, 0.000133459514473, 8.03907896625e-05, 3.79515076929e-05, 3.96909090341e-05, 5.34338978468e-05, 4.54121800431e-05, 2.85925762e-05, 2.71837488981e-05, 2.33603223023e-05, 2.01843595278e-05, 9.23177140066e-06, 1.33811327032e-05, 7.76956949267e-06, 5.96412428422e-06, 3.71940836885e-06, 2.54612700701e-06, 2.32935258282e-06, 2.30147134062e-06, 1.84058342256e-06, 1.54305257638e-06, 1.74923945906e-06, 1.44328976148e-06, 1.89732884337e-06, 2.65396033683e-06, 2.92605068353e-06, 2.59415764958e-06, 3.17285685014e-06],
        "dvar": [2.21832783609e-06, 6.26975361229e-06, 2.14837587009e-06, 9.08393531063e-07, 1.95352157562e-07, 2.61483847908e-07, 3.20147215405e-08, 1.09358914813e-07, 2.29634537163e-07, 1.80522661708e-07, 5.7436860601e-08, 4.89502482992e-08, 6.64276100792e-08, 6.14509616526e-08, 3.49223121532e-08, 4.01738642353e-09, 5.82408432592e-09, 1.60731872256e-08, 8.50057357837e-09, 1.19098020335e-09, 5.81690751122e-10, 8.94584128996e-10, 5.59528534616e-10, 9.94915608232e-11, 3.18196358151e-10, 7.384085704e-11, 5.69538131934e-11, 1.66099477922e-11, 6.51638552146e-12, 6.26226544578e-12, 8.39145159609e-12, 8.02202228256e-12, 5.9263648676e-12, 1.40725885805e-11, 4.58858992469e-12, 1.17502830382e-11, 3.63370757095e-11, 3.41519902636e-11, 2.78328610159e-11, 5.70756150675e-11],
        "dvar2": [4.51056712336e-06, 1.74364322447e-05, 6.02268255534e-06, 2.34661933973e-06, 4.41783896576e-07, 5.78981428134e-07, 7.5237913677e-08, 2.55899038848e-07, 4.19070573798e-07, 3.8591502971e-07, 1.30950496668e-07, 6.39279704728e-08, 1.57634204356e-07, 1.11359661048e-07, 6.70470470254e-08, 9.79156045133e-09, 8.61678284281e-09, 3.16842623249e-08, 1.9375299587e-08, 2.66656718928e-09, 1.3770979912e-09, 2.15427742312e-09, 1.41456779623e-09, 2.43709247227e-10, 6.94734880735e-10, 1.54359497406e-10, 9.58173956844e-11, 3.64446771373e-11, 1.46106928639e-11, 1.3235574095e-11, 1.91621683798e-11, 1.74931857194e-11, 1.26479044252e-11, 3.42231937234e-11, 9.71545413564e-12, 2.70993175816e-11, 8.78327272025e-11, 7.92058779675e-11, 6.82103401539e-11, 1.11659285984e-10],
        "max": [0.010957964696, 0.01743667759, 0.0168154109269, 0.020482879132, 0.0059535135515, 0.00881346035749, 0.00399186275899, 0.00791234429926, 0.00656210770831, 0.0057761776261, 0.00438232906163, 0.00406511314213, 0.00500750914216, 0.00477851647884, 0.00335759087466, 0.00092009321088, 0.00204733782448, 0.00240163272247, 0.00165866699535, 0.000458789640106, 0.000318284321111, 0.000546714931261, 0.000308197137201, 0.000158052804181, 0.000370661116904, 0.000154722991283, 0.000106632367533, 6.66708583594e-05, 3.14756980515e-05, 3.97932926717e-05, 5.20126232004e-05, 5.35777107871e-05, 6.74075563438e-05, 9.50569956331e-05, 3.28476271534e-05, 7.01614553691e-05, 9.99114199658e-05, 9.46435175138e-05, 7.16701106285e-05, 0.00012394823716],
        "mean": [0.00172776856925, 0.00270802341402, 0.00155965262093, 0.00102065969259, 0.000576350663323, 0.000669262197334, 0.000202262599487, 0.000201140501304, 0.000374798109988, 0.000237985790591, 0.000130674234242, 0.000148215112858, 0.000125493665109, 0.00013691377535, 7.86187156336e-05, 3.55841111741e-05, 4.56213674624e-05, 5.30341712874e-05, 4.47556740255e-05, 3.0611641705e-05, 3.1420000596e-05, 2.68732073891e-05, 2.09117552004e-05, 1.01833866211e-05, 1.52997054101e-05, 1.03707216113e-05, 8.86220459506e-06, 3.96113682655e-06, 2.5316880965e-06, 2.54162659985e-06, 1.89108016002e-06, 1.34037099997e-06, 1.18611092148e-06, 1.32767968353e-06, 1.19504022678e-06, 1.55497036758e-06, 2.24967675422e-06, 2.44147304329e-06, 2.08507231036e-06, 2.83303324977e-06],
        "median": [0.000606169458479, 0.00163287564646, 0.00121162855066, 0.000628682493698, 0.000360832229489, 0.000355336698703, 9.58008895395e-05, 6.27027548035e-05, 6.89725857228e-05, 6.36506520095e-05, 5.31625591975e-05, 3.25130604324e-05, 2.6115010769e-05, 2.87339880742e-05, 1.59736373462e-05, 1.12055013233e-05, 1.37229508255e-05, 1.48504268509e-05, 1.19906517284e-05, 1.64768225659e-05, 2.04950465559e-05, 1.49687248268e-05, 1.04388873297e-05, 6.01120837018e-06, 6.79044023855e-06, 5.02289049109e-06, 3.63341587217e-06, 2.02142200578e-06, 1.22871597341e-06, 1.25520864458e-06, 6.09945175256e-07, 3.07302229885e-07, 2.19454477701e-07, 1.88027300396e-07, 2.05888937899e-07, 2.41910868226e-07, 3.14031751714e-07, 2.67470539939e-07, 1.96533406438e-07, 2.08048945183e-07],
        "min": [1.67944917126e-24, 2.30916389695e-24, 2.97843999705e-24, 1.41347633542e-24, 4.52486118728e-24, 5.87337946171e-24, 1.34107616065e-23, 8.3208740627e-24, 9.99855480502e-24, 7.77221420337e-24, 1.11194669868e-23, 9.7463867392e-24, 1.64558483199e-23, 1.09624749892e-23, 1.76680940284e-23, 8.81171120653e-24, 4.9454593394e-24, 6.14364636328e-24, 1.51630867343e-23, 7.18311181201e-24, 7.92044668948e-24, 1.48988341082e-23, 1.17404598691e-23, 1.21119210587e-23, 1.15378819663e-23, 1.21398609343e-23, 9.35615775977e-24, 8.53995730215e-24, 6.0970625491e-24, 6.06943821792e-24, 1.10296291403e-23, 1.47957142107e-23, 1.06333046327e-23, 7.68853420512e-24, 7.0605378157e-24, 1.07545146885e-23, 1.08525125121e-23, 1.0774781314e-23, 1.04614520733e-23, 9.15965881916e-24],
        "var": [5.47080844626e-06, 8.02431895863e-06, 2.12397617361e-06, 1.64064499586e-06, 3.95613795945e-07, 8.73216663422e-07, 8.1294103893e-08, 2.16816061993e-07, 7.08857953668e-07, 3.38072737804e-07, 1.15499162234e-07, 1.60350552392e-07, 1.08056063652e-07, 1.55219140652e-07, 6.96469371064e-08, 7.42457295644e-09, 1.77236056942e-08, 2.54237662034e-08, 1.40234490686e-08, 2.25273044663e-09, 1.19036980273e-09, 1.4323406905e-09, 1.00510866297e-09, 1.84208009957e-10, 5.74053415914e-10, 2.45282377742e-10, 2.35052977082e-10, 3.53306897627e-11, 1.17963815799e-11, 1.25596729197e-11, 1.18041245181e-11, 1.08270181015e-11, 8.94733332563e-12, 1.64065410563e-11, 7.80953687135e-12, 1.91337275884e-11, 5.14705777999e-11, 4.83128051454e-11, 4.20899773368e-11, 9.84752210331e-11]
    },
    "mfcc": {
        "mean": [-639.599182129, 135.788986206, 0.729992687702, 24.9227657318, 18.5270957947, -4.55073928833, 5.00468158722, 3.35973644257, 2.30202507973, -0.852336764336, -6.65436792374, -1.32572615147, -2.56835913658],
        "cov": [[5377.70605469, -451.798217773, 29.5069293976, -173.792419434, -10.5071592331, -22.085729599, -23.8749732971, -48.8803405762, -50.7951927185, 31.02759552, -19.1428508759, -44.5004577637, -43.2880477905], [-451.798217773, 1164.75134277, -432.040740967, 165.357498169, -38.8568305969, -8.00994968414, 133.984420776, 7.77293777466, 36.3855056763, 54.381275177, -23.3923778534, 41.1159210205, 11.1794862747], [29.5069293976, -432.040740967, 598.227783203, -175.757965088, 119.445724487, 32.5429916382, -71.2646560669, 30.826259613, 3.31933784485, -25.844789505, 15.2950868607, -20.1017723083, -14.9637041092], [-173.792419434, 165.357498169, -175.757965088, 507.189483643, -30.7791461945, 4.35364580154, -2.31692862511, 57.0532112122, 87.233253479, -20.3543434143, 38.8259735107, 33.6975746155, 49.4202651978], [-10.5071592331, -38.8568305969, 119.445724487, -30.7791461945, 195.72303772, -4.51696681976, 0.184045568109, 0.717510044575, 21.8695354462, 8.79569339752, -5.47965717316, 13.5908050537, 3.06964015961], [-22.085729599, -8.00994968414, 32.5429916382, 4.35364580154, -4.51696681976, 215.671508789, 46.8774261475, 40.8914413452, 4.91749286652, 4.72334051132, 13.0209264755, 5.18275165558, 18.5210571289], [-23.8749732971, 133.984420776, -71.2646560669, -2.31692862511, 0.184045568109, 46.8774261475, 154.293624878, 42.6356925964, 6.0935587883, 30.6818466187, -18.6698169708, 17.5817127228, 10.6677408218], [-48.8803405762, 7.77293777466, 30.826259613, 57.0532112122, 0.717510044575, 40.8914413452, 42.6356925964, 96.2063903809, 29.8059234619, 3.12620711327, 7.66634273529, 10.4469013214, 19.1293487549], [-50.7951927185, 36.3855056763, 3.31933784485, 87.233253479, 21.8695354462, 4.91749286652, 6.0935587883, 29.8059234619, 105.068412781, 31.1738319397, 15.8497390747, 8.47169208527, -3.53006029129], [31.02759552, 54.381275177, -25.844789505, -20.3543434143, 8.79569339752, 4.72334051132, 30.6818466187, 3.12620711327, 31.1738319397, 100.221725464, 8.96818637848, -9.90193557739, -25.7553482056], [-19.1428508759, -23.3923778534, 15.2950868607, 38.8259735107, -5.47965717316, 13.0209264755, -18.6698169708, 7.66634273529, 15.8497390747, 8.96818637848, 64.5152359009, 22.6214179993, 4.47309970856], [-44.5004577637, 41.1159210205, -20.1017723083, 33.6975746155, 13.5908050537, 5.18275165558, 17.5817127228, 10.4469013214, 8.47169208527, -9.90193557739, 22.6214179993, 90.4269180298, 42.7121620178], [-43.2880477905, 11.1794862747, -14.9637041092, 49.4202651978, 3.06964015961, 18.5210571289, 10.6677408218, 19.1293487549, -3.53006029129, -25.7553482056, 4.47309970856, 42.7121620178, 89.2437133789]],
