{
"lowlevel": {
    "average_loudness": 0.937213301659,
    "barkbands_crest": {
        "dmean": 2.75314307213,
        "dmean2": 4.34814405441,
        "dvar": 6.56847524643,
        "dvar2": 13.5370998383,
        "max": 23.6109924316,
        "mean": 9.35758781433,
        "median": 8.27703762054,
        "min": 3.26991033554,
        "var": 16.5695476532
    },
    "barkbands_flatness_db": {
        "dmean": 0.0241247210652,
        "dmean2": 0.0356582067907,
        "dvar": 0.00045805805712,
        "dvar2": 0.000983241596259,
        "max": 0.372590512037,
        "mean": 0.174415051937,
        "median": 0.16891784966,
        "min": 0.0785634294152,
        "var": 0.00196394021623
    },
    "barkbands_kurtosis": {
        "dmean": 3.13614535332,
        "dmean2": 4.80749082565,
        "dvar": 40.6412849426,
        "dvar2": 93.1062164307,
        "max": 86.126373291,
        "mean": 3.20590782166,
        "median": 0.29239153862,
        "min": -1.92861521244,
        "var": 74.8638458252
    },
    "barkbands_skewness": {
        "dmean": 0.638876020908,
        "dmean2": 0.951071918011,
        "dvar": 0.560530483723,
        "dvar2": 1.11808931828,
        "max": 7.20260286331,
        "mean": 1.27440583706,
        "median": 0.987108945847,
        "min": -2.57548928261,
        "var": 1.62013697624
    },
    "barkbands_spread": {
        "dmean": 5.79422950745,
        "dmean2": 8.65452575684,
        "dvar": 51.5570259094,
        "dvar2": 104.766700745,
        "max": 85.6857833862,
        "mean": 22.5030059814,
        "median": 21.127494812,
        "min": 0.854121983051,
        "var": 142.561553955
    },
    "dissonance": {
        "dmean": 0.0190836302936,
        "dmean2": 0.0317438170314,
        "dvar": 0.000508005148731,
        "dvar2": 0.00123061740305,
        "max": 0.499775379896,
        "mean": 0.467959672213,
        "median": 0.478624671698,
        "min": 0.196350246668,
        "var": 0.00105108937714
    },
    "dynamic_complexity": 3.67535758018,
    "erbbands_crest": {
        "dmean": 3.28094696999,
        "dmean2": 5.19002532959,
        "dvar": 10.3397979736,
        "dvar2": 24.3513031006,
        "max": 30.3654384613,
        "mean": 10.2869081497,
        "median": 8.69363021851,
        "min": 2.79361605644,
        "var": 29.6122531891
    },
    "erbbands_flatness_db": {
        "dmean": 0.0206904299557,
        "dmean2": 0.0273204147816,
        "dvar": 0.000397084018914,
        "dvar2": 0.000708030769601,
        "max": 0.358349680901,
        "mean": 0.202736184001,
        "median": 0.199531897902,
        "min": 0.0713568180799,
        "var": 0.00188109092414
    },
    "erbbands_kurtosis": {
        "dmean": 1.21376991272,
        "dmean2": 1.87653195858,
        "dvar": 5.87926626205,
        "dvar2": 15.931429863,
        "max": 48.0536193848,
        "mean": 0.708884775639,
        "median": 0.0060977935791,
        "min": -1.66345715523,
        "var": 7.97651100159
    },
    "erbbands_skewness": {
        "dmean": 0.435055136681,
        "dmean2": 0.634891927242,
        "dvar": 0.216384932399,
        "dvar2": 0.452414602041,
        "max": 5.65954828262,
        "mean": -0.0490653403103,
        "median": -0.136879161,
        "min": -4.02067518234,
        "var": 0.734726190567
    },
    "erbbands_spread": {
        "dmean": 9.83513832092,
        "dmean2": 13.9436578751,
        "dvar": 116.816184998,
        "dvar2": 248.722167969,
        "max": 120.808288574,
        "mean": 36.5324401855,
        "median": 32.6100959778,
        "min": 3.05561041832,
        "var": 390.477630615
    },
    "hfc": {
        "dmean": 4.78140735626,
        "dmean2": 6.77495241165,
        "dvar": 43.0073318481,
        "dvar2": 77.725227356,
        "max": 83.6571426392,
        "mean": 13.8452997208,
        "median": 10.7507610321,
        "min": 1.24189469332e-16,
        "var": 139.392593384
    },
    "melbands_crest": {
        "dmean": 3.08124089241,
        "dmean2": 4.86009216309,
        "dvar": 6.65725469589,
        "dvar2": 16.1088066101,
        "max": 30.4739017487,
        "mean": 13.1711530685,
        "median": 12.5300102234,
        "min": 1.79032456875,
        "var": 18.3944549561
    },
    "melbands_flatness_db": {
        "dmean": 0.0295343250036,
        "dmean2": 0.0416669584811,
        "dvar": 0.000796152686235,
        "dvar2": 0.00151516392361,
        "max": 0.458449929953,
        "mean": 0.200360432267,
        "median": 0.196362093091,
        "min": 0.00347597384825,
        "var": 0.00365045503713
    },
    "melbands_kurtosis": {
        "dmean": 8.7955121994,
        "dmean2": 13.6032161713,
        "dvar": 288.724395752,
        "dvar2": 661.765869141,
        "max": 198.897857666,
        "mean": 12.2638845444,
        "median": 4.29079580307,
        "min": -1.8660312891,
        "var": 506.916229248
    },
    "melbands_skewness": {
        "dmean": 0.94221842289,
        "dmean2": 1.39892017841,
        "dvar": 1.2204927206,
        "dvar2": 2.53796935081,
        "max": 11.2211732864,
        "mean": 2.44377350807,
        "median": 2.01883101463,
        "min": -1.08854877949,
        "var": 3.40662717819
    },
    "melbands_spread": {
        "dmean": 8.42508792877,
        "dmean2": 12.4908227921,
        "dvar": 163.143829346,
        "dvar2": 320.930297852,
        "max": 219.082321167,
        "mean": 26.6928386688,
        "median": 24.2112121582,
        "min": 0.742727518082,
        "var": 359.463562012
    },
    "pitch_salience": {
        "dmean": 0.0811958387494,
        "dmean2": 0.127750024199,
        "dvar": 0.00583792058751,
        "dvar2": 0.0127114299685,
        "max": 0.835534632206,
        "mean": 0.553824961185,
        "median": 0.561175882816,
        "min": 0.215280413628,
        "var": 0.0124592678621
    },
    "silence_rate_20dB": {
        "dmean": 0,
        "dmean2": 0,
        "dvar": 0,
        "dvar2": 0,
        "max": 1,
        "mean": 1,
        "median": 1,
        "min": 1,
        "var": 0
    },
    "silence_rate_30dB": {
        "dmean": 0.0061919502914,
        "dmean2": 0.0123934932053,
        "dvar": 0.00615357235074,
        "dvar2": 0.0184368863702,
        "max": 1,
        "mean": 0.996906399727,
        "median": 1,
        "min": 0,
        "var": 0.00308400113136
    },
    "silence_rate_60dB": {
        "dmean": 0.0294117648154,
        "dmean2": 0.0588690936565,
        "dvar": 0.0285469032824,
        "dvar2": 0.0600506104529,
        "max": 1,
        "mean": 0.118329465389,
        "median": 0,
        "min": 0,
        "var": 0.104328520596
    },
    "spectral_centroid": {
        "dmean": 269.688110352,
        "dmean2": 389.674804688,
        "dvar": 166157.3125,
        "dvar2": 236791.046875,
        "max": 11006.6337891,
        "mean": 1302.23754883,
        "median": 1238.01269531,
        "min": 170.596511841,
        "var": 408782.09375
    },
    "spectral_complexity": {
        "dmean": 3.41176462173,
        "dmean2": 5.0937256813,
        "dvar": 13.2236566544,
        "dvar2": 23.4914588928,
        "max": 41,
        "mean": 17.1856155396,
        "median": 18,
        "min": 0,
        "var": 88.7175750732
    },
    "spectral_decrease": {
        "dmean": 2.36713915136e-09,
        "dmean2": 3.56059715045e-09,
        "dvar": 2.02239919136e-17,
        "dvar2": 3.65910590065e-17,
        "max": 8.24852804392e-29,
        "mean": -4.82777995359e-09,
        "median": -3.17569814889e-09,
        "min": -3.74726738528e-08,
        "var": 3.1704105726e-17
    },
    "spectral_energy": {
        "dmean": 0.00929358508438,
        "dmean2": 0.013918178156,
        "dvar": 0.000303335284116,
        "dvar2": 0.000546970812138,
        "max": 0.145363271236,
        "mean": 0.0194769576192,
        "median": 0.0131101515144,
        "min": 1.09530248394e-20,
        "var": 0.000487977231387
    },
    "spectral_energyband_high": {
        "dmean": 0.000251156801824,
        "dmean2": 0.000343503488693,
        "dvar": 2.73513819593e-07,
        "dvar2": 4.74549608498e-07,
        "max": 0.00767173571512,
        "mean": 0.000440910022007,
        "median": 0.00014504295541,
        "min": 7.85590876083e-21,
        "var": 6.61364140342e-07
    },
    "spectral_energyband_low": {
        "dmean": 0.00274789729156,
        "dmean2": 0.00459198141471,
        "dvar": 3.99327691412e-05,
        "dvar2": 9.66138322838e-05,
        "max": 0.0615705139935,
        "mean": 0.00450277328491,
        "median": 0.00280290166847,
        "min": 5.0702696775e-23,
        "var": 4.84363408759e-05
    },
    "spectral_energyband_middle_high": {
        "dmean": 0.00169856299181,
        "dmean2": 0.00251228152774,
        "dvar": 7.29514840714e-06,
        "dvar2": 1.70976436493e-05,
        "max": 0.0367731936276,
        "mean": 0.00462316116318,
        "median": 0.0030361386016,
        "min": 1.52540384839e-21,
        "var": 2.56785751844e-05
    },
    "spectral_energyband_middle_low": {
        "dmean": 0.00703521398827,
        "dmean2": 0.01064494811,
        "dvar": 0.000260031985817,
        "dvar2": 0.000463262549601,
        "max": 0.138396993279,
        "mean": 0.0115340482444,
        "median": 0.006040871609,
        "min": 2.78805506767e-22,
        "var": 0.000373174232664
    },
    "spectral_entropy": {
        "dmean": 0.183434814215,
        "dmean2": 0.235009327531,
        "dvar": 0.0397754572332,
        "dvar2": 0.0632975101471,
        "max": 9.80036640167,
        "mean": 7.40328502655,
        "median": 7.46684885025,
        "min": 5.5030837059,
        "var": 0.188766390085
    },
    "spectral_flux": {
        "dmean": 0.028882490471,
        "dmean2": 0.0461219064891,
        "dvar": 0.00162740296219,
        "dvar2": 0.00417499849573,
        "max": 0.321351826191,
        "mean": 0.0728797912598,
        "median": 0.0604905895889,
        "min": 1.04656699973e-10,
        "var": 0.00266902381554
    },
    "spectral_kurtosis": {
        "dmean": 2.59066319466,
        "dmean2": 4.3780913353,
        "dvar": 8.32791996002,
        "dvar2": 24.5071487427,
        "max": 25.646112442,
        "mean": 4.36238384247,
        "median": 3.41229581833,
        "min": -1.20576059818,
        "var": 13.8321552277
    },
    "spectral_rms": {
        "dmean": 0.000871147727594,
        "dmean2": 0.00125928863417,
        "dvar": 1.63888444149e-06,
        "dvar2": 2.73520231531e-06,
        "max": 0.0119087295607,
        "mean": 0.00383476377465,
        "median": 0.00357636576518,
        "min": 3.2689261454e-12,
        "var": 4.2964829845e-06
    },
    "spectral_rolloff": {
        "dmean": 524.263671875,
        "dmean2": 860.694824219,
        "dvar": 1033359.375,
        "dvar2": 1889971.875,
        "max": 19186.0839844,
        "mean": 1547.00817871,
        "median": 1335.05859375,
        "min": 107.666015625,
        "var": 1607483.625
    },
    "spectral_skewness": {
        "dmean": 0.311578541994,
        "dmean2": 0.496446192265,
        "dvar": 0.0885013192892,
        "dvar2": 0.238786786795,
        "max": 3.8433201313,
        "mean": 1.35913956165,
        "median": 1.30290126801,
        "min": -0.344025433064,
        "var": 0.263860046864
    },
    "spectral_spread": {
        "dmean": 517778.28125,
        "dmean2": 661053.5625,
        "dvar": 1.09453508608e+12,
        "dvar2": 1.11569495654e+12,
        "max": 40146632,
        "mean": 3591238.5,
        "median": 3366014.75,
        "min": 1593278.5,
        "var": 2.39495361331e+12
    },
    "spectral_strongpeak": {
        "dmean": 0.587173700333,
        "dmean2": 1.01269829273,
        "dvar": 0.999650299549,
        "dvar2": 2.504519701,
        "max": 8.21951675415,
        "mean": 0.89447337389,
        "median": 0.369210898876,
        "min": 1.68193425854e-09,
        "var": 1.5046530962
    },
    "zerocrossingrate": {
        "dmean": 0.0104164145887,
        "dmean2": 0.0116994604468,
        "dvar": 0.000295655336231,
        "dvar2": 0.000311120500555,
        "max": 0.49267578125,
        "mean": 0.056186709553,
        "median": 0.05126953125,
        "min": 0.00634765625,
        "var": 0.0008864402771
    },
    "barkbands": {
        "dmean": [2.7300320653e-05, 0.00140959757846, 0.00105240696575, 0.00228755734861, 0.00431271549314, 0.000536395644303, 0.000420655502239, 0.000324286229443, 0.000593636825215, 0.000745689088944, 0.000314431381412, 0.00037238522782, 0.000264580012299, 0.000294799770927, 0.00029984221328, 0.000262364075752, 0.000222279602895, 0.000124975253129, 9.21908722376e-05, 5.83496585023e-05, 6.75811752444e-05, 6.2521219661e-05, 7.15747955837e-05, 4.59564325865e-05, 9.00440954865e-06, 1.50697196943e-08, 1.09134701276e-08],
        "dmean2": [4.82739560539e-05, 0.00243598828092, 0.00171553133987, 0.00369847100228, 0.00646453211084, 0.000879641214851, 0.000715268251952, 0.000537244661245, 0.000939690333325, 0.00115412415471, 0.000506286567543, 0.000559845531825, 0.000404785154387, 0.000454969180282, 0.00047671343782, 0.000414259207901, 0.000355960655725, 0.000195241664187, 0.000148336024722, 8.84655310074e-05, 0.000102001446066, 8.75480036484e-05, 0.000103761725768, 6.38063283986e-05, 1.32624345497e-05, 2.45574245383e-08, 1.91755997747e-08],
        "dvar": [5.59452884019e-09, 1.59792671184e-05, 5.18854494658e-06, 2.04560237762e-05, 0.000141452808748, 1.02335695829e-06, 1.03666388895e-06, 8.66244704412e-07, 1.44661441936e-06, 3.81375002689e-06, 1.7222241695e-06, 1.02489241272e-06, 5.75109368128e-07, 3.78817134106e-07, 6.34920183984e-07, 2.44158030682e-07, 1.66776359833e-07, 6.89518486752e-08, 2.19123297285e-08, 1.39427127621e-08, 1.61144626531e-08, 2.33120420745e-08, 4.64982186088e-08, 1.3076390637e-08, 4.61056304246e-10, 2.81290874992e-15, 3.24722150549e-15],
        "dvar2": [1.55269663793e-08, 4.43031276518e-05, 1.24721200336e-05, 4.79536793137e-05, 0.000249060190981, 2.43780391429e-06, 2.69242445938e-06, 2.24754944611e-06, 3.29461681758e-06, 9.17748366192e-06, 4.1044977479e-06, 2.53517055171e-06, 1.53957773819e-06, 9.02185661289e-07, 1.45118542605e-06, 5.72708358959e-07, 4.09712271221e-07, 1.5083755045e-07, 5.18212566192e-08, 2.87403203458e-08, 3.44713164679e-08, 4.38052794038e-08, 9.41348616834e-08, 2.7000380598e-08, 9.93868765065e-10, 7.34996407541e-15, 9.02128035902e-15],
        "max": [0.000764106400311, 0.0409942343831, 0.0220765490085, 0.0361250787973, 0.117310650647, 0.0115524735302, 0.0139885516837, 0.0121252648532, 0.0186425093561, 0.0258066691458, 0.0301849208772, 0.0236403662711, 0.0143507020548, 0.010992965661, 0.0118857212365, 0.0068963165395, 0.00750986626372, 0.00568456435576, 0.00155520776752, 0.0024112618994, 0.00190646375995, 0.00286024762318, 0.0035207408946, 0.00193785142619, 0.000369877554476, 1.02507340216e-06, 1.16560829611e-06],
        "mean": [2.32790735026e-05, 0.00157221476547, 0.00154639733955, 0.00294388760813, 0.00522980093956, 0.000926172360778, 0.000506130629219, 0.000389135733712, 0.0010202107951, 0.000985895167105, 0.000536602805369, 0.00064428767655, 0.000434080749983, 0.00046571175335, 0.000430917425547, 0.00044456141768, 0.000462272786535, 0.000248715252383, 0.000178766873432, 0.000109671564132, 0.000106940795376, 9.69985412667e-05, 9.61717014434e-05, 6.62419042783e-05, 1.18727584777e-05, 1.51801664572e-08, 7.58149898417e-09],
        "median": [3.03310480376e-06, 0.000523871800397, 0.000861812732182, 0.00137471128255, 0.00138844852336, 0.000469253660413, 0.00020821824728, 0.000130928790895, 0.000431226886576, 0.00016639122623, 8.65688416525e-05, 0.000211932201637, 0.000134848814923, 0.000212448765524, 0.000139271462103, 0.000260304892436, 0.000325628760038, 0.000116648880066, 0.000115945782454, 4.94366249768e-05, 3.7707915908e-05, 1.63916756719e-05, 1.98591587832e-05, 1.87007863133e-05, 2.81782376987e-06, 2.53534193639e-09, 2.12107872932e-10],
        "min": [2.42727530713e-24, 2.93315303076e-23, 1.60718134763e-23, 1.03104522631e-23, 6.23344255789e-23, 3.71908252885e-23, 3.69078703482e-23, 3.54543120888e-23, 7.98662344196e-23, 4.90258340814e-23, 8.78693418991e-23, 1.0482785081e-22, 9.56867010343e-23, 8.72699022744e-23, 1.04489650363e-22, 1.42670316227e-22, 1.57496256432e-22, 2.41922510781e-22, 3.32027314091e-22, 3.02251033472e-22, 6.64885039969e-22, 4.64802651372e-22, 5.69961419866e-22, 8.61941585326e-22, 1.16567125968e-21, 1.63381358209e-21, 2.66564505976e-21],
        "var": [4.15681222776e-09, 1.49374764078e-05, 6.05301329415e-06, 2.20452475332e-05, 0.000192252307897, 1.6801586753e-06, 9.96430685518e-07, 1.05658955363e-06, 3.43949272974e-06, 6.16223496763e-06, 5.42905081602e-06, 1.77317861016e-06, 1.28828287416e-06, 7.57095449444e-07, 1.08550364075e-06, 4.1601865064e-07, 3.29599686211e-07, 2.67819018518e-07, 4.51459811757e-08, 2.87906409824e-08, 3.11830206101e-08, 5.37042765814e-08, 7.68121211081e-08, 2.0214336871e-08, 6.96168012126e-10, 2.29319453272e-15, 2.04174666134e-15]
    },
    "erbbands": {
        "dmean": [0.0212129671127, 0.374505013227, 1.00982046127, 4.60738801956, 18.6099510193, 8.60261631012, 5.25262069702, 4.0440530777, 6.21996593475, 5.82235479355, 8.3827047348, 13.2983608246, 24.6083831787, 14.8214006424, 11.2997589111, 17.7966270447, 12.6270866394, 14.7306699753, 12.7177276611, 15.3331003189, 13.8571119308, 10.2304172516, 6.74419355392, 6.44529676437, 2.73376464844, 2.74143433571, 3.09281468391, 2.47787809372, 2.23397397995, 2.15755105019, 2.00055956841, 1.16893982887, 0.646553993225, 0.199292093515, 0.00931998342276, 0.00046535252477, 4.65812445327e-05, 1.12696361612e-05, 6.83103644405e-06, 1.08985705083e-05],
        "dmean2": [0.0360547751188, 0.642327070236, 1.64031791687, 7.51857185364, 28.5736446381, 13.5194969177, 8.4268245697, 6.57847452164, 10.3538827896, 9.97672748566, 13.8714752197, 20.6196498871, 38.039390564, 23.1474342346, 17.905626297, 26.5372962952, 19.1298999786, 22.4770450592, 19.2683162689, 24.8010482788, 21.4666843414, 16.2155628204, 10.1106948853, 10.2449474335, 4.27318048477, 4.16578960419, 4.73169851303, 3.69712686539, 3.12507748604, 3.07184553146, 2.94786643982, 1.65518379211, 0.893543362617, 0.277841001749, 0.0139476247132, 0.000676448864397, 6.77233329043e-05, 1.69390150404e-05, 1.00674315036e-05, 1.61935295182e-05],
        "dvar": [0.00315020186827, 1.12147581577, 5.60884237289, 71.3975448608, 2805.94384766, 536.81262207, 104.646697998, 74.7657470703, 220.451843262, 187.378570557, 497.575378418, 676.551452637, 4210.49023438, 2460.35400391, 1329.42663574, 2604.72802734, 1405.63806152, 1005.9901123, 932.697387695, 1699.87011719, 702.637695312, 369.003540039, 208.183197021, 106.983398438, 18.3234081268, 28.3162918091, 48.7086410522, 23.3010997772, 30.7462234497, 33.8555374146, 36.9843711853, 9.24912261963, 2.60006833076, 0.193608984351, 0.000903661246412, 1.86537022273e-06, 1.46503023046e-08, 1.27015220563e-09, 2.01464081528e-10, 3.96129379299e-10],
        "dvar2": [0.00826329458505, 3.07917356491, 12.8195905685, 180.681060791, 4983.1171875, 1229.3190918, 272.383148193, 179.450027466, 548.347045898, 500.083740234, 1262.94262695, 1466.44750977, 9882.61914062, 6356.6953125, 3038.81494141, 6476.34423828, 3760.94140625, 2410.8449707, 2035.63317871, 3993.79980469, 1625.06860352, 890.676635742, 449.929656982, 247.161193848, 40.8214607239, 56.3237800598, 111.852027893, 46.1076965332, 57.7381515503, 67.6452026367, 76.2581329346, 18.2914733887, 5.36330842972, 0.390740603209, 0.00174842646811, 3.6169312807e-06, 3.26482272328e-08, 3.19345572208e-09, 4.10551953545e-10, 7.06652569793e-10],
        "max": [0.555391073227, 11.3280487061, 25.3422527313, 73.1016082764, 371.510192871, 311.574584961, 95.2148895264, 116.805397034, 165.045852661, 130.960662842, 310.210784912, 393.670898438, 982.304626465, 975.881835938, 898.284118652, 1210.01159668, 772.768188477, 606.055053711, 529.36730957, 766.035217285, 460.188537598, 404.529968262, 329.681915283, 113.750473022, 57.2733917236, 96.0693435669, 135.916244507, 86.334236145, 106.673553467, 91.556098938, 102.811553955, 47.4013671875, 26.8892498016, 7.5426325798, 0.42481264472, 0.0189460907131, 0.0024882897269, 0.000797230750322, 0.000251895078691, 0.000164586585015],
        "mean": [0.0255470592529, 0.427072912455, 1.51171636581, 6.67730379105, 20.7647266388, 11.1283092499, 8.16266822815, 6.57216739655, 7.96280241013, 7.00929832458, 11.3082666397, 24.3637695312, 33.8718452454, 21.3077087402, 21.1460533142, 31.1834945679, 22.9915523529, 24.1122837067, 21.7049293518, 23.8448066711, 26.4751853943, 23.1560955048, 14.964094162, 12.5371141434, 5.93126916885, 5.10485601425, 5.00358390808, 3.94853711128, 3.50212955475, 3.09139633179, 2.65355157852, 1.66577267647, 0.934365987778, 0.281948715448, 0.0119968401268, 0.00062035152223, 6.49451249046e-05, 1.459917803e-05, 1.33067815113e-05, 2.36154282902e-05],
        "median": [0.00896084681153, 0.146246641874, 0.788452506065, 4.11305189133, 4.30558156967, 4.34632492065, 4.29990005493, 3.32879734039, 3.12125301361, 2.91646337509, 4.89942932129, 10.1222705841, 7.97293043137, 5.00559425354, 5.99618434906, 11.3121738434, 9.06408977509, 10.8453378677, 9.08382797241, 10.8118677139, 16.58360672, 16.958366394, 8.79126739502, 7.66035032272, 3.84852004051, 2.39601325989, 1.73452877998, 1.33439791203, 0.601522147655, 0.530892372131, 0.554432928562, 0.431147366762, 0.241438865662, 0.0735713467002, 0.00237683090381, 0.000136486036354, 1.94052117877e-05, 4.84175325255e-06, 8.33460944705e-06, 1.60197396326e-05],
        "min": [2.71053818724e-22, 8.32386438195e-21, 1.94173087849e-20, 3.03922054429e-20, 9.61000405712e-20, 2.28280497465e-19, 2.97872960158e-19, 3.27881521818e-19, 5.31589998801e-19, 4.1069954268e-19, 1.24013088783e-18, 1.71842243444e-18, 1.80747152931e-18, 1.6728229658e-18, 5.06911003187e-18, 3.58235627839e-18, 3.5196626054e-18, 3.58639871004e-18, 5.80460056866e-18, 6.01526030962e-18, 1.08568456286e-17, 6.33533577969e-18, 1.12390940615e-17, 1.38411660406e-17, 1.95951195811e-17, 1.51594776972e-17, 2.22513669272e-17, 2.54311583897e-17, 1.53579712657e-17, 1.62764213327e-17, 1.63033725314e-17, 2.01073776452e-17, 1.34243861258e-17, 1.12994650113e-17, 9.38708464645e-18, 6.91234099265e-18, 2.50493285102e-18, 1.46222216146e-18, 3.49491822116e-19, 3.79479413455e-20],
        "var": [0.00335021945648, 1.06785356998, 6.67288351059, 74.6297912598, 3596.07348633, 593.238464355, 131.066314697, 109.879592896, 250.498184204, 184.14465332, 657.549682617, 1943.47937012, 7458.70703125, 3529.80249023, 4822.26318359, 4201.43847656, 3086.08959961, 1955.42358398, 2220.05737305, 2640.42822266, 1309.85266113, 778.543334961, 809.049133301, 259.528533936, 42.6641769409, 55.9073753357, 80.3845062256, 49.4908714294, 71.0191421509, 66.6101837158, 57.557182312, 15.1979923248, 3.97000932693, 0.326982557774, 0.00125375762582, 2.71320959655e-06, 1.93543883142e-08, 1.25115218186e-09, 2.95411334283e-10, 6.71636468663e-10]
    },
    "gfcc": {
        "mean": [-63.8214378357, 135.451370239, -155.059158325, 56.3940925598, -64.1182098389, 17.3385467529, -38.0519638062, -8.27671718597, -10.685297966, -29.9866943359, -0.776467382908, -26.055273056, 3.03563761711],
        "cov": [[10751.5400391, -692.222412109, -904.034362793, 222.402481079, -383.629730225, 240.423522949, -342.967803955, 98.7538909912, -158.792877197, -48.0234375, -36.1169662476, -3.14223432541, 70.9756011963], [-692.222412109, 931.440490723, -202.781799316, -346.075866699, 390.160552979, -213.445571899, 161.063934326, -30.6431465149, 77.7146377563, -71.210395813, 94.7549591064, -38.7773933411, 4.68200588226], [-904.034362793, -202.781799316, 650.212219238, 238.02545166, -153.625564575, 169.686706543, 11.3543806076, -38.3290100098, 10.9051542282, 59.8821411133, -46.5508117676, -15.0128974915, -45.9033088684], [222.402481079, -346.075866699, 238.02545166, 418.38079834, -94.4746246338, 94.1734313965, -32.8436088562, -2.28144359589, 22.36810112, 39.1951446533, -45.4892158508, 17.3845767975, -17.224407196], [-383.629730225, 390.160552979, -153.625564575, -94.4746246338, 398.039154053, -38.1712112427, 101.818145752, 24.4082813263, 18.3171634674, -32.7885437012, 48.6145896912, -12.9681739807, 25.1595478058], [240.423522949, -213.445571899, 169.686706543, 94.1734313965, -38.1712112427, 347.521179199, 67.6213531494, -11.6319046021, -46.9134597778, 24.0408992767, 1.2351013422, -23.9440631866, -16.664812088], [-342.967803955, 161.063934326, 11.3543806076, -32.8436088562, 101.818145752, 67.6213531494, 224.208404541, -2.49707722664, -15.8299179077, 1.14750933647, 35.4543609619, -23.7065258026, -7.95742750168], [98.7538909912, -30.6431465149, -38.3290100098, -2.28144359589, 24.4082813263, -11.6319046021, -2.49707722664, 145.46762085, 31.7484703064, 14.5671215057, 6.44823026657, 18.3380794525, 35.5224761963], [-158.792877197, 77.7146377563, 10.9051542282, 22.36810112, 18.3171634674, -46.9134597778, -15.8299179077, 31.7484703064, 115.119735718, 17.5012645721, -5.33104085922, 9.93995666504, -15.6995773315], [-48.0234375, -71.210395813, 59.8821411133, 39.1951446533, -32.7885437012, 24.0408992767, 1.14750933647, 14.5671215057, 17.5012645721, 106.029312134, 20.5629901886, -8.8430519104, -4.38111972809], [-36.1169662476, 94.7549591064, -46.5508117676, -45.4892158508, 48.6145896912, 1.2351013422, 35.4543609619, 6.44823026657, -5.33104085922, 20.5629901886, 85.9081344604, 18.9771976471, 1.43241810799], [-3.14223432541, -38.7773933411, -15.0128974915, 17.3845767975, -12.9681739807, -23.9440631866, -23.7065258026, 18.3380794525, 9.93995666504, -8.8430519104, 18.9771976471, 77.3366088867, 17.9104976654], [70.9756011963, 4.68200588226, -45.9033088684, -17.224407196, 25.1595478058, -16.664812088, -7.95742750168, 35.5224761963, -15.6995773315, -4.38111972809, 1.43241810799, 17.9104976654, 81.2289047241]],
        "icov": [[0.000159013434313, -0.000252754223766, 0.000447054713732, -0.000364348990843, 0.000350951886503, -0.000357763201464, 0.000307756796246, -0.000220159869059, 0.000337283272529, -7.10346939741e-05, 0.00011651126988, 5.30322577106e-05, 4.29393039667e-05], [-0.000252754223766, 0.00634780526161, -0.00204271054827, 0.00389005732723, -0.00413221679628, 0.00335619109683, -0.00271680601873, 0.00302106095478, -0.00566512160003, 0.00354105397128, -0.00489681959152, 0.00341881997883, -0.0016647814773], [0.000447054713732, -0.00204271054827, 0.00395457074046, -0.00265268352814, 0.00231501716189, -0.00238931993954, 0.000954333401751, -0.000726921367459, 0.0016988030402, -0.00181268225424, 0.00224827928469, -0.000727181613911, 0.000954799819738], [-0.000364348990843, 0.00389005732723, -0.00265268352814, 0.00614015432075, -0.00282415025868, 0.00172758090775, -0.00166676752269, 0.00200578360818, -0.00399962347001, 0.000998277682811, -0.00102783844341, 0.000145630794577, -0.00064735696651], [0.000350951886503, -0.00413221679628, 0.00231501716189, -0.00282415025868, 0.0065861325711, -0.00227947533131, 0.000584584835451, -0.00219952943735, 0.00247008772567, -0.000709597370587, 0.00112719042227, -0.000474273343571, -0.000323721935274], [-0.000357763201464, 0.00335619109683, -0.00238931993954, 0.00172758090775, -0.00227947533131, 0.00607518758625, -0.00277317594737, 0.00123995332979, -0.00137906929012, 0.00155853957403, -0.00294642802328, 0.00233526830561, -0.000371683883714], [0.000307756796246, -0.00271680601873, 0.000954333401751, -0.00166676752269, 0.000584584835451, -0.00277317594737, 0.00746994744986, -0.0016453335993, 0.00303594954312, -0.0010425086366, -0.000154978959472, 0.000374369206838, 0.00122558616567], [-0.000220159869059, 0.00302106095478, -0.000726921367459, 0.00200578360818, -0.00219952943735, 0.00123995332979, -0.0016453335993, 0.0103897191584, -0.00575910508633, 0.00041492874152, -0.00209233839996, 0.000391375739127, -0.00487642921507], [0.000337283272529, -0.00566512160003, 0.0016988030402, -0.00399962347001, 0.00247008772567, -0.00137906929012, 0.00303594954312, -0.00575910508633, 0.01702353172, -0.00552716292441, 0.00639574229717, -0.00507254432887, 0.00590947363526], [-7.10346939741e-05, 0.00354105397128, -0.00181268225424, 0.000998277682811, -0.000709597370587, 0.00155853957403, -0.0010425086366, 0.00041492874152, -0.00552716292441, 0.0148724727333, -0.00885387603194, 0.00623101554811, -0.00218264805153], [0.00011651126988, -0.00489681959152, 0.00224827928469, -0.00102783844341, 0.00112719042227, -0.00294642802328, -0.000154978959472, -0.00209233839996, 0.00639574229717, -0.00885387603194, 0.0220944043249, -0.0101927826181, 0.00379566242918], [5.30322577106e-05, 0.00341881997883, -0.000727181613911, 0.000145630794577, -0.000474273343571, 0.00233526830561, 0.000374369206838, 0.000391375739127, -0.00507254432887, 0.00623101554811, -0.0101927826181, 0.0201722569764, -0.00504438299686], [4.29393039667e-05, -0.0016647814773, 0.000954799819738, -0.00064735696651, -0.000323721935274, -0.000371683883714, 0.00122558616567, -0.00487642921507, 0.00590947363526, -0.00218264805153, 0.00379566242918, -0.00504438299686, 0.0171179864556]]
    },
    "melbands": {
        "dmean": [0.000296457117656, 0.000515355321113, 0.00120855343994, 0.00104861764703, 0.000197878747713, 9.47640510276e-05, 9.27564688027e-05, 6.33321687928e-05, 7.68735917518e-05, 8.38864361867e-05, 0.0001240271813, 6.22468214715e-05, 4.34144822066e-05, 4.00830540457e-05, 4.056364196e-05, 2.22149883484e-05, 3.12279771606e-05, 2.08436158573e-05, 1.96319651877e-05, 2.11900296563e-05, 1.71644078364e-05, 1.1966693819e-05, 1.04698847281e-05, 4.98022609463e-06, 5.85278894505e-06, 2.64523100668e-06, 1.79744120032e-06, 1.93263031179e-06, 2.11355632018e-06, 1.82709754881e-06, 1.46024967762e-06, 1.32446473344e-06, 1.21722212043e-06, 1.26992722471e-06, 1.23064785384e-06, 9.64947730608e-07, 6.61025069348e-07, 4.85454222598e-07, 3.64913773865e-07, 1.05430373765e-07],
        "dmean2": [0.000506264856085, 0.000846898648888, 0.00192081008572, 0.00158606772311, 0.00032700819429, 0.000153170345584, 0.000155822359375, 0.000108159634692, 0.000126616316265, 0.000130558211822, 0.000191972896573, 9.70101173152e-05, 7.00649616192e-05, 6.03575499554e-05, 6.1187587562e-05, 3.41818886227e-05, 4.79936061311e-05, 3.24612519762e-05, 3.14715653076e-05, 3.33670468535e-05, 2.66131919489e-05, 1.9298719053e-05, 1.64804823726e-05, 7.73274859966e-06, 9.42836868489e-06, 4.24902555096e-06, 2.75573165709e-06, 2.94833830594e-06, 3.28858254761e-06, 2.81807524516e-06, 2.21499749387e-06, 1.87807347629e-06, 1.74841750322e-06, 1.84662758329e-06, 1.88414958302e-06, 1.36754840696e-06, 9.48936531131e-07, 6.85035502102e-07, 5.24209212927e-07, 1.55769413368e-07],
        "dvar": [6.81273661485e-07, 1.66398308465e-06, 6.75282035445e-06, 8.41560813569e-06, 1.91371384517e-07, 3.88740382107e-08, 5.00513408497e-08, 2.42660309624e-08, 3.38756649398e-08, 2.8423036369e-08, 1.06981325132e-07, 4.55079991468e-08, 3.03437488469e-08, 1.14045128896e-08, 9.33970500938e-09, 3.53833318201e-09, 5.12791009655e-09, 2.2496469132e-09, 2.76818012956e-09, 1.7531084362e-09, 1.02775643551e-09, 5.64077895504e-10, 4.09634048903e-10, 1.17146417566e-10, 9.24939985714e-11, 1.91658390547e-11, 1.00242140977e-11, 1.51464223108e-11, 2.51948687607e-11, 1.25573275736e-11, 9.80685237878e-12, 1.07984315934e-11, 9.58559013414e-12, 1.30968604017e-11, 1.48269643091e-11, 6.90246427723e-12, 3.28717933949e-12, 1.87779848095e-12, 5.23396647203e-13, 9.13603909322e-14],
        "dvar2": [1.84305099538e-06, 4.00513772547e-06, 1.31331989905e-05, 1.49340585267e-05, 5.2437786735e-07, 9.15994178285e-08, 1.2617009304e-07, 6.50627356436e-08, 8.57794546505e-08, 6.27979872547e-08, 2.5108306545e-07, 1.17630065688e-07, 7.01711826423e-08, 2.7610811415e-08, 2.38871287195e-08, 8.96819685181e-09, 1.23950520958e-08, 4.92729590462e-09, 6.25816554134e-09, 4.20279633317e-09, 2.40514008709e-09, 1.3736507487e-09, 9.96650428853e-10, 2.90431900751e-10, 2.16032594591e-10, 4.7805051584e-11, 2.26593969282e-11, 3.15037960996e-11, 5.89106749493e-11, 2.82661307555e-11, 2.00808120132e-11, 2.10992820437e-11, 1.86851020767e-11, 2.72674660629e-11, 3.0987587496e-11, 1.39042093811e-11, 6.96721283097e-12, 4.12714133702e-12, 1.07735467682e-12, 1.94933709474e-13],
        "max": [0.00830471143126, 0.014568050392, 0.0184394400567, 0.0294867735356, 0.00481449766085, 0.00266815163195, 0.00283497967757, 0.00159715337213, 0.0022733041551, 0.00250768987462, 0.00473314570263, 0.00419799424708, 0.00415100855753, 0.00232310849242, 0.00162337813526, 0.00109891686589, 0.00137983309105, 0.000743438315112, 0.000892675539944, 0.000519083172549, 0.00051098439144, 0.000441308133304, 0.000398234347813, 0.000211353079067, 0.000107127722003, 5.41350600543e-05, 6.49884459563e-05, 6.74369803164e-05, 9.08937145141e-05, 5.11165671924e-05, 5.42338311789e-05, 6.62401580485e-05, 5.13077902724e-05, 5.20883841091e-05, 6.57801138004e-05, 4.65162556793e-05, 3.01275977108e-05, 2.56549137703e-05, 9.18645127967e-06, 5.59121917831e-06],
        "mean": [0.000347855821019, 0.000739881710615, 0.0015883189626, 0.00125309778377, 0.000290354539175, 0.000157004324137, 0.000117859126476, 7.46531513869e-05, 0.000110153290734, 0.000149396641064, 0.000166347890627, 8.42849040055e-05, 7.82406423241e-05, 6.84012920829e-05, 7.22816112102e-05, 3.5437013139e-05, 4.80195776618e-05, 3.45180342265e-05, 2.80595413642e-05, 3.34547112288e-05, 3.13150158036e-05, 2.43559243245e-05, 2.07383072848e-05, 9.45991723711e-06, 1.05791186797e-05, 5.12705491929e-06, 3.23858535012e-06, 3.33637353833e-06, 3.34664309776e-06, 2.65335302174e-06, 2.18041986955e-06, 1.99853047889e-06, 1.81033226454e-06, 1.69866859778e-06, 1.56751275426e-06, 1.31098840939e-06, 9.05239062376e-07, 6.73397664741e-07, 5.19246214026e-07, 1.32392472096e-07],
        "median": [0.000118818701594, 0.000358802441042, 0.000749067869037, 0.000325896544382, 0.000166420213645, 7.86793025327e-05, 4.78781803395e-05, 2.96538601106e-05, 4.55414701719e-05, 6.57730561215e-05, 3.4806515032e-05, 1.70874736796e-05, 1.37616752909e-05, 2.11276692426e-05, 2.92454133159e-05, 1.25452443172e-05, 1.93686973944e-05, 1.3443822354e-05, 9.9601884358e-06, 1.74496708496e-05, 1.83559204743e-05, 1.74880660779e-05, 1.21859711726e-05, 5.04137733515e-06, 6.26021073913e-06, 3.31062869918e-06, 1.84698353678e-06, 1.4478008552e-06, 1.10154803679e-06, 8.58864893871e-07, 6.47116507935e-07, 3.5313354374e-07, 2.28808787028e-07, 3.14033542281e-07, 3.06073417278e-07, 2.97560973195e-07, 2.34734770288e-07, 1.61810262966e-07, 1.45631702253e-07, 2.87967907298e-08],
        "min": [5.58499084742e-24, 1.15277348485e-23, 6.0750695015e-24, 1.30348717517e-23, 1.01775520776e-23, 7.33337009293e-24, 7.68479500443e-24, 4.37899410058e-24, 1.11004814714e-23, 1.086297123e-23, 8.88434005236e-24, 6.20140123673e-24, 1.47368257441e-23, 1.22538702677e-23, 9.78640486406e-24, 7.73934473603e-24, 6.97431610762e-24, 9.97693133875e-24, 8.36742080041e-24, 8.05936667262e-24, 1.49539754855e-23, 7.32917177519e-24, 4.6599536173e-24, 1.39643479022e-23, 1.03100941203e-23, 1.29148331544e-23, 1.20502581683e-23, 9.81488984248e-24, 1.17491326059e-23, 1.77358019599e-23, 1.42370855161e-23, 7.17548747136e-24, 1.06223047562e-23, 8.25695976329e-24, 8.00582273867e-24, 1.25556592622e-23, 1.17874302251e-23, 9.35336282558e-24, 7.57056873422e-24, 1.04707172446e-23],
        "var": [6.84926646954e-07, 1.92342986338e-06, 8.29532291391e-06, 1.13074092951e-05, 1.80878529932e-07, 5.96586673396e-08, 5.45809868413e-08, 2.42819755414e-08, 4.83519073669e-08, 7.33761709171e-08, 1.87402676488e-07, 6.17163635752e-08, 1.09182785479e-07, 2.1909947634e-08, 1.76364913784e-08, 7.16411641122e-09, 9.76924585672e-09, 5.2168109832e-09, 4.22319335058e-09, 3.03382852174e-09, 1.90284032975e-09, 1.00698216432e-09, 1.36719435773e-09, 2.44740977484e-10, 2.0086321495e-10, 3.50960996376e-11, 1.75880403991e-11, 2.77308644797e-11, 4.23523958959e-11, 2.14330827392e-11, 1.88385366334e-11, 2.3394317733e-11, 2.1279450424e-11, 2.31696259401e-11, 2.23966713231e-11, 1.13316552322e-11, 4.67548265728e-12, 2.5030786905e-12, 8.98694476042e-13, 1.23854539905e-13]
    },
    "mfcc": {
        "mean": [-677.509399414, 127.325683594, -10.6307973862, 24.2595443726, 10.9671649933, 5.54906702042, -1.93227767944, 6.15458393097, -3.80107855797, 0.223095670342, -8.70119953156, -0.765804946423, -12.7270040512],
        "cov": [[9052.21972656, -381.179718018, -648.954467773, -164.66166687, -95.4955444336, -51.2894058228, -232.310562134, 63.0975837708, -38.009563446, -37.573425293, -207.303955078, 92.8661499023, 22.8695163727], [-381.179718018, 1332.77966309, -620.870666504, -59.7210769653, 107.798522949, -159.251022339, 112.426811218, -4.54455137253, 0.115121021867, -8.44034767151, 43.3459434509, 45.6475257874, -39.7012443542], [-648.954467773, -620.870666504, 918.432678223, 44.6537437439, -106.329139709, 232.187408447, -39.0072555542, 3.67794489861, -17.3080863953, 38.0087661743, 64.7254867554, -58.1122665405, 11.5778884888], [-164.66166687, -59.7210769653, 44.6537437439, 279.093292236, 32.7170143127, -1.38181340694, -22.2929859161, -5.45844221115, 28.95337677, -2.24223685265, 6.93419551849, 14.8489351273, 20.8456420898], [-95.4955444336, 107.798522949, -106.329139709, 32.7170143127, 205.470321655, -16.0971927643, 13.4308271408, 28.1493225098, 39.1317710876, -0.28711938858, -15.4651565552, 16.4290065765, 20.2306690216], [-51.2894058228, -159.251022339, 232.187408447, -1.38181340694, -16.0971927643, 274.909881592, 83.2684402466, 38.031993866, -24.950750351, 46.725189209, 31.3015975952, -25.1153068542, -8.58789539337], [-232.310562134, 112.426811218, -39.0072555542, -22.2929859161, 13.4308271408, 83.2684402466, 250.601608276, 24.1231861115, 10.2147407532, 45.905796051, -4.02507066727, 15.8189954758, -30.1105995178], [63.0975837708, -4.54455137253, 3.67794489861, -5.45844221115, 28.1493225098, 38.031993866, 24.1231861115, 126.17350769, 19.2471179962, 4.68973779678, -2.95998692513, 4.29064035416, 16.8066177368], [-38.009563446, 0.115121021867, -17.3080863953, 28.95337677, 39.1317710876, -24.950750351, 10.2147407532, 19.2471179962, 101.11656189, 22.4176750183, -4.02142429352, 1.16549861431, 6.01131105423], [-37.573425293, -8.44034767151, 38.0087661743, -2.24223685265, -0.28711938858, 46.725189209, 45.905796051, 4.68973779678, 22.4176750183, 103.745819092, 23.4716320038, -3.37798333168, -16.4001140594], [-207.303955078, 43.3459434509, 64.7254867554, 6.93419551849, -15.4651565552, 31.3015975952, -4.02507066727, -2.95998692513, -4.02142429352, 23.4716320038, 110.333885193, 19.0677185059, 13.7781400681], [92.8661499023, 45.6475257874, -58.1122665405, 14.8489351273, 16.4290065765, -25.1153068542, 15.8189954758, 4.29064035416, 1.16549861431, -3.37798333168, 19.0677185059, 92.7015686035, 35.3087272644], [22.8695163727, -39.7012443542, 11.5778884888, 20.8456420898, 20.2306690216, -8.58789539337, -30.1105995178, 16.8066177368, 6.01131105423, -16.4001140594, 13.7781400681, 35.3087272644, 95.2849349976]],
