{
"lowlevel": {
    "average_loudness": 0.903032720089,
    "barkbands_crest": {
        "dmean": 3.09472441673,
        "dmean2": 4.99193429947,
        "dvar": 6.07387495041,
        "dvar2": 14.6767454147,
        "max": 22.3782997131,
        "mean": 12.6511831284,
        "median": 12.3228302002,
        "min": 3.51183724403,
        "var": 12.9039983749
    },
    "barkbands_flatness_db": {
        "dmean": 0.0315199047327,
        "dmean2": 0.0510826148093,
        "dvar": 0.000750143197365,
        "dvar2": 0.00185144564603,
        "max": 0.370932430029,
        "mean": 0.221184238791,
        "median": 0.223225831985,
        "min": 0.0318355895579,
        "var": 0.00306115509011
    },
    "barkbands_kurtosis": {
        "dmean": 8.35741710663,
        "dmean2": 14.0701217651,
        "dvar": 80.9956130981,
        "dvar2": 227.396194458,
        "max": 102.784843445,
        "mean": 18.1474742889,
        "median": 16.3502578735,
        "min": -1.48490488529,
        "var": 142.586517334
    },
    "barkbands_skewness": {
        "dmean": 0.821122765541,
        "dmean2": 1.36500787735,
        "dvar": 0.555364072323,
        "dvar2": 1.51169586182,
        "max": 8.13549518585,
        "mean": 3.21917390823,
        "median": 3.16370248795,
        "min": -1.70212054253,
        "var": 1.20232415199
    },
    "barkbands_spread": {
        "dmean": 3.59679746628,
        "dmean2": 5.59290885925,
        "dvar": 40.8052177429,
        "dvar2": 82.8878707886,
        "max": 85.2910079956,
        "mean": 8.7830657959,
        "median": 5.41817188263,
        "min": 1.08850979805,
        "var": 108.762268066
    },
    "dissonance": {
        "dmean": 0.0257760118693,
        "dmean2": 0.0439603291452,
        "dvar": 0.000560093729291,
        "dvar2": 0.00165026646573,
        "max": 0.500000059605,
        "mean": 0.456116378307,
        "median": 0.461423665285,
        "min": 0.282601594925,
        "var": 0.000947406049818
    },
    "dynamic_complexity": 3.10703229904,
    "erbbands_crest": {
        "dmean": 2.46916556358,
        "dmean2": 4.16885995865,
        "dvar": 4.68661975861,
        "dvar2": 13.0678081512,
        "max": 20.7071876526,
        "mean": 8.30874729156,
        "median": 7.67267799377,
        "min": 2.89392495155,
        "var": 9.3460893631
    },
    "erbbands_flatness_db": {
        "dmean": 0.0189919043332,
        "dmean2": 0.0300040859729,
        "dvar": 0.000356625765562,
        "dvar2": 0.000758569396567,
        "max": 0.259277641773,
        "mean": 0.151213094592,
        "median": 0.153469234705,
        "min": 0.0606706477702,
        "var": 0.0014124388108
    },
    "erbbands_kurtosis": {
        "dmean": 1.31510221958,
        "dmean2": 2.18485116959,
        "dvar": 2.24905824661,
        "dvar2": 5.77268075943,
        "max": 18.281255722,
        "mean": 1.42470443249,
        "median": 0.977928161621,
        "min": -1.81389021873,
        "var": 4.94998407364
    },
    "erbbands_skewness": {
        "dmean": 0.407777249813,
        "dmean2": 0.641004920006,
        "dvar": 0.136779248714,
        "dvar2": 0.305652111769,
        "max": 3.63362979889,
        "mean": 1.03964543343,
        "median": 1.06042051315,
        "min": -1.94448673725,
        "var": 0.480471432209
    },
    "erbbands_spread": {
        "dmean": 11.1462898254,
        "dmean2": 17.3515949249,
        "dvar": 171.175369263,
        "dvar2": 333.311126709,
        "max": 167.995925903,
        "mean": 43.0327415466,
        "median": 36.2307472229,
        "min": 7.36095476151,
        "var": 536.337524414
    },
    "hfc": {
        "dmean": 4.0078663826,
        "dmean2": 6.35332584381,
        "dvar": 38.6533584595,
        "dvar2": 76.0316467285,
        "max": 115.008331299,
        "mean": 12.1116247177,
        "median": 7.7597360611,
        "min": 1.1935154801e-16,
        "var": 173.666625977
    },
    "melbands_crest": {
        "dmean": 3.99596095085,
        "dmean2": 6.78277635574,
        "dvar": 10.6870956421,
        "dvar2": 30.9997062683,
        "max": 31.7043056488,
        "mean": 17.0074272156,
        "median": 16.6405620575,
        "min": 2.7813937664,
        "var": 22.1815624237
    },
    "melbands_flatness_db": {
        "dmean": 0.0381825678051,
        "dmean2": 0.0616395063698,
        "dvar": 0.00116562715266,
        "dvar2": 0.00280481460504,
        "max": 0.508464574814,
        "mean": 0.328495383263,
        "median": 0.330989956856,
        "min": 0.00676714675501,
        "var": 0.00485539808869
    },
    "melbands_kurtosis": {
        "dmean": 17.7078723907,
        "dmean2": 29.805141449,
        "dvar": 398.219024658,
        "dvar2": 1113.12805176,
        "max": 251.029937744,
        "mean": 37.7105827332,
        "median": 32.0531044006,
        "min": -1.1807448864,
        "var": 660.120239258
    },
    "melbands_skewness": {
        "dmean": 1.08443307877,
        "dmean2": 1.80678808689,
        "dvar": 1.01578855515,
        "dvar2": 2.65115356445,
        "max": 13.9532651901,
        "mean": 4.31950521469,
        "median": 4.15180587769,
        "min": 0.139458104968,
        "var": 2.38053059578
    },
    "melbands_spread": {
        "dmean": 2.43911027908,
        "dmean2": 3.91210818291,
        "dvar": 38.5408325195,
        "dvar2": 56.3330001831,
        "max": 147.057952881,
        "mean": 6.02628326416,
        "median": 4.28946018219,
        "min": 0.759483635426,
        "var": 55.1339759827
    },
    "pitch_salience": {
        "dmean": 0.0869862660766,
        "dmean2": 0.143403038383,
        "dvar": 0.00498352665454,
        "dvar2": 0.0132511593401,
        "max": 0.850209891796,
        "mean": 0.535074830055,
        "median": 0.541154205799,
        "min": 0.244535952806,
        "var": 0.00935256108642
    },
    "silence_rate_20dB": {
        "dmean": 0,
        "dmean2": 0,
        "dvar": 0,
        "dvar2": 0,
        "max": 1,
        "mean": 1,
        "median": 1,
        "min": 1,
        "var": 0
    },
    "silence_rate_30dB": {
        "dmean": 0.0819165408611,
        "dmean2": 0.163959786296,
        "dvar": 0.0752076208591,
        "dvar2": 0.169561445713,
        "max": 1,
        "mean": 0.913513541222,
        "median": 1,
        "min": 0,
        "var": 0.079005330801
    },
    "silence_rate_60dB": {
        "dmean": 0.00463678501546,
        "dmean2": 0.00928074214607,
        "dvar": 0.00461524445564,
        "dvar2": 0.0122878961265,
        "max": 1,
        "mean": 0.0424710437655,
        "median": 0,
        "min": 0,
        "var": 0.0406678132713
    },
    "spectral_centroid": {
        "dmean": 177.140655518,
        "dmean2": 279.428649902,
        "dvar": 141275.40625,
        "dvar2": 199738.5,
        "max": 11152.0361328,
        "mean": 610.234680176,
        "median": 451.549743652,
        "min": 186.213638306,
        "var": 301408.96875
    },
    "spectral_complexity": {
        "dmean": 2.11901092529,
        "dmean2": 3.38283061981,
        "dvar": 5.76170873642,
        "dvar2": 11.4860277176,
        "max": 38,
        "mean": 11.1984558105,
        "median": 10,
        "min": 0,
        "var": 29.1088962555
    },
    "spectral_decrease": {
        "dmean": 5.71570479835e-09,
        "dmean2": 9.70107549847e-09,
        "dvar": 4.93825436031e-17,
        "dvar2": 1.31664508622e-16,
        "max": -1.61999055604e-29,
        "mean": -1.37665834288e-08,
        "median": -1.21305747669e-08,
        "min": -6.35880539335e-08,
        "var": 1.07951040405e-16
    },
    "spectral_energy": {
        "dmean": 0.0218189693987,
        "dmean2": 0.03702846542,
        "dvar": 0.000719749426935,
        "dvar2": 0.00192024605349,
        "max": 0.241786971688,
        "mean": 0.0530568659306,
        "median": 0.0466386862099,
        "min": 1.08866864083e-20,
        "var": 0.00158785155509
    },
    "spectral_energyband_high": {
        "dmean": 0.000243636197411,
        "dmean2": 0.000327265879605,
        "dvar": 3.81252931447e-07,
        "dvar2": 5.16817692642e-07,
        "max": 0.011930947192,
        "mean": 0.000504782539792,
        "median": 7.36176662031e-05,
        "min": 7.80067345231e-21,
        "var": 1.97018925974e-06
    },
    "spectral_energyband_low": {
        "dmean": 0.0185858942568,
        "dmean2": 0.0316104218364,
        "dvar": 0.000521314330399,
        "dvar2": 0.00142798677552,
        "max": 0.223808154464,
        "mean": 0.0361876375973,
        "median": 0.03118230775,
        "min": 5.20142884704e-23,
        "var": 0.000958078540862
    },
    "spectral_energyband_middle_high": {
        "dmean": 0.000378829194233,
        "dmean2": 0.000583080225624,
        "dvar": 2.64648122084e-07,
        "dvar2": 5.92417620737e-07,
        "max": 0.0064338860102,
        "mean": 0.00101413659286,
        "median": 0.000756327761337,
        "min": 1.69036680582e-21,
        "var": 8.58494161093e-07
    },
    "spectral_energyband_middle_low": {
        "dmean": 0.00859343074262,
        "dmean2": 0.0144594283774,
        "dvar": 0.000193151208805,
        "dvar2": 0.000525124603882,
        "max": 0.190336763859,
        "mean": 0.0168780945241,
        "median": 0.010857379064,
        "min": 3.70828870286e-22,
        "var": 0.000294533267152
    },
    "spectral_entropy": {
        "dmean": 0.272155612707,
        "dmean2": 0.439327895641,
        "dvar": 0.0670703724027,
        "dvar2": 0.156836077571,
        "max": 9.80494213104,
        "mean": 7.10345602036,
        "median": 7.0622959137,
        "min": 5.65332889557,
        "var": 0.259767711163
    },
    "spectral_flux": {
        "dmean": 0.0333148762584,
        "dmean2": 0.0543558299541,
        "dvar": 0.00130963895936,
        "dvar2": 0.00318737979978,
        "max": 0.351368427277,
        "mean": 0.111776217818,
        "median": 0.103081040084,
        "min": 1.0433928721e-10,
        "var": 0.00373409641907
    },
    "spectral_kurtosis": {
        "dmean": 3.24347376823,
        "dmean2": 5.3949303627,
        "dvar": 19.6453399658,
        "dvar2": 54.9468574524,
        "max": 44.4506492615,
        "mean": 6.71696043015,
        "median": 5.13203048706,
        "min": -1.18760824203,
        "var": 38.908454895
    },
    "spectral_rms": {
        "dmean": 0.00137059751432,
        "dmean2": 0.00231132819317,
        "dvar": 1.94443782675e-06,
        "dvar2": 5.12282531417e-06,
        "max": 0.0153587022796,
        "mean": 0.00661447970197,
        "median": 0.0067454543896,
        "min": 3.25901176705e-12,
        "var": 8.01140868134e-06
    },
    "spectral_rolloff": {
        "dmean": 205.513183594,
        "dmean2": 346.761901855,
        "dvar": 880802.3125,
        "dvar2": 1628859.5,
        "max": 18863.0859375,
        "mean": 386.451049805,
        "median": 215.33203125,
        "min": 64.599609375,
        "var": 869036.25
    },
    "spectral_skewness": {
        "dmean": 0.419758677483,
        "dmean2": 0.678011059761,
        "dvar": 0.223420232534,
        "dvar2": 0.612774252892,
        "max": 5.39541149139,
        "mean": 1.99985384941,
        "median": 1.91982150078,
        "min": -0.0015865204623,
        "var": 0.64616972208
    },
    "spectral_spread": {
        "dmean": 809811.1875,
        "dmean2": 1144656.25,
        "dvar": 1.9665747968e+12,
        "dvar2": 2.65079514726e+12,
        "max": 40427552,
        "mean": 4748549.5,
        "median": 4491424,
        "min": 1573969.125,
        "var": 4.58265827738e+12
    },
    "spectral_strongpeak": {
        "dmean": 0.254064917564,
        "dmean2": 0.44308257103,
        "dvar": 0.0810061171651,
        "dvar2": 0.218686580658,
        "max": 2.67688918114,
        "mean": 0.437844067812,
        "median": 0.344518899918,
        "min": 0,
        "var": 0.126442879438
    },
    "zerocrossingrate": {
        "dmean": 0.00824531167746,
        "dmean2": 0.00969840586185,
        "dvar": 0.00039188680239,
        "dvar2": 0.000378350028768,
        "max": 0.5,
        "mean": 0.0267566815019,
        "median": 0.01806640625,
        "min": 0.0029296875,
        "var": 0.00092819792917
    },
    "barkbands": {
        "dmean": [0.00155556143727, 0.0136393066496, 0.0073171639815, 0.0033070454374, 0.00590820936486, 0.000912287214305, 0.000441510987002, 0.000514245650265, 0.000255601335084, 0.000281265354715, 5.30520592292e-05, 4.84278243675e-05, 4.87983415951e-05, 3.22408886859e-05, 2.45293267653e-05, 2.06432378036e-05, 1.7673624825e-05, 1.72746167664e-05, 5.50032491446e-05, 5.55468650418e-05, 4.76891837025e-05, 6.75771734677e-05, 3.81989520974e-05, 5.33144448127e-05, 4.14093046857e-05, 2.0974477593e-05, 4.5300629381e-07],
        "dmean2": [0.00260155997239, 0.0216055903584, 0.0135501185432, 0.00575877912343, 0.0101857455447, 0.00157350604422, 0.000725968275219, 0.000867700087838, 0.0004270253703, 0.00043979487964, 8.55581311043e-05, 8.05499730632e-05, 8.1494821643e-05, 5.40265209565e-05, 4.12865483668e-05, 3.42544335581e-05, 2.89471390715e-05, 2.71877815976e-05, 8.88297872734e-05, 8.71413576533e-05, 7.39050010452e-05, 9.89122127066e-05, 5.6157954532e-05, 7.63110074331e-05, 5.72444696445e-05, 2.93439152301e-05, 6.81581241224e-07],
        "dvar": [9.06354762265e-06, 0.000278617808362, 8.11333156889e-05, 2.68696585408e-05, 0.000101906545751, 6.68074153509e-06, 5.17653575116e-07, 6.64682545448e-07, 1.35716902605e-07, 1.3908233143e-07, 8.81364226046e-09, 8.93987639472e-09, 1.33718680573e-08, 4.12717726661e-09, 2.68891930943e-09, 2.11638240266e-09, 1.04328279349e-09, 1.64468938468e-09, 1.16350618029e-08, 1.48768677377e-08, 2.40967654719e-08, 4.14168610519e-08, 1.47138417006e-08, 4.25254320646e-08, 1.30858657243e-08, 5.33289457039e-09, 2.58606504266e-12],
        "dvar2": [2.69614465651e-05, 0.000652896007523, 0.00026699368027, 7.53916901886e-05, 0.000287716713501, 1.81669038284e-05, 1.13346527542e-06, 1.59283229095e-06, 3.2618842738e-07, 3.38757786267e-07, 2.1116564497e-08, 2.20531468642e-08, 3.08817966754e-08, 9.07096264768e-09, 7.08931491289e-09, 5.13148590287e-09, 2.41942776924e-09, 3.46832429443e-09, 3.14739452278e-08, 3.24948388197e-08, 6.0728467588e-08, 9.30289374423e-08, 2.74442850667e-08, 7.98857371365e-08, 2.25211547189e-08, 1.12934959162e-08, 5.72289611533e-12],
        "max": [0.0266595073044, 0.151545494795, 0.0756901651621, 0.0481282919645, 0.157465681434, 0.0317246392369, 0.0166388563812, 0.0144495517015, 0.00676855677739, 0.00618621986359, 0.0015539561864, 0.00124392099679, 0.00188593997154, 0.00107304565609, 0.000750724691898, 0.000636871729512, 0.000666075735353, 0.000872101983987, 0.00151592702605, 0.00181072379928, 0.00281805871055, 0.00442107068375, 0.00213196245022, 0.00440292060375, 0.00220099650323, 0.000935254793148, 2.29449160543e-05],
        "mean": [0.0018400317058, 0.0236858129501, 0.00918559543788, 0.00406121835113, 0.00935667008162, 0.0012290525483, 0.000782237912063, 0.000833496975247, 0.000491998915095, 0.000494636769872, 8.67785493028e-05, 7.66981756897e-05, 7.87772078183e-05, 5.83080945944e-05, 3.97695584979e-05, 3.48756439053e-05, 3.45001390087e-05, 3.35407385137e-05, 0.000106664767372, 0.000102085177787, 7.90537233115e-05, 0.00010726453911, 6.72718015267e-05, 9.36666765483e-05, 7.09791856934e-05, 2.54323058471e-05, 4.91831372074e-07],
        "median": [0.000689523178153, 0.0190084744245, 0.00592912174761, 0.00229323422536, 0.00518232118338, 0.000614567135926, 0.000467092060717, 0.000485310272779, 0.000323509913869, 0.000325214350596, 4.96197935718e-05, 4.28349048889e-05, 4.74662301713e-05, 2.70171331067e-05, 2.41943198489e-05, 2.05255964829e-05, 1.86947236216e-05, 8.73000590218e-06, 2.57132705883e-05, 3.52271927113e-05, 1.29148475025e-05, 1.14701097118e-05, 3.66439371646e-06, 5.13543545821e-06, 6.85487657393e-06, 1.47580806242e-06, 5.1975082016e-08],
        "min": [4.79685806081e-24, 1.31459425783e-23, 2.00016250499e-23, 2.67428706253e-23, 1.1514764082e-22, 3.65432619932e-23, 7.61966806805e-23, 3.27813263312e-23, 8.29881861619e-23, 2.79956416962e-23, 2.43352381125e-22, 8.58059215847e-23, 8.68658603405e-23, 1.00193154152e-22, 1.66813132863e-22, 1.43858492212e-22, 2.2983600051e-22, 1.58870300668e-22, 3.66210512515e-22, 3.15989582562e-22, 4.9175352253e-22, 3.35681065369e-22, 6.26578408796e-22, 1.02564660622e-21, 9.09599992137e-22, 1.93894972602e-21, 2.49107057057e-21],
        "var": [9.06251625565e-06, 0.000508681347128, 9.2020338343e-05, 2.97889437206e-05, 0.000139446143294, 6.19358297627e-06, 1.52063796577e-06, 1.55694385739e-06, 3.50627061607e-07, 2.97156219631e-07, 1.74019429977e-08, 1.42494460675e-08, 1.9441353416e-08, 1.35967832549e-08, 3.84472320647e-09, 3.53657259033e-09, 2.83499512754e-09, 4.66189353787e-09, 3.38120855758e-08, 3.67660781819e-08, 5.82868082688e-08, 1.34987431011e-07, 5.39665130361e-08, 1.47944660966e-07, 3.7093553118e-08, 6.85486289953e-09, 2.9624718477e-12]
    },
    "erbbands": {
        "dmean": [0.621458947659, 2.56163239479, 8.67588329315, 7.07735061646, 20.7563228607, 16.9836864471, 11.3768692017, 7.42225980759, 5.7748208046, 9.79942703247, 9.07642745972, 5.59809350967, 5.74505090714, 8.21832466125, 1.82198011875, 2.00743961334, 2.29775619507, 1.81689286232, 1.38521718979, 1.01569533348, 1.17191100121, 0.826670050621, 0.874202013016, 1.98718369007, 2.51031303406, 2.73445606232, 2.20293426514, 1.7922668457, 2.60275959969, 1.60129833221, 1.02482199669, 1.1411588192, 0.881672382355, 0.596854448318, 0.230357676744, 0.124960519373, 0.0310921203345, 0.00270465924405, 7.99520057626e-05, 2.52232584899e-05],
        "dmean2": [0.929349064827, 4.3418135643, 16.1666622162, 12.4217643738, 34.7591896057, 29.9436531067, 20.0639190674, 12.8195495605, 9.693983078, 16.2437877655, 15.2776355743, 9.40058135986, 9.37920188904, 12.7041959763, 2.96322059631, 3.26649880409, 3.83529400826, 2.94759559631, 2.34352636337, 1.66338014603, 1.93840777874, 1.35553061962, 1.38079535961, 3.17745518684, 4.01090335846, 4.30490636826, 3.2844979763, 2.71307110786, 3.95095396042, 2.22260856628, 1.48454654217, 1.70369052887, 1.21626842022, 0.809479117393, 0.325562298298, 0.176157355309, 0.0444876216352, 0.00385461212136, 0.00011615423864, 4.21730655944e-05],
        "dvar": [0.620025098324, 9.40115356445, 113.092750549, 127.863830566, 827.455383301, 1303.23156738, 1502.53540039, 370.692077637, 78.1235275269, 397.425323486, 179.183883667, 60.7430458069, 152.85736084, 108.914039612, 9.41475582123, 14.1904563904, 32.4930000305, 12.2269706726, 6.83917951584, 5.59014940262, 5.62764167786, 2.44079446793, 4.28000831604, 17.9958496094, 24.9675731659, 37.1096343994, 40.0043144226, 32.0178985596, 70.8333969116, 22.560749054, 10.6612796783, 19.7910995483, 12.5368022919, 3.36038255692, 0.449765145779, 0.177473589778, 0.0136636011302, 9.13339172257e-05, 6.90241890311e-08, 9.2540630714e-10],
        "dvar2": [1.36824917793, 25.1164150238, 380.234527588, 368.59262085, 2219.7746582, 3802.90454102, 4317.22900391, 1004.84240723, 207.602432251, 924.572143555, 480.934661865, 153.104949951, 390.569122314, 249.438949585, 23.3854045868, 35.0630607605, 76.8221054077, 25.8460674286, 17.1600551605, 14.1071586609, 13.2655496597, 5.54343748093, 9.3368473053, 50.3498077393, 58.1559829712, 84.8014984131, 91.2793502808, 71.2412033081, 168.107223511, 37.7947425842, 21.131942749, 40.5007553101, 21.9486179352, 5.23502731323, 0.935025453568, 0.381472289562, 0.0291184745729, 0.00019072793657, 1.41359336681e-07, 2.40087172365e-09],
        "max": [7.64870595932, 28.0506439209, 74.458694458, 125.646652222, 264.717834473, 618.497619629, 443.874633789, 225.810195923, 105.348434448, 431.222167969, 201.042266846, 131.624740601, 269.928619385, 116.757751465, 34.8743782043, 49.2596130371, 98.4096603394, 63.7668266296, 38.3704605103, 32.7840385437, 32.1633987427, 28.7227287292, 47.8750534058, 59.436580658, 91.0415420532, 104.430419922, 114.467346191, 96.6918869019, 194.16192627, 117.717803955, 57.0865249634, 81.4825134277, 86.2015075684, 42.8093643188, 12.8628225327, 5.383705616, 1.66608226299, 0.124868027866, 0.0037387451157, 0.000262726825895],
        "mean": [0.910949766636, 4.44866847992, 10.2724266052, 11.9762077332, 29.3548717499, 27.5715255737, 14.620429039, 10.2447462082, 9.8002872467, 17.9147510529, 15.7423048019, 10.9791030884, 11.6014022827, 14.313794136, 3.50404381752, 3.37542033195, 3.74183154106, 3.37644457817, 2.41582632065, 1.76564145088, 2.06500411034, 1.78253173828, 1.82311737537, 4.311855793, 4.89452266693, 4.92239809036, 3.92425465584, 3.11922168732, 3.9677131176, 2.760815382, 1.75834298134, 1.8794567585, 1.5597422123, 1.04092800617, 0.355969697237, 0.157754763961, 0.0375037528574, 0.00324629922397, 0.000113223497465, 6.29071801086e-05],
        "median": [0.611318826675, 3.84346914291, 6.6729183197, 7.63871955872, 17.9110984802, 12.9475250244, 6.03804159164, 4.35846376419, 5.6993098259, 9.70202541351, 11.0095443726, 7.80832433701, 6.17708396912, 9.68498897552, 2.4288482666, 1.93417954445, 2.24827814102, 1.70985972881, 1.48715150356, 0.979165017605, 1.24750447273, 0.997699201107, 0.590315103531, 0.776532948017, 1.69075906277, 1.71312499046, 0.932219862938, 0.430871039629, 0.440405279398, 0.200213178992, 0.0935188159347, 0.0926340818405, 0.0933895632625, 0.0852962434292, 0.0334817618132, 0.0106707317755, 0.00185870321002, 0.000244371127337, 3.43114916177e-05, 5.49607211724e-05],
        "min": [4.22425624146e-22, 3.00153410673e-21, 1.88194559192e-20, 6.66692645693e-20, 2.05828463346e-19, 4.32030772919e-19, 4.43254967597e-19, 2.57720165659e-19, 1.19156318496e-18, 4.54600370083e-19, 9.92017959698e-19, 1.94390463159e-18, 1.15697917714e-18, 4.54147509377e-18, 7.54152806738e-18, 3.97903942653e-18, 4.36352869168e-18, 5.39000771948e-18, 5.96789139825e-18, 1.08173146671e-17, 8.72128779859e-18, 1.17699165401e-17, 8.14225888826e-18, 2.17089266969e-17, 1.09019418612e-17, 1.34885281921e-17, 1.94876324236e-17, 1.81497455377e-17, 1.17911726003e-17, 1.5260494648e-17, 2.09355574919e-17, 1.95758892862e-17, 1.60675185233e-17, 1.02970536306e-17, 6.84137551354e-18, 6.69757016405e-18, 3.51412339043e-18, 1.57539277357e-18, 2.85668970045e-19, 3.84502920089e-20],
        "var": [1.03051280975, 16.1268119812, 115.343269348, 181.919952393, 1135.56921387, 2047.46520996, 1259.52636719, 397.635559082, 130.185913086, 1282.52526855, 325.056884766, 142.78894043, 447.520751953, 201.210830688, 17.7765083313, 25.4518089294, 44.7932739258, 44.4620704651, 11.8785772324, 8.84585571289, 10.6738862991, 7.29374933243, 11.9555568695, 67.7503585815, 63.4390258789, 84.4327011108, 102.127388, 97.71043396, 189.91607666, 98.744972229, 36.1112594604, 59.778553009, 40.823638916, 10.9222745895, 0.805566608906, 0.23048402369, 0.0169200263917, 0.000115995309898, 8.99022793988e-08, 2.20738738399e-09]
    },
    "gfcc": {
        "mean": [-40.0044746399, 132.179824829, -67.8026809692, 42.5415649414, -55.0381584167, 13.1886472702, -21.6554393768, 14.2435913086, -26.0148067474, 3.59368896484, -16.2686862946, -8.90112400055, -5.25268030167],
        "cov": [[7677.42041016, -790.033203125, 91.5973358154, 345.858001709, -298.636535645, 430.741363525, -321.329376221, 84.4141616821, -225.910217285, 101.668891907, -62.3965950012, 67.8975219727, -43.6683120728], [-790.033203125, 1309.62255859, -191.944229126, -315.955963135, 378.968536377, -263.221252441, 282.492950439, -155.20690918, 162.838821411, -84.9467697144, 66.1854019165, -132.517913818, 100.304481506], [91.5973358154, -191.944229126, 406.739562988, -73.4851837158, -58.149307251, 144.965286255, -84.1833190918, 31.6961460114, -14.7185506821, 20.644115448, -32.5431365967, 42.8739509583, -7.90669155121], [345.858001709, -315.955963135, -73.4851837158, 320.196716309, -74.4657745361, 20.992521286, -12.2137928009, 22.3537693024, -18.823802948, 3.51460433006, 28.4749164581, -1.21682858467, -18.6341552734], [-298.636535645, 378.968536377, -58.149307251, -74.4657745361, 258.557189941, -66.0247039795, 123.545471191, -39.0113334656, 56.2475852966, -4.61579847336, 18.2243881226, -38.5041503906, 25.9210662842], [430.741363525, -263.221252441, 144.965286255, 20.992521286, -66.0247039795, 207.258132935, -59.8088302612, 8.12138652802, 3.3960506916, 28.0030765533, -29.1043758392, 24.661113739, -3.83054423332], [-321.329376221, 282.492950439, -84.1833190918, -12.2137928009, 123.545471191, -59.8088302612, 179.226242065, -61.9303817749, 76.7405929565, -22.6787376404, -0.0610743537545, -12.7072381973, 14.8340129852], [84.4141616821, -155.20690918, 31.6961460114, 22.3537693024, -39.0113334656, 8.12138652802, -61.9303817749, 126.832290649, -54.3184661865, 22.2192344666, 26.6099071503, -2.6116092205, -2.28966450691], [-225.910217285, 162.838821411, -14.7185506821, -18.823802948, 56.2475852966, 3.3960506916, 76.7405929565, -54.3184661865, 110.640792847, -5.97315311432, 1.99517714977, 4.08270025253, 14.1966123581], [101.668891907, -84.9467697144, 20.644115448, 3.51460433006, -4.61579847336, 28.0030765533, -22.6787376404, 22.2192344666, -5.97315311432, 61.3522262573, 3.67035126686, 7.78077363968, -5.48336935043], [-62.3965950012, 66.1854019165, -32.5431365967, 28.4749164581, 18.2243881226, -29.1043758392, -0.0610743537545, 26.6099071503, 1.99517714977, 3.67035126686, 75.0763168335, -20.3745117188, 20.6724720001], [67.8975219727, -132.517913818, 42.8739509583, -1.21682858467, -38.5041503906, 24.661113739, -12.7072381973, -2.6116092205, 4.08270025253, 7.78077363968, -20.3745117188, 77.7757492065, -14.1074886322], [-43.6683120728, 100.304481506, -7.90669155121, -18.6341552734, 25.9210662842, -3.83054423332, 14.8340129852, -2.28966450691, 14.1966123581, -5.48336935043, 20.6724720001, -14.1074886322, 52.1778755188]],
        "icov": [[0.000195828528376, -0.000398172647692, 0.000139900497743, -0.000466707773739, 0.000112728594104, -0.00068856193684, 0.000335189542966, -9.84688886092e-05, 0.000588836323004, -0.000301006744849, 0.000321191328112, -0.000502610055264, 0.000122691315482], [-0.000398172647692, 0.00640678126365, -0.00039681000635, 0.00530701084062, -0.00259736715816, 0.00504433130845, -0.0031931635458, 0.00325234374031, -0.00398162379861, 0.00324734672904, -0.00412180181593, 0.00647444091737, -0.00329490285367], [0.000139900497743, -0.00039681000635, 0.00399216404185, 0.000651846639812, -9.36328433454e-05, -0.00303937634453, 0.00125267147087, -0.000963093247265, 0.000328787107719, 0.000286146008875, 0.000532089150511, -0.00173222646117, 0.000404082646128], [-0.000466707773739, 0.00530701084062, 0.000651846639812, 0.00864731706679, -0.000654442235827, 0.0030884090811, -0.00393081596121, 0.00237671402283, -0.00292636291124, 0.00293993903324, -0.00592751894146, 0.00554347690195, -0.000679519958794], [0.000112728594104, -0.00259736715816, -9.36328433454e-05, -0.000654442235827, 0.00823958776891, -0.00116722623352, -0.00322416960262, -0.00107676465996, 0.00122247368563, -0.00319710467011, 0.000429792387877, -0.000107924002805, 0.000661843339913], [-0.00068856193684, 0.00504433130845, -0.00303937634453, 0.0030884090811, -0.00116722623352, 0.013081099838, -0.000895073637366, 0.00261979713105, -0.00624844338745, -7.57891903049e-05, -0.000163644814165, 0.0056223734282, -0.00444417772815], [0.000335189542966, -0.0031931635458, 0.00125267147087, -0.00393081596121, -0.00322416960262, -0.000895073637366, 0.0147171057761, -0.000183535783435, -0.00376261468045, 0.000439443392679, 0.00442938646302, -0.00394059484825, 0.000798459164798], [-9.84688886092e-05, 0.00325234374031, -0.000963093247265, 0.00237671402283, -0.00107676465996, 0.00261979713105, -0.000183535783435, 0.0141209317371, 0.00295268488117, -0.0014763250947, -0.0066666235216, 0.0032175204251, -0.00167996843811], [0.000588836323004, -0.00398162379861, 0.000328787107719, -0.00292636291124, 0.00122247368563, -0.00624844338745, -0.00376261468045, 0.00295268488117, 0.0193133577704, -0.00321129383519, -0.000644068524707, -0.00626975204796, 0.000252620084211], [-0.000301006744849, 0.00324734672904, 0.000286146008875, 0.00293993903324, -0.00319710467011, -7.57891903049e-05, 0.000439443392679, -0.0014763250947, -0.00321129383519, 0.0213354863226, -0.00367262167856, 0.00138976995368, 0.000938503013458], [0.000321191328112, -0.00412180181593, 0.000532089150511, -0.00592751894146, 0.000429792387877, -0.000163644814165, 0.00442938646302, -0.0066666235216, -0.000644068524707, -0.00367262167856, 0.0231962557882, -0.00142802053597, -0.00540819438174], [-0.000502610055264, 0.00647444091737, -0.00173222646117, 0.00554347690195, -0.000107924002805, 0.0056223734282, -0.00394059484825, 0.0032175204251, -0.00626975204796, 0.00138976995368, -0.00142802053597, 0.022653920576, -0.000879014260136], [0.000122691315482, -0.00329490285367, 0.000404082646128, -0.000679519958794, 0.000661843339913, -0.00444417772815, 0.000798459164798, -0.00167996843811, 0.000252620084211, 0.000938503013458, -0.00540819438174, -0.000879014260136, 0.0263995714486]]
    },
    "melbands": {
        "dmean": [0.00438512908295, 0.00388473668136, 0.00159372424241, 0.00140401569661, 0.000452788110124, 0.000161486823345, 9.03039763216e-05, 0.000108638792881, 6.8385124905e-05, 3.46152992279e-05, 2.96845246339e-05, 3.65438354493e-05, 6.56730480841e-06, 5.3842672969e-06, 5.62576678931e-06, 4.49867047791e-06, 3.39380198966e-06, 2.27525902119e-06, 1.74629155936e-06, 1.28091801344e-06, 1.51367521539e-06, 9.76903834271e-07, 9.03857994672e-07, 8.79396225173e-07, 1.80992412879e-06, 2.43786803367e-06, 1.47034836573e-06, 2.03260378839e-06, 1.60023762419e-06, 1.18304933494e-06, 1.13278099434e-06, 1.62984383678e-06, 1.18218372336e-06, 8.53990854921e-07, 5.81357369356e-07, 6.48154070859e-07, 7.63695936712e-07, 5.66802327739e-07, 7.65796357882e-07, 4.29255720746e-07],
        "dmean2": [0.00669395504519, 0.00713810697198, 0.00272754090838, 0.00238819932565, 0.000793020124547, 0.000278035848169, 0.000150150546688, 0.000182561721886, 0.000115444127005, 5.73048819206e-05, 4.83809999423e-05, 5.63278517802e-05, 1.06321849671e-05, 8.83094526216e-06, 9.35819753067e-06, 7.46080422687e-06, 5.55729548068e-06, 3.82627968065e-06, 2.89079957838e-06, 2.13246767089e-06, 2.54186124948e-06, 1.63085132954e-06, 1.42798160141e-06, 1.38914526815e-06, 2.91737455882e-06, 4.04636921303e-06, 2.26207794185e-06, 3.24285224451e-06, 2.38938037e-06, 1.90048251625e-06, 1.78446180144e-06, 2.47229809247e-06, 1.78304173915e-06, 1.161012392e-06, 8.57101440488e-07, 9.87030489341e-07, 1.14320175726e-06, 8.33219758078e-07, 1.07054381715e-06, 5.89409353324e-07],
        "dvar": [2.97663045785e-05, 2.11676415347e-05, 5.41722192793e-06, 4.60793307866e-06, 2.12082409234e-06, 1.74574438461e-07, 1.79637513753e-08, 4.47876082887e-08, 9.56273904507e-09, 2.5407949078e-09, 3.78366049603e-09, 2.14906403784e-09, 1.42537398551e-10, 1.13282418168e-10, 1.5258544428e-10, 1.04871222817e-10, 4.40292143022e-11, 1.79585010057e-11, 1.82191692288e-11, 1.0225821058e-11, 8.88393351939e-12, 3.23883801723e-12, 3.6605592689e-12, 4.44975436706e-12, 1.65276941438e-11, 2.28627030502e-11, 1.05126090125e-11, 2.22034994557e-11, 1.65741760594e-11, 2.17179399464e-11, 1.16419486898e-11, 2.7185573237e-11, 1.3747110221e-11, 7.07715656911e-12, 3.22841363018e-12, 6.38434183992e-12, 9.71805101668e-12, 5.42566165607e-12, 8.90766627126e-12, 1.5052656387e-12],
        "dvar2": [6.68267530273e-05, 6.97062860127e-05, 1.5206684111e-05, 1.28419433167e-05, 6.11328505329e-06, 4.69210931442e-07, 4.67662673032e-08, 1.05521202443e-07, 2.59002614911e-08, 6.06481176391e-09, 9.68333768725e-09, 4.90749441084e-09, 3.47228967801e-10, 2.57969590134e-10, 4.03984762309e-10, 2.30623173336e-10, 9.37862426609e-11, 4.49427266236e-11, 4.70567161626e-11, 2.61838294102e-11, 2.15969221673e-11, 7.86066611108e-12, 8.15170674018e-12, 9.2316258804e-12, 4.74303860076e-11, 6.08751798969e-11, 2.25246262614e-11, 5.23705558086e-11, 3.64182711765e-11, 6.1335478363e-11, 2.49976324362e-11, 6.38925162777e-11, 3.19035527163e-11, 1.1777657842e-11, 6.74658549513e-12, 1.3706374577e-11, 2.14816740784e-11, 9.89450969074e-12, 1.52565182709e-11, 2.75469317496e-12],
        "max": [0.05278654024, 0.0371108166873, 0.0251552984118, 0.035482659936, 0.0152677278966, 0.00506890239194, 0.00159884174354, 0.00407165428624, 0.00144677667413, 0.00101834814996, 0.00130747433286, 0.000510713027325, 0.000188010293641, 0.000167624006281, 0.00015077945136, 0.000163213175256, 0.00013511411089, 6.0325000959e-05, 6.40633152216e-05, 4.90372149216e-05, 4.50461011496e-05, 2.82317196252e-05, 4.29650972364e-05, 4.30034779129e-05, 5.62546338188e-05, 6.10177703493e-05, 8.0590856669e-05, 7.55579385441e-05, 5.81339008932e-05, 9.47120352066e-05, 5.52663805138e-05, 0.000122683661175, 6.65251573082e-05, 6.33145027678e-05, 3.28735004587e-05, 4.15408758272e-05, 6.45497129881e-05, 5.40397813893e-05, 7.45361539884e-05, 2.47898697125e-05],
        "mean": [0.00722848530859, 0.00554377585649, 0.00267997058108, 0.00220571598038, 0.000652053393424, 0.000225761061301, 0.000154696346726, 0.00019921407511, 0.000119782263937, 6.67396743665e-05, 5.78900289838e-05, 6.1680933868e-05, 1.14777894851e-05, 8.50008655107e-06, 8.95587800187e-06, 7.55248902351e-06, 6.05456170888e-06, 3.81738573196e-06, 2.79222740573e-06, 2.14968304135e-06, 2.54858582593e-06, 1.88293176961e-06, 1.64963205407e-06, 1.66812571933e-06, 3.73628449779e-06, 4.08551341025e-06, 3.0087869618e-06, 3.35609865942e-06, 2.66018400907e-06, 1.79737185135e-06, 1.87524574358e-06, 2.42811802309e-06, 1.78448044608e-06, 1.44101704791e-06, 9.52053767378e-07, 1.0605405123e-06, 1.18239688618e-06, 9.75057105279e-07, 1.27450653054e-06, 7.33797435259e-07],
        "median": [0.00555632263422, 0.00427175266668, 0.00183252245188, 0.00129821512382, 0.000246619834797, 9.91658162093e-05, 9.06685818336e-05, 0.000110605637019, 8.43621892272e-05, 4.38518654846e-05, 3.16124460369e-05, 4.06960316468e-05, 7.12102746547e-06, 5.02903731103e-06, 5.12700080435e-06, 4.45473824584e-06, 2.81745451503e-06, 2.32549223256e-06, 1.53390351443e-06, 1.15923035082e-06, 1.52330721903e-06, 1.03747129288e-06, 7.03597777374e-07, 3.79891901048e-07, 5.59704403713e-07, 1.24668997614e-06, 1.07312416731e-06, 1.13273517854e-06, 7.32179216811e-07, 2.08471604424e-07, 2.63420048441e-07, 2.89528969688e-07, 1.51295736828e-07, 8.54772181924e-08, 5.1640274279e-08, 4.2560195368e-08, 5.66215945241e-08, 5.72300464796e-08, 7.75746613613e-08, 6.10686825553e-08],
        "min": [4.08049781152e-24, 7.90919122209e-24, 1.40310208482e-23, 2.4367399025e-23, 1.5959430774e-23, 6.29690507665e-24, 1.76997731046e-23, 4.51310203219e-24, 8.25405438858e-24, 1.29580785092e-23, 5.35450067927e-24, 1.61318647239e-23, 3.13272348018e-23, 9.7127717983e-24, 1.186854327e-23, 7.8632795174e-24, 1.02672005974e-23, 7.61898980544e-24, 1.52833580456e-23, 1.19251621837e-23, 1.01906148253e-23, 1.29067623185e-23, 7.90112511933e-24, 7.94157001794e-24, 1.92438515752e-23, 1.04589174632e-23, 5.3480379363e-24, 1.02216746457e-23, 1.31109542306e-23, 1.20892129087e-23, 9.76792106419e-24, 5.94210186833e-24, 7.23869100709e-24, 8.80501851061e-24, 1.42241481973e-23, 8.73048535457e-24, 1.31246867212e-23, 1.03493651939e-23, 1.11999544649e-23, 8.3082585991e-24],
        "var": [5.28067357664e-05, 2.62185676547e-05, 7.24988512957e-06, 6.82290419718e-06, 2.28670432989e-06, 1.87328609513e-07, 3.32172334083e-08, 1.39302443358e-07, 1.70540612743e-08, 6.58629240036e-09, 1.07640643066e-08, 3.95895227712e-09, 2.63583183058e-10, 1.8637140442e-10, 1.98875346746e-10, 1.78541320617e-10, 1.67822616914e-10, 3.06401570782e-11, 2.48341607695e-11, 1.4866819581e-11, 1.59691305318e-11, 8.45002366689e-12, 8.62359576109e-12, 1.23028141494e-11, 5.97038529726e-11, 4.66464956939e-11, 3.23239490729e-11, 4.36244582125e-11, 4.14342032906e-11, 3.61174805341e-11, 3.72090309952e-11, 7.07810060563e-11, 4.07329933672e-11, 2.88625477685e-11, 1.00500493344e-11, 1.73970161194e-11, 2.55632997409e-11, 1.62858580788e-11, 2.4922059208e-11, 4.49552721438e-12]
    },
    "mfcc": {
        "mean": [-696.01361084, 159.401779175, 41.223777771, 39.0887527466, 2.06889843941, 6.09533262253, 14.4459476471, 2.23694014549, 9.14556026459, 7.71922445297, 2.20505189896, -4.60692977905, -0.095670953393],
        "cov": [[5829.48535156, -989.380310059, 292.651123047, 9.55134105682, 128.500518799, 102.627449036, 104.238601685, -43.7419471741, -72.1719512939, -54.6321105957, -27.5876979828, 35.2183227539, -10.2409486771], [-989.380310059, 1641.13598633, -409.445129395, 10.0169839859, -25.7919235229, 28.993270874, 32.4273834229, -31.5101070404, 101.841186523, 52.5079994202, -36.9125938416, 0.72734183073, 80.9945755005], [292.651123047, -409.445129395, 492.781524658, -158.109527588, 54.0818786621, 7.35680389404, -34.6833190918, 11.5376281738, -8.33574390411, -34.1060905457, -0.98417955637, 9.19858360291, -40.6612930298], [9.55134105682, 10.0169839859, -158.109527588, 260.030944824, -38.7363243103, -14.2669792175, 30.9501972198, 16.744468689, -21.1504135132, 17.8213996887, 20.6602554321, -14.6883831024, 13.8313093185], [128.500518799, -25.7919235229, 54.0818786621, -38.7363243103, 123.748252869, -16.3420524597, 38.3105697632, -18.1259422302, 3.08400702477, 9.82198619843, 2.64560103416, 14.451125145, -1.31228554249], [102.627449036, 28.993270874, 7.35680389404, -14.2669792175, -16.3420524597, 210.242919922, -46.2909202576, 39.7389984131, 34.0150794983, 22.9294376373, -32.5143165588, 27.4724941254, 14.6437072754], [104.238601685, 32.4273834229, -34.6833190918, 30.9501972198, 38.3105697632, -46.2909202576, 104.785255432, -22.447052002, 4.68578004837, 7.52600431442, 19.0871200562, -6.47287940979, 8.12322998047], [-43.7419471741, -31.5101070404, 11.5376281738, 16.744468689, -18.1259422302, 39.7389984131, -22.447052002, 74.764289856, 5.20480060577, 9.00309276581, -13.0521640778, 3.48578810692, 2.7902431488], [-72.1719512939, 101.841186523, -8.33574390411, -21.1504135132, 3.08400702477, 34.0150794983, 4.68578004837, 5.20480060577, 63.3597183228, 15.7252588272, -5.65442466736, 8.88737106323, 5.58384132385], [-54.6321105957, 52.5079994202, -34.1060905457, 17.8213996887, 9.82198619843, 22.9294376373, 7.52600431442, 9.00309276581, 15.7252588272, 44.3814849854, 2.17380309105, 9.37628555298, 14.7156076431], [-27.5876979828, -36.9125938416, -0.98417955637, 20.6602554321, 2.64560103416, -32.5143165588, 19.0871200562, -13.0521640778, -5.65442466736, 2.17380309105, 52.93775177, -4.61260032654, -3.49089694023], [35.2183227539, 0.72734183073, 9.19858360291, -14.6883831024, 14.451125145, 27.4724941254, -6.47287940979, 3.48578810692, 8.88737106323, 9.37628555298, -4.61260032654, 46.6355361938, 16.1162624359], [-10.2409486771, 80.9945755005, -40.6612930298, 13.8313093185, -1.31228554249, 14.6437072754, 8.12322998047, 2.7902431488, 5.58384132385, 14.7156076431, -3.49089694023, 16.1162624359, 59.4737968445]],
