{
"lowlevel": {
    "average_loudness": 0.925434947014,
    "barkbands_crest": {
        "dmean": 2.28362679482,
        "dmean2": 3.71765971184,
        "dvar": 5.21760463715,
        "dvar2": 13.1811113358,
        "max": 25.2314128876,
        "mean": 8.73463344574,
        "median": 7.81489801407,
        "min": 2.26127004623,
        "var": 17.0024318695
    },
    "barkbands_flatness_db": {
        "dmean": 0.0204373952001,
        "dmean2": 0.030376913026,
        "dvar": 0.000578147766646,
        "dvar2": 0.0010700430721,
        "max": 0.460107058287,
        "mean": 0.15674315393,
        "median": 0.142021015286,
        "min": 0.0128387250006,
        "var": 0.00408517709002
    },
    "barkbands_kurtosis": {
        "dmean": 2.56613588333,
        "dmean2": 3.94663023949,
        "dvar": 31.8964004517,
        "dvar2": 72.7316055298,
        "max": 96.2674407959,
        "mean": 3.16551160812,
        "median": 0.100188493729,
        "min": -1.85728251934,
        "var": 79.3129119873
    },
    "barkbands_skewness": {
        "dmean": 0.555595219135,
        "dmean2": 0.847216486931,
        "dvar": 0.405062019825,
        "dvar2": 0.852272450924,
        "max": 7.59708929062,
        "mean": 1.01134490967,
        "median": 0.877690374851,
        "min": -5.65867090225,
        "var": 1.98771202564
    },
    "barkbands_spread": {
        "dmean": 4.99306297302,
        "dmean2": 7.60602045059,
        "dvar": 37.3143196106,
        "dvar2": 81.626373291,
        "max": 70.1373748779,
        "mean": 21.8685493469,
        "median": 21.9287891388,
        "min": 0.676723301411,
        "var": 136.765838623
    },
    "dissonance": {
        "dmean": 0.0158478524536,
        "dmean2": 0.0257462337613,
        "dvar": 0.00034738247632,
        "dvar2": 0.000877636601217,
        "max": 0.5,
        "mean": 0.467812746763,
        "median": 0.476170748472,
        "min": 0.246480718255,
        "var": 0.000946538348217
    },
    "dynamic_complexity": 3.54265141487,
    "erbbands_crest": {
        "dmean": 2.61508107185,
        "dmean2": 4.2100148201,
        "dvar": 6.37217235565,
        "dvar2": 16.1419754028,
        "max": 31.0766658783,
        "mean": 9.27492713928,
        "median": 8.33746147156,
        "min": 2.57171773911,
        "var": 18.5042438507
    },
    "erbbands_flatness_db": {
        "dmean": 0.0167254582047,
        "dmean2": 0.0248862765729,
        "dvar": 0.00038060193765,
        "dvar2": 0.000787289114669,
        "max": 0.39343097806,
        "mean": 0.190395623446,
        "median": 0.183321967721,
        "min": 0.0771314650774,
        "var": 0.00187849090435
    },
    "erbbands_kurtosis": {
        "dmean": 1.20444345474,
        "dmean2": 1.93014144897,
        "dvar": 4.48842287064,
        "dvar2": 10.68034935,
        "max": 28.7302207947,
        "mean": 0.938010275364,
        "median": -0.135230064392,
        "min": -1.8117082119,
        "var": 9.98907184601
    },
    "erbbands_skewness": {
        "dmean": 0.410082817078,
        "dmean2": 0.616793751717,
        "dvar": 0.21186837554,
        "dvar2": 0.434033274651,
        "max": 4.77665567398,
        "mean": -0.104225769639,
        "median": -0.181335762143,
        "min": -3.9242773056,
        "var": 0.944874942303
    },
    "erbbands_spread": {
        "dmean": 7.48263931274,
        "dmean2": 11.5724782944,
        "dvar": 80.1119308472,
        "dvar2": 190.008300781,
        "max": 118.026191711,
        "mean": 32.4206504822,
        "median": 30.5331764221,
        "min": 1.9841811657,
        "var": 260.659759521
    },
    "hfc": {
        "dmean": 6.15652418137,
        "dmean2": 9.09087181091,
        "dvar": 80.3905334473,
        "dvar2": 177.868148804,
        "max": 131.274642944,
        "mean": 21.2635746002,
        "median": 18.6043891907,
        "min": 1.19268578486e-16,
        "var": 299.568206787
    },
    "melbands_crest": {
        "dmean": 3.11099839211,
        "dmean2": 5.08399486542,
        "dvar": 8.10918807983,
        "dvar2": 20.8454380035,
        "max": 32.7378845215,
        "mean": 12.8208885193,
        "median": 11.5963459015,
        "min": 1.00053369999,
        "var": 30.5113735199
    },
    "melbands_flatness_db": {
        "dmean": 0.0260565131903,
        "dmean2": 0.0374866053462,
        "dvar": 0.000972025736701,
        "dvar2": 0.00174414366484,
        "max": 0.583891034126,
        "mean": 0.188667565584,
        "median": 0.173325717449,
        "min": 3.53775760686e-07,
        "var": 0.00774521380663
    },
    "melbands_kurtosis": {
        "dmean": 5.02460002899,
        "dmean2": 8.02948951721,
        "dvar": 98.0432128906,
        "dvar2": 233.821044922,
        "max": 172.869842529,
        "mean": 8.45860767365,
        "median": 3.39222764969,
        "min": -1.80903244019,
        "var": 238.131378174
    },
    "melbands_skewness": {
        "dmean": 0.655389547348,
        "dmean2": 1.01403260231,
        "dvar": 0.533501267433,
        "dvar2": 1.22870731354,
        "max": 11.5175943375,
        "mean": 2.00870847702,
        "median": 1.76662421227,
        "min": -2.52424311638,
        "var": 2.42171478271
    },
    "melbands_spread": {
        "dmean": 8.92111206055,
        "dmean2": 13.8561992645,
        "dvar": 181.261535645,
        "dvar2": 400.181091309,
        "max": 203.104492188,
        "mean": 31.182346344,
        "median": 26.0549221039,
        "min": 0.803346276283,
        "var": 639.096862793
    },
    "pitch_salience": {
        "dmean": 0.0708812698722,
        "dmean2": 0.114862009883,
        "dvar": 0.004374996759,
        "dvar2": 0.0112262424082,
        "max": 0.996096849442,
        "mean": 0.601718485355,
        "median": 0.615199387074,
        "min": 0.154245123267,
        "var": 0.0137800108641
    },
    "silence_rate_20dB": {
        "dmean": 0,
        "dmean2": 0,
        "dvar": 0,
        "dvar2": 0,
        "max": 1,
        "mean": 1,
        "median": 1,
        "min": 1,
        "var": 0
    },
    "silence_rate_30dB": {
        "dmean": 0,
        "dmean2": 0,
        "dvar": 0,
        "dvar2": 0,
        "max": 1,
        "mean": 1,
        "median": 1,
        "min": 1,
        "var": 0
    },
    "silence_rate_60dB": {
        "dmean": 0.0170015450567,
        "dmean2": 0.0340162366629,
        "dvar": 0.0167131666094,
        "dvar2": 0.0367242433131,
        "max": 1,
        "mean": 0.113557361066,
        "median": 0,
        "min": 0,
        "var": 0.100660763681
    },
    "spectral_centroid": {
        "dmean": 270.324493408,
        "dmean2": 400.423675537,
        "dvar": 157423.9375,
        "dvar2": 230177.390625,
        "max": 11130.6708984,
        "mean": 1452.25708008,
        "median": 1355.49353027,
        "min": 170.861297607,
        "var": 681423.125
    },
    "spectral_complexity": {
        "dmean": 3.92426586151,
        "dmean2": 5.70235776901,
        "dvar": 20.5698680878,
        "dvar2": 35.9740905762,
        "max": 54,
        "mean": 20.9887981415,
        "median": 23,
        "min": 0,
        "var": 157.31111145
    },
    "spectral_decrease": {
        "dmean": 1.34279709574e-09,
        "dmean2": 2.15815032512e-09,
        "dvar": 2.283993323e-18,
        "dvar2": 5.7186188663e-18,
        "max": 1.08433057728e-28,
        "mean": -5.81343950756e-09,
        "median": -5.97996496765e-09,
        "min": -1.77972534487e-08,
        "var": 1.20712236956e-17
    },
    "spectral_energy": {
        "dmean": 0.005470671691,
        "dmean2": 0.00872721336782,
        "dvar": 3.86670144508e-05,
        "dvar2": 9.55110081122e-05,
        "max": 0.0790779069066,
        "mean": 0.0238699018955,
        "median": 0.024358715862,
        "min": 1.07963710486e-20,
        "var": 0.000202967290534
    },
    "spectral_energyband_high": {
        "dmean": 0.000229233133723,
        "dmean2": 0.000331353890942,
        "dvar": 2.42636218672e-07,
        "dvar2": 4.75452736737e-07,
        "max": 0.00873169023544,
        "mean": 0.000560858810786,
        "median": 0.00025161751546,
        "min": 7.43101338358e-21,
        "var": 7.3077177376e-07
    },
    "spectral_energyband_low": {
        "dmean": 0.00179904897232,
        "dmean2": 0.00285860453732,
        "dvar": 7.23643552192e-06,
        "dvar2": 1.74607157533e-05,
        "max": 0.0477569885552,
        "mean": 0.00493254885077,
        "median": 0.00321063748561,
        "min": 7.18192852065e-23,
        "var": 4.00862081733e-05
    },
    "spectral_energyband_middle_high": {
        "dmean": 0.00265179760754,
        "dmean2": 0.00392843643203,
        "dvar": 1.64516295627e-05,
        "dvar2": 3.65371743101e-05,
        "max": 0.0598978064954,
        "mean": 0.00746415648609,
        "median": 0.00544414529577,
        "min": 1.57711657111e-21,
        "var": 6.00128005317e-05
    },
    "spectral_energyband_middle_low": {
        "dmean": 0.00415003485978,
        "dmean2": 0.00689167762175,
        "dvar": 2.41232755798e-05,
        "dvar2": 6.5055952291e-05,
        "max": 0.0519205518067,
        "mean": 0.0120298676193,
        "median": 0.0113589661196,
        "min": 3.43440982808e-22,
        "var": 8.05477538961e-05
    },
    "spectral_entropy": {
        "dmean": 0.15318338573,
        "dmean2": 0.215260967612,
        "dvar": 0.0468043386936,
        "dvar2": 0.0829174444079,
        "max": 9.79870414734,
        "mean": 7.52222156525,
        "median": 7.58962583542,
        "min": 5.06263208389,
        "var": 0.275668531656
    },
    "spectral_flux": {
        "dmean": 0.0184992514551,
        "dmean2": 0.0281559024006,
        "dvar": 0.000361394137144,
        "dvar2": 0.000770253653172,
        "max": 0.2149528265,
        "mean": 0.0762759894133,
        "median": 0.0749858617783,
        "min": 1.03905585525e-10,
        "var": 0.00149163499009
    },
    "spectral_kurtosis": {
        "dmean": 2.56913757324,
        "dmean2": 4.30702924728,
        "dvar": 21.5729560852,
        "dvar2": 49.3025627136,
        "max": 96.8507766724,
        "mean": 5.87502002716,
        "median": 4.05097675323,
        "min": -1.18288910389,
        "var": 68.7088851929
    },
    "spectral_rms": {
        "dmean": 0.0005528893671,
        "dmean2": 0.000862051150762,
        "dvar": 3.37534316941e-07,
        "dvar2": 7.76340698394e-07,
        "max": 0.00878346059471,
        "mean": 0.00447675120085,
        "median": 0.00487489486113,
        "min": 3.24546531143e-12,
        "var": 3.24640814142e-06
    },
    "spectral_rolloff": {
        "dmean": 435.817321777,
        "dmean2": 699.99230957,
        "dvar": 634774.875,
        "dvar2": 1185219,
        "max": 19336.8164062,
        "mean": 1851.12133789,
        "median": 1765.72265625,
        "min": 107.666015625,
        "var": 2438424.75
    },
    "spectral_skewness": {
        "dmean": 0.287615060806,
        "dmean2": 0.451539158821,
        "dvar": 0.157666876912,
        "dvar2": 0.334628105164,
        "max": 8.19450283051,
        "mean": 1.52351629734,
        "median": 1.38790988922,
        "min": -0.0817303583026,
        "var": 0.682466328144
    },
    "spectral_spread": {
        "dmean": 401774.40625,
        "dmean2": 604121.375,
        "dvar": 966655148032,
        "dvar2": 1.01692925542e+12,
        "max": 40551768,
        "mean": 3499998.5,
        "median": 3372509.25,
        "min": 825513.25,
        "var": 1.91548660122e+12
    },
    "spectral_strongpeak": {
        "dmean": 0.692582309246,
        "dmean2": 1.17017269135,
        "dvar": 1.72325873375,
        "dvar2": 4.3635635376,
        "max": 12.6437492371,
        "mean": 1.2230437994,
        "median": 0.59429705143,
        "min": 0,
        "var": 3.18168663979
    },
    "zerocrossingrate": {
        "dmean": 0.00967053510249,
        "dmean2": 0.0108580766246,
        "dvar": 0.000333476433298,
        "dvar2": 0.000442960474174,
        "max": 0.51953125,
        "mean": 0.0621676892042,
        "median": 0.0546875,
        "min": 0.00439453125,
        "var": 0.0021626863163
    },
    "barkbands": {
        "dmean": [7.28032046027e-06, 0.000668479013257, 0.00110791611951, 0.00152450241148, 0.00209973519668, 0.00114576087799, 0.0008173683309, 0.000713351240847, 0.000489531492349, 0.000436035305029, 0.000350092188455, 0.000412515830249, 0.000273052806733, 0.000456671434222, 0.00100589811336, 0.00049286079593, 0.000638578028884, 0.000187089186511, 0.000130904052639, 0.000120748460176, 7.09165542503e-05, 8.09973134892e-05, 4.90346501465e-05, 2.17304896069e-05, 6.15536055193e-06, 8.86478403572e-07, 9.86161041716e-10],
        "dmean2": [1.23042336782e-05, 0.00111459149048, 0.0017203646712, 0.00259985728189, 0.00362395099364, 0.00183551141527, 0.0013047530083, 0.0011100762058, 0.000800078210887, 0.000695171009284, 0.000534898717888, 0.000642309722025, 0.000432951783296, 0.000700406904798, 0.00159320491366, 0.000769953534473, 0.00100190320518, 0.000294422556181, 0.000205693970202, 0.00019017510931, 0.000108588203148, 0.000120792465168, 7.40050672903e-05, 3.2919961086e-05, 9.33374485612e-06, 1.38654365855e-06, 1.82061310472e-09],
        "dvar": [1.75678388503e-10, 9.33803391945e-07, 4.5238552957e-06, 6.71852512824e-06, 8.00699035608e-06, 3.28439500663e-06, 2.99954808725e-06, 2.45916453423e-06, 1.17870740723e-06, 7.43904877254e-07, 6.93770118687e-07, 6.06294861427e-07, 2.5324317221e-07, 9.33815158533e-07, 4.42264899903e-06, 8.00377847554e-07, 2.19206071961e-06, 1.04286769442e-07, 5.40195728149e-08, 4.74758543589e-08, 1.70578626779e-08, 3.86319314316e-08, 2.1094601621e-08, 3.7701126665e-09, 1.55704463212e-10, 3.97766325086e-12, 2.00689360806e-18],
        "dvar2": [4.74559946895e-10, 2.60535875896e-06, 1.04366145024e-05, 1.77899273694e-05, 2.31917074416e-05, 7.80302980274e-06, 7.21460764908e-06, 5.17001490152e-06, 2.86057365884e-06, 1.72502086571e-06, 1.26702025227e-06, 1.34507661187e-06, 5.88112641253e-07, 1.9019711317e-06, 1.14268941616e-05, 1.86476734143e-06, 5.30171246282e-06, 2.39396172219e-07, 1.12809303232e-07, 1.13848457772e-07, 3.75724624746e-08, 8.76095285207e-08, 4.07156797166e-08, 7.65679697423e-09, 3.2002861472e-10, 1.0184761888e-11, 6.19090177294e-18],
        "max": [0.000163944088854, 0.0119003690779, 0.0441917255521, 0.040983337909, 0.0306684114039, 0.034830480814, 0.0312483031303, 0.0423278957605, 0.0266601555049, 0.018165519461, 0.0262984037399, 0.0161315053701, 0.0128685962409, 0.0190258324146, 0.0328978598118, 0.0112204262987, 0.0288448669016, 0.00847052875906, 0.0052943569608, 0.00435252208263, 0.00283306906931, 0.0034555606544, 0.00311431847513, 0.00130670273211, 0.000232260252233, 5.68537143408e-05, 1.83881621041e-08],
        "mean": [7.63624939282e-06, 0.00123048375826, 0.00273078051396, 0.00231840834022, 0.00378718296997, 0.00219889823347, 0.00145861436613, 0.00128935230896, 0.000725941441488, 0.000696813687682, 0.00056280446006, 0.000749389873818, 0.00044718789286, 0.000776419357862, 0.00173313601408, 0.000837723026052, 0.000998820294626, 0.000354818825144, 0.000252130470471, 0.000250335695455, 0.000146619277075, 0.000156256530317, 9.98340037768e-05, 4.53420070698e-05, 1.31766209961e-05, 1.81951656941e-06, 8.47076353505e-10],
        "median": [2.80848666989e-06, 0.000808459531981, 0.00101963651832, 0.00102144677658, 0.00280545977876, 0.00143208913505, 0.000653510214761, 0.000524981354829, 0.000384960207157, 0.00031633823528, 0.000233035214478, 0.00031262988341, 0.000208283192478, 0.000272677483736, 0.000508231110871, 0.000353749492206, 0.000335191085469, 0.000216462110984, 0.000136406204547, 0.000123857957078, 6.94670088706e-05, 4.92269173265e-05, 2.82117634924e-05, 1.55733996507e-05, 6.11866971667e-06, 8.42354154429e-07, 3.53526846686e-10],
        "min": [1.3974500542e-23, 3.19492894909e-23, 2.78817554251e-23, 1.34009639541e-23, 1.8696467304e-23, 9.99312980858e-24, 2.65194305071e-23, 9.61900321572e-23, 6.81624037289e-23, 2.71203058586e-23, 1.08975719315e-22, 7.7186448681e-23, 6.59842073083e-23, 6.54204936164e-23, 5.81946602532e-23, 9.9102184764e-23, 1.62131338054e-22, 9.04120614776e-23, 2.87048282811e-22, 2.70346443995e-22, 3.94233123788e-22, 4.00206731972e-22, 5.49540297519e-22, 7.36313125898e-22, 1.16371498561e-21, 1.53240226893e-21, 2.28178438402e-21],
        "var": [1.87615270542e-10, 2.18423383558e-06, 2.74023295788e-05, 1.1536330021e-05, 1.48317822095e-05, 7.12509518053e-06, 7.03616524333e-06, 6.85789245836e-06, 1.42374028655e-06, 1.41256157349e-06, 1.6017119151e-06, 1.54799442953e-06, 5.67013785258e-07, 2.24099062507e-06, 1.03595075416e-05, 1.58678017215e-06, 3.89243587051e-06, 2.25060787784e-07, 1.35352507868e-07, 1.20985745866e-07, 4.18706775918e-08, 8.34710291997e-08, 6.8626832217e-08, 1.14333893464e-08, 3.98815452884e-10, 7.21084563587e-12, 1.69004776129e-18]
    },
    "erbbands": {
        "dmean": [0.00687214639038, 0.194032803178, 1.08754825592, 3.06680583954, 8.08808708191, 5.75496673584, 8.13914394379, 9.83251667023, 11.8568592072, 11.5231332779, 16.432844162, 11.4475507736, 12.5315341949, 12.361207962, 13.9392461777, 17.4782524109, 12.9091959, 16.4458198547, 49.1022377014, 28.1457862854, 31.6876544952, 30.7705001831, 10.801738739, 7.5911283493, 6.72783565521, 4.842004776, 3.31367659569, 2.92321944237, 2.99081635475, 2.16943073273, 1.31078803539, 0.663873851299, 0.259865790606, 0.096469245851, 0.0318915769458, 0.00694697722793, 0.00111655506771, 8.72365417308e-05, 4.7475714382e-06, 6.68776783641e-06],
        "dmean2": [0.0114536071196, 0.322364300489, 1.71503698826, 5.09961223602, 14.1150884628, 9.87485790253, 13.1612415314, 15.8365736008, 18.4466762543, 18.7080783844, 25.1870346069, 18.6561203003, 20.2183380127, 19.4491615295, 21.2036170959, 27.1404533386, 20.5046749115, 25.4741287231, 78.0828323364, 43.1993675232, 48.9083633423, 48.5915794373, 16.6929168701, 11.7713842392, 10.6909685135, 7.69859457016, 5.19757795334, 4.4671421051, 4.47177791595, 3.23920154572, 1.98242604733, 0.995805621147, 0.397897422314, 0.14773003757, 0.049407787621, 0.0107653038576, 0.00171149405651, 0.000134004279971, 7.05292359271e-06, 1.05206645458e-05],
        "dvar": [0.000120034826978, 0.0760859698057, 3.50019407272, 27.362203598, 139.372543335, 80.6265258789, 161.520248413, 283.163024902, 550.965270996, 685.703308105, 1446.83081055, 559.979309082, 743.237426758, 744.241088867, 994.538818359, 997.151489258, 541.275634766, 1000.99932861, 11153.0107422, 2842.0925293, 3777.61816406, 5660.39111328, 325.92364502, 181.963256836, 142.30229187, 70.9606933594, 39.2027130127, 30.5630550385, 48.9560546875, 37.8875770569, 15.6583499908, 4.15743923187, 0.381058335304, 0.0432612001896, 0.00372840673663, 0.000185324286576, 5.30221859663e-06, 3.91091354857e-08, 4.29013560788e-11, 5.86603474129e-11],
        "dvar2": [0.000318966223858, 0.212042480707, 8.17638111115, 69.321182251, 417.165924072, 225.612075806, 420.434967041, 656.804931641, 1262.03710938, 1753.38012695, 2969.43994141, 1424.01635742, 1815.65673828, 1575.44628906, 1919.26379395, 2295.85986328, 1320.65380859, 2203.10058594, 29351.7128906, 6369.28662109, 8772.39648438, 13903.0927734, 753.399597168, 394.97177124, 325.71206665, 168.751968384, 93.853515625, 66.3389129639, 111.940170288, 83.8606567383, 29.8035430908, 8.39535522461, 0.768349230289, 0.0862873420119, 0.00814878661186, 0.000450380379334, 1.23715708469e-05, 9.47001055351e-08, 9.27431256792e-11, 1.40829736761e-10],
        "max": [0.179972693324, 3.49778795242, 38.0385551453, 85.5343093872, 123.501953125, 142.174163818, 289.345001221, 343.225189209, 378.778869629, 419.326599121, 1063.2277832, 529.954284668, 612.387695312, 1012.35437012, 1017.73547363, 583.776000977, 463.02444458, 555.854125977, 1720.91345215, 1030.35046387, 773.670471191, 1554.45068359, 241.271530151, 269.047027588, 264.932037354, 139.338607788, 140.605407715, 86.9327316284, 114.087089539, 124.784828186, 88.2844848633, 46.4501075745, 11.1027183533, 3.95746064186, 1.03766095638, 0.316043049097, 0.0642753690481, 0.00503600155935, 0.000139097464853, 0.000106119274278],
        "mean": [0.0114087471738, 0.394676446915, 2.82672023773, 5.52258396149, 13.264497757, 9.5292339325, 14.4428501129, 17.8025341034, 22.9732456207, 17.8134632111, 31.4949703217, 18.6440734863, 20.2015476227, 21.6296024323, 25.0145606995, 32.5628738403, 23.7419071198, 30.3788166046, 91.6754226685, 54.7272758484, 56.1000823975, 49.1575012207, 20.9296989441, 15.0153055191, 13.7988586426, 10.3703804016, 6.57841491699, 6.00620698929, 5.7250828743, 4.15354204178, 2.65735507011, 1.37817704678, 0.540120959282, 0.201746046543, 0.0660704746842, 0.0146392770112, 0.00235759001225, 0.000175541441422, 1.88101912499e-05, 2.9501001336e-05],
        "median": [0.00718075688928, 0.262098103762, 1.31166803837, 3.02727532387, 7.83255815506, 6.84112405777, 9.81499290466, 9.75344562531, 9.90706253052, 9.25896072388, 12.2392168045, 10.5397319794, 9.88039207458, 10.2235860825, 11.9033756256, 14.2380847931, 12.4031257629, 15.3277950287, 29.5433349609, 23.2486782074, 24.1668357849, 18.2673358917, 12.5940523148, 8.6582403183, 6.83608722687, 5.52525949478, 3.48341274261, 2.57008743286, 1.77319014072, 1.19337511063, 0.747538208961, 0.433118343353, 0.203648597002, 0.0896044671535, 0.0302388332784, 0.00699425581843, 0.00109394569881, 7.75998050813e-05, 1.74386022991e-05, 3.01232175843e-05],
        "min": [1.184503755e-21, 6.5033804098e-21, 2.92499885705e-20, 3.09981895586e-20, 6.78172555502e-20, 7.54339410929e-20, 7.31076701035e-20, 1.37338735807e-19, 4.7169286837e-19, 1.02997138435e-18, 1.70912947385e-18, 1.73760495964e-18, 1.61249130705e-18, 2.73013380676e-18, 3.72392906741e-18, 2.91228228637e-18, 3.10608532722e-18, 2.5265354999e-18, 3.06773888838e-18, 5.88514231772e-18, 6.68828216654e-18, 9.39011047313e-18, 4.95333783334e-18, 1.38096124089e-17, 1.31226455276e-17, 1.41150380967e-17, 1.46573145453e-17, 1.58575089463e-17, 1.56878062262e-17, 1.2886463956e-17, 1.59995176595e-17, 1.31618158384e-17, 1.46213934e-17, 9.90863691191e-18, 1.0049848223e-17, 6.15450293085e-18, 2.99298078616e-18, 1.28178491174e-18, 2.94873086269e-19, 3.21179303829e-20],
        "var": [0.000205572272534, 0.203859075904, 21.630947113, 55.4093399048, 250.609329224, 117.0027771, 285.035552979, 637.830810547, 1800.6184082, 883.223632812, 4546.29394531, 749.775817871, 1113.5201416, 2218.73339844, 2439.48388672, 2856.68505859, 1248.1730957, 2107.95898438, 26922.9023438, 8443.140625, 6809.78662109, 9331.10839844, 696.412109375, 449.037017822, 359.354614258, 186.567733765, 78.7024765015, 78.2921142578, 106.731941223, 91.8296890259, 51.3250694275, 13.3645906448, 1.13059055805, 0.105968147516, 0.00941823236644, 0.000428890722105, 1.15235516205e-05, 7.03232458932e-08, 1.71939767979e-10, 3.03823632919e-10]
    },
    "gfcc": {
        "mean": [-29.5596523285, 114.222793579, -145.510406494, 41.3141860962, -61.3642349243, 7.98107051849, -43.7882194519, -3.26236343384, -18.9789562225, -7.41644716263, -15.7757205963, -9.07924938202, -8.2020740509],
        "cov": [[10834.5615234, -414.825042725, -998.216308594, 193.375915527, -234.99029541, 116.320297241, -713.321899414, 92.389541626, -160.147415161, 116.426040649, -332.031402588, 3.36599063873, 138.160842896], [-414.825042725, 1779.11206055, 347.162902832, -309.014221191, 463.221313477, -338.282928467, 89.2876281738, -172.024200439, 128.930587769, -107.883842468, 131.578430176, -108.255081177, 41.5828170776], [-998.216308594, 347.162902832, 731.986328125, 142.0131073, 82.9627990723, -47.3805274963, 71.6021194458, -50.6544685364, 34.3097877502, -10.5089931488, 56.7056770325, -13.6282424927, -38.8057060242], [193.375915527, -309.014221191, 142.0131073, 394.251342773, -25.2775268555, 19.7584953308, -28.0661430359, 18.2013778687, -18.0237674713, 11.2577390671, -19.9249610901, 2.17965340614, -23.2238292694], [-234.99029541, 463.221313477, 82.9627990723, -25.2775268555, 359.93548584, -17.5856075287, 17.486951828, -27.5997333527, 33.3837738037, -12.9521379471, 17.8630237579, -26.7246513367, 16.4213409424], [116.320297241, -338.282928467, -47.3805274963, 19.7584953308, -17.5856075287, 272.288024902, 38.0936927795, 41.7307434082, -54.211566925, 31.6438941956, -41.8157653809, 26.2765712738, -16.4461460114], [-713.321899414, 89.2876281738, 71.6021194458, -28.0661430359, 17.486951828, 38.0936927795, 190.700088501, 3.24959659576, -10.0571775436, -28.822271347, 43.1203346252, 0.97603648901, -21.986995697], [92.389541626, -172.024200439, -50.6544685364, 18.2013778687, -27.5997333527, 41.7307434082, 3.24959659576, 110.235389709, 7.91345024109, 24.4251060486, -26.81599617, 16.6443481445, -6.23614692688], [-160.147415161, 128.930587769, 34.3097877502, -18.0237674713, 33.3837738037, -54.211566925, -10.0571775436, 7.91345024109, 106.086349487, 16.4870185852, 15.2307920456, -13.1117248535, 8.07168579102], [116.426040649, -107.883842468, -10.5089931488, 11.2577390671, -12.9521379471, 31.6438941956, -28.822271347, 24.4251060486, 16.4870185852, 76.8020782471, 3.99604058266, 8.93413352966, -2.73019838333], [-332.031402588, 131.578430176, 56.7056770325, -19.9249610901, 17.8630237579, -41.8157653809, 43.1203346252, -26.81599617, 15.2307920456, 3.99604058266, 85.5747375488, 14.3996763229, -0.496739327908], [3.36599063873, -108.255081177, -13.6282424927, 2.17965340614, -26.7246513367, 26.2765712738, 0.97603648901, 16.6443481445, -13.1117248535, 8.93413352966, 14.3996763229, 67.3104705811, 19.4846611023], [138.160842896, 41.5828170776, -38.8057060242, -23.2238292694, 16.4213409424, -16.4461460114, -21.986995697, -6.23614692688, 8.07168579102, -2.73019838333, -0.496739327908, 19.4846611023, 56.3093719482]],
        "icov": [[0.000185288925422, -0.000344194937497, 0.000294856581604, -0.000342758663464, 0.000350075366441, -0.000302104686853, 0.000599919061642, -0.000169832084794, 0.000332237483235, -0.000289601273835, 0.000374561263015, -0.000143397584907, -0.000122239784105], [-0.000344194937497, 0.00311598670669, -0.00146039004903, 0.00238192360848, -0.00293586985208, 0.00235144444741, -0.00151123013347, 0.00122701865621, -0.00116226205137, 0.00195171975065, -0.00201275898144, 0.00253247004002, -0.00102465867531], [0.000294856581604, -0.00146039004903, 0.00261426344514, -0.00193677993957, 0.00103284488432, -0.000916992023122, 0.000466198805952, 0.000301009044051, 3.26582994603e-05, -0.00103988475166, 0.000709223619197, -0.00152081740089, 0.00148157158401], [-0.000342758663464, 0.00238192360848, -0.00193677993957, 0.0048747388646, -0.00210849172436, 0.00177672191057, -0.000663931597956, 0.00035005089012, -0.00035336005385, 0.00139169348404, -0.00109230785165, 0.00160558347125, 0.000224035364226], [0.000350075366441, -0.00293586985208, 0.00103284488432, -0.00210849172436, 0.00597612699494, -0.00272275670432, 0.00146411405876, -0.000984976417385, 0.00037792956573, -0.00131789234001, 0.00115641916636, -0.000560091866646, -0.000838205043692], [-0.000302104686853, 0.00235144444741, -0.000916992023122, 0.00177672191057, -0.00272275670432, 0.00777598330751, -0.00375573313795, 0.000998279894702, 0.00144491612446, -0.002322149463, 0.00283588841558, -0.00102555844933, 0.000874988385476], [0.000599919061642, -0.00151123013347, 0.000466198805952, -0.000663931597956, 0.00146411405876, -0.00375573313795, 0.0105016464368, -0.00316023128107, 0.00137479056139, 0.00380600034259, -0.00475491443649, 0.000636099779513, 0.00164356420282], [-0.000169832084794, 0.00122701865621, 0.000301009044051, 0.00035005089012, -0.000984976417385, 0.000998279894702, -0.00316023128107, 0.013691146858, -0.00327913695946, -0.003143732436, 0.00536327809095, -0.00419286452234, 0.0025392929092], [0.000332237483235, -0.00116226205137, 3.26582994603e-05, -0.00035336005385, 0.00037792956573, 0.00144491612446, 0.00137479056139, -0.00327913695946, 0.0135893635452, -0.00433572148904, -0.000803965900559, 0.00268178153783, -0.00268791872077], [-0.000289601273835, 0.00195171975065, -0.00103988475166, 0.00139169348404, -0.00131789234001, -0.002322149463, 0.00380600034259, -0.003143732436, -0.00433572148904, 0.0201521888375, -0.00734098628163, 0.00179901567753, 0.000882015039679], [0.000374561263015, -0.00201275898144, 0.000709223619197, -0.00109230785165, 0.00115641916636, 0.00283588841558, -0.00475491443649, 0.00536327809095, -0.000803965900559, -0.00734098628163, 0.0229198373854, -0.0100111002102, 0.00325958733447], [-0.000143397584907, 0.00253247004002, -0.00152081740089, 0.00160558347125, -0.000560091866646, -0.00102555844933, 0.000636099779513, -0.00419286452234, 0.00268178153783, 0.00179901567753, -0.0100111002102, 0.0255295448005, -0.0114758266136], [-0.000122239784105, -0.00102465867531, 0.00148157158401, 0.000224035364226, -0.000838205043692, 0.000874988385476, 0.00164356420282, 0.0025392929092, -0.00268791872077, 0.000882015039679, 0.00325958733447, -0.0114758266136, 0.0257798340172]]
    },
    "melbands": {
        "dmean": [0.000119033000374, 0.000445168989245, 0.000649683875963, 0.000506297685206, 0.000260335509665, 0.000220237110625, 0.000176386238309, 0.00012505488121, 0.000131821041577, 7.16801150702e-05, 6.3558385591e-05, 5.06424476043e-05, 4.96793436469e-05, 4.21421900683e-05, 3.86769570468e-05, 2.74550875474e-05, 3.29937320203e-05, 7.4076691817e-05, 7.11013854016e-05, 3.12488591589e-05, 4.2688458052e-05, 4.13154230046e-05, 1.20934482766e-05, 9.03814725461e-06, 6.42778422844e-06, 5.01203749081e-06, 5.60265925742e-06, 3.05479920826e-06, 2.42407463702e-06, 1.77420031378e-06, 1.7878746803e-06, 1.892049454e-06, 1.56883322688e-06, 1.17145452805e-06, 8.7309609853e-07, 5.98776296101e-07, 3.66566467846e-07, 2.07553568998e-07, 1.24926586409e-07, 7.45538670799e-08],
        "dmean2": [0.000197906221729, 0.000707275466993, 0.00109188398346, 0.000877263722941, 0.000423054647399, 0.000352897652192, 0.000276498263702, 0.000202681549126, 0.000199510293896, 0.000117654635687, 0.000102600628452, 8.02477734396e-05, 7.6293683378e-05, 6.52163653285e-05, 6.19569909759e-05, 4.40047006123e-05, 5.13297090947e-05, 0.00011715231085, 0.000111572277092, 4.73591971968e-05, 6.60004734527e-05, 6.57666678308e-05, 1.91480376088e-05, 1.43302604556e-05, 1.01193918454e-05, 7.98307155492e-06, 9.10924154596e-06, 4.85323198518e-06, 3.89672823076e-06, 2.79289292848e-06, 2.7758876513e-06, 2.91366859528e-06, 2.37850736085e-06, 1.78319794486e-06, 1.34136791985e-06, 8.92688774456e-07, 5.63705100376e-07, 3.22682126352e-07, 1.93592711639e-07, 1.15632488473e-07],
        "dvar": [2.99234805823e-08, 5.04513650412e-07, 9.6478231626e-07, 4.98787869674e-07, 1.45642886196e-07, 1.31869327902e-07, 1.22640784639e-07, 7.54778071155e-08, 8.78815598071e-08, 2.19067448626e-08, 1.90331004291e-08, 1.2579264741e-08, 1.3146461697e-08, 7.47442641114e-09, 5.52050405389e-09, 2.13532680426e-09, 4.36908065282e-09, 2.54991867621e-08, 2.16159499189e-08, 3.37683547791e-09, 7.33463600966e-09, 1.09880415877e-08, 5.0608139901e-10, 2.70691413728e-10, 1.33728195184e-10, 8.454244943e-11, 1.20926865743e-10, 2.85105515585e-11, 2.09771731235e-11, 9.67613315861e-12, 1.28008185649e-11, 1.91839027303e-11, 1.61928977171e-11, 1.19460379089e-11, 6.89791669964e-12, 3.35035970321e-12, 1.18770499078e-12, 2.31166756744e-13, 9.10307189328e-14, 2.37384490184e-14],
        "dvar2": [8.22601435857e-08, 1.22363610444e-06, 2.61319178207e-06, 1.46408467572e-06, 3.84908076967e-07, 3.04368512616e-07, 2.86318993403e-07, 1.86363749322e-07, 1.77235705223e-07, 5.66074831454e-08, 4.63462122013e-08, 2.67114774744e-08, 2.52381262555e-08, 1.62236268864e-08, 1.2947882766e-08, 5.28117150012e-09, 9.61434487579e-09, 6.53400178408e-08, 5.23153609322e-08, 7.72595942777e-09, 1.71222165335e-08, 2.73648481652e-08, 1.20205401188e-09, 6.26351526201e-10, 2.95348689949e-10, 1.77700618109e-10, 3.04717168165e-10, 6.77160549856e-11, 5.19580975467e-11, 2.23901383545e-11, 2.8949969158e-11, 4.60816662606e-11, 3.77079097114e-11, 2.71457873541e-11, 1.3977868342e-11, 6.96602411171e-12, 2.4479806203e-12, 4.69975024609e-13, 2.08840784293e-13, 4.93759187996e-14],
        "max": [0.00203347275965, 0.0138042410836, 0.0138696357608, 0.0063714068383, 0.00802294258028, 0.00768367247656, 0.00645960867405, 0.00381456129253, 0.00726598827168, 0.00287572457455, 0.00303063960746, 0.00389554421417, 0.00345703959465, 0.00188640062697, 0.00202822079882, 0.000627900357358, 0.00119857513346, 0.00243566790596, 0.00225190445781, 0.00107562087942, 0.00101940089371, 0.00227561988868, 0.000315014156513, 0.000490906881168, 0.000254789134488, 0.000201191112865, 0.000213926250581, 8.78972714418e-05, 0.000101511599496, 5.82674329053e-05, 6.46068292554e-05, 7.00638993294e-05, 6.75067931297e-05, 6.85083650751e-05, 5.98599217483e-05, 4.55876652268e-05, 2.67550003628e-05, 8.81609685166e-06, 6.44192687105e-06, 3.25720134242e-06],
        "mean": [0.000212428785744, 0.00115733337589, 0.00123893690761, 0.000855407561176, 0.000469258637168, 0.000416694296291, 0.000337393488735, 0.000193074767594, 0.000252381927567, 0.000107106578071, 9.84779690043e-05, 8.47686096677e-05, 8.36871986394e-05, 7.73600113462e-05, 7.04390331521e-05, 4.62580101157e-05, 5.4888176237e-05, 0.000136965158163, 0.000121639597637, 5.48112184333e-05, 7.06264982e-05, 6.28230482107e-05, 1.98465404537e-05, 1.66936861206e-05, 1.16331193567e-05, 9.32169405132e-06, 1.06921279439e-05, 5.94752282268e-06, 4.32608203482e-06, 3.44680029229e-06, 3.43904230249e-06, 3.42778753293e-06, 2.72780857813e-06, 2.12678082789e-06, 1.62757646649e-06, 1.12632744731e-06, 7.18395313015e-07, 4.06960225519e-07, 2.36842097934e-07, 1.43923088558e-07],
        "median": [0.000140824005939, 0.000604856293648, 0.000787550583482, 0.000590104842559, 0.000332055846229, 0.000237996864598, 0.000149512547068, 9.42226615734e-05, 9.56497678999e-05, 5.6261967984e-05, 4.40761723439e-05, 3.72059475922e-05, 3.68268010789e-05, 3.49244619429e-05, 2.9835237001e-05, 2.32199872698e-05, 2.36499126913e-05, 4.03021440434e-05, 3.52366478182e-05, 2.22292765102e-05, 2.81883149e-05, 2.02450210054e-05, 1.01296000139e-05, 9.73575788521e-06, 6.34071648165e-06, 4.89792137159e-06, 4.51866844742e-06, 3.17868534694e-06, 2.1724238195e-06, 1.65577137068e-06, 1.38080008583e-06, 1.04963271497e-06, 8.13003509847e-07, 5.85667123687e-07, 4.25400003223e-07, 3.29244329578e-07, 2.35039081531e-07, 1.51190050701e-07, 9.75860459107e-08, 6.48926530289e-08],
        "min": [1.028889585e-23, 1.35957494888e-23, 9.24763022073e-24, 4.49373549697e-24, 2.82059366308e-24, 3.37699205067e-24, 6.74554171194e-24, 1.48832809266e-23, 1.33102481054e-23, 1.04454839509e-23, 6.96484504359e-24, 9.87504285309e-24, 1.43975981999e-23, 1.06466411151e-23, 7.91021279696e-24, 5.1774305939e-24, 4.74471474941e-24, 4.85357479332e-24, 5.52953392578e-24, 8.82671218551e-24, 7.59970767833e-24, 1.20090812068e-23, 2.93429711573e-24, 5.59260493288e-24, 1.18092264519e-23, 1.01166457048e-23, 8.12256231973e-24, 9.55719975032e-24, 8.11602424055e-24, 1.14297954006e-23, 8.08740121146e-24, 9.12634758972e-24, 7.00544219235e-24, 5.77605019765e-24, 9.55103716893e-24, 9.5203670458e-24, 7.06982744171e-24, 1.02361778535e-23, 8.2947674999e-24, 8.17564792549e-24],
        "var": [6.48487414878e-08, 2.99805697068e-06, 2.01401144295e-06, 8.53903202369e-07, 2.66381903202e-07, 3.26080566992e-07, 3.66042002042e-07, 1.11575495509e-07, 2.89211527615e-07, 2.60250772044e-08, 2.83904064702e-08, 3.61084993017e-08, 3.0319068145e-08, 1.72220655514e-08, 1.44951393111e-08, 4.56593340914e-09, 8.62021831693e-09, 6.35160120055e-08, 5.40822817641e-08, 8.16151146665e-09, 1.25480168478e-08, 1.82018542461e-08, 8.12341138801e-10, 5.5931270726e-10, 3.13674003438e-10, 1.94175203694e-10, 2.76559553036e-10, 6.54646753473e-11, 3.66097464843e-11, 2.22640985509e-11, 2.89518096996e-11, 3.79859615984e-11, 3.33678987219e-11, 2.88296140433e-11, 2.05563257388e-11, 9.80589220934e-12, 3.56824812753e-12, 6.83889847964e-13, 1.75695233102e-13, 5.36937708922e-14]
    },
    "mfcc": {
        "mean": [-654.751708984, 127.895278931, -17.6465206146, 26.0516910553, 2.71362900734, 7.41286087036, -10.7712631226, 0.00401500333101, -3.95270895958, -1.17038989067, -5.96424913406, -3.41039037704, -2.76946902275],
        "cov": [[9352.23535156, -524.956665039, -918.783203125, -26.330198288, 108.267608643, -8.23527145386, -405.03338623, -221.514007568, 76.4164810181, -3.79794621468, -253.213821411, -131.002105713, -82.639465332], [-524.956665039, 1997.09741211, -11.6611166, 79.4247436523, 254.979782104, -68.5650558472, 26.164188385, -76.1390228271, -2.96097445488, -66.1211929321, 56.2095985413, 16.4039344788, -11.2213888168], [-918.783203125, -11.6611166, 625.482788086, 151.601470947, -1.98812580109, 39.7885093689, 35.9643821716, 16.6866855621, -35.4184303284, 12.533203125, 27.1879348755, 9.83076667786, 24.0616397858], [-26.330198288, 79.4247436523, 151.601470947, 363.700042725, 94.0747833252, -17.164264679, -16.401216507, -13.1553792953, -21.5754756927, 3.26106214523, 5.14480686188, -14.5452404022, 18.8526535034], [108.267608643, 254.979782104, -1.98812580109, 94.0747833252, 262.24319458, 41.404209137, -13.3006305695, -28.0884132385, 36.3735618591, 9.24847888947, -10.2845096588, 5.81136465073, 15.2878141403], [-8.23527145386, -68.5650558472, 39.7885093689, -17.164264679, 41.404209137, 154.376647949, 70.0584640503, 23.5269927979, 3.59502696991, 10.0488519669, 5.28355312347, -4.67769670486, -8.88483047485], [-405.03338623, 26.164188385, 35.9643821716, -16.401216507, -13.3006305695, 70.0584640503, 171.415893555, 60.8536567688, -4.50407838821, -6.42043590546, 22.2880802155, 2.29004859924, -3.96459364891], [-221.514007568, -76.1390228271, 16.6866855621, -13.1553792953, -28.0884132385, 23.5269927979, 60.8536567688, 95.9472808838, 22.4843902588, -5.34498310089, 5.03249931335, 11.5530757904, 0.969735920429], [76.4164810181, -2.96097445488, -35.4184303284, -21.5754756927, 36.3735618591, 3.59502696991, -4.50407838821, 22.4843902588, 84.3432769775, 22.946893692, -4.67131280899, 1.53255927563, 4.43257665634], [-3.79794621468, -66.1211929321, 12.533203125, 3.26106214523, 9.24847888947, 10.0488519669, -6.42043590546, -5.34498310089, 22.946893692, 70.9012908936, 23.3707542419, -3.3850569725, -0.495856106281], [-253.213821411, 56.2095985413, 27.1879348755, 5.14480686188, -10.2845096588, 5.28355312347, 22.2880802155, 5.03249931335, -4.67131280899, 23.3707542419, 74.1771087646, 17.97397995, -2.8500084877], [-131.002105713, 16.4039344788, 9.83076667786, -14.5452404022, 5.81136465073, -4.67769670486, 2.29004859924, 11.5530757904, 1.53255927563, -3.3850569725, 17.97397995, 64.1341629028, 26.2041606903], [-82.639465332, -11.2213888168, 24.0616397858, 18.8526535034, 15.2878141403, -8.88483047485, -3.96459364891, 0.969735920429, 4.43257665634, -0.495856106281, -2.8500084877, 26.2041606903, 57.3626823425]],
