{
"lowlevel": {
    "average_loudness": 0.975833117962,
    "barkbands_crest": {
        "dmean": 2.33559036255,
        "dmean2": 3.82962441444,
        "dvar": 5.59217643738,
        "dvar2": 14.999288559,
        "max": 22.2303085327,
        "mean": 9.07071876526,
        "median": 8.44036960602,
        "min": 3.14946341515,
        "var": 9.94686126709
    },
    "barkbands_flatness_db": {
        "dmean": 0.0186987351626,
        "dmean2": 0.0300643276423,
        "dvar": 0.000300951709505,
        "dvar2": 0.000791046419181,
        "max": 0.297366470098,
        "mean": 0.162189871073,
        "median": 0.159008085728,
        "min": 0.0753759518266,
        "var": 0.00106829602737
    },
    "barkbands_kurtosis": {
        "dmean": 2.02643632889,
        "dmean2": 3.38386750221,
        "dvar": 10.5127420425,
        "dvar2": 27.7476577759,
        "max": 41.9768257141,
        "mean": 2.137185812,
        "median": 0.875692605972,
        "min": -1.89713156223,
        "var": 15.6667108536
    },
    "barkbands_skewness": {
        "dmean": 0.480260580778,
        "dmean2": 0.772289216518,
        "dvar": 0.284486979246,
        "dvar2": 0.710083305836,
        "max": 6.00787878036,
        "mean": 1.36427533627,
        "median": 1.26307213306,
        "min": -0.676608085632,
        "var": 0.760034918785
    },
    "barkbands_spread": {
        "dmean": 5.39733505249,
        "dmean2": 8.34484767914,
        "dvar": 40.9150505066,
        "dvar2": 89.9766921997,
        "max": 91.2339248657,
        "mean": 24.5916576385,
        "median": 22.9592990875,
        "min": 4.23076629639,
        "var": 139.232788086
    },
    "dissonance": {
        "dmean": 0.016453973949,
        "dmean2": 0.0275926813483,
        "dvar": 0.000239763612626,
        "dvar2": 0.000652827555314,
        "max": 0.499999970198,
        "mean": 0.464047044516,
        "median": 0.469394445419,
        "min": 0.333439558744,
        "var": 0.000564396847039
    },
    "dynamic_complexity": 1.54213523865,
    "erbbands_crest": {
        "dmean": 2.72429466248,
        "dmean2": 4.32735109329,
        "dvar": 6.46629238129,
        "dvar2": 15.7914009094,
        "max": 27.8138847351,
        "mean": 9.73873615265,
        "median": 8.756524086,
        "min": 2.5593650341,
        "var": 19.9308815002
    },
    "erbbands_flatness_db": {
        "dmean": 0.0140824560076,
        "dmean2": 0.0203163009137,
        "dvar": 0.000161680480232,
        "dvar2": 0.000306047179038,
        "max": 0.277259856462,
        "mean": 0.183612316847,
        "median": 0.182769745588,
        "min": 0.101168602705,
        "var": 0.000892353593372
    },
    "erbbands_kurtosis": {
        "dmean": 0.719363570213,
        "dmean2": 1.10588490963,
        "dvar": 0.681030631065,
        "dvar2": 1.54632163048,
        "max": 8.7902469635,
        "mean": 0.348535209894,
        "median": -0.173492193222,
        "min": -1.67107784748,
        "var": 2.66666936874
    },
    "erbbands_skewness": {
        "dmean": 0.315328598022,
        "dmean2": 0.480401873589,
        "dvar": 0.0802107155323,
        "dvar2": 0.186197340488,
        "max": 2.55953574181,
        "mean": -0.0449236743152,
        "median": -0.0994286313653,
        "min": -2.5933163166,
        "var": 0.4376527071
    },
    "erbbands_spread": {
        "dmean": 7.86399555206,
        "dmean2": 11.9434070587,
        "dvar": 66.677406311,
        "dvar2": 144.732589722,
        "max": 104.365653992,
        "mean": 38.5990715027,
        "median": 36.7428016663,
        "min": 8.57892036438,
        "var": 266.551757812
    },
    "hfc": {
        "dmean": 5.91432523727,
        "dmean2": 8.64315891266,
        "dvar": 53.3168067932,
        "dvar2": 102.712394714,
        "max": 128.467514038,
        "mean": 27.6659641266,
        "median": 27.178358078,
        "min": 0.000450269202702,
        "var": 238.857406616
    },
    "melbands_crest": {
        "dmean": 2.98458218575,
        "dmean2": 4.88016414642,
        "dvar": 7.02175378799,
        "dvar2": 17.9213657379,
        "max": 29.3775253296,
        "mean": 14.1846914291,
        "median": 13.5467233658,
        "min": 4.62398958206,
        "var": 21.7482585907
    },
    "melbands_flatness_db": {
        "dmean": 0.0237525030971,
        "dmean2": 0.0368031039834,
        "dvar": 0.000538166670594,
        "dvar2": 0.00131929130293,
        "max": 0.369417339563,
        "mean": 0.195954740047,
        "median": 0.1920106709,
        "min": 0.0607417710125,
        "var": 0.00223046075553
    },
    "melbands_kurtosis": {
        "dmean": 6.09160327911,
        "dmean2": 10.1737203598,
        "dvar": 106.011306763,
        "dvar2": 279.357452393,
        "max": 136.417556763,
        "mean": 10.4341945648,
        "median": 6.80793380737,
        "min": -1.34342050552,
        "var": 146.75592041
    },
    "melbands_skewness": {
        "dmean": 0.705753326416,
        "dmean2": 1.1347091198,
        "dvar": 0.671671688557,
        "dvar2": 1.68303000927,
        "max": 9.5824213028,
        "mean": 2.61143755913,
        "median": 2.42207098007,
        "min": -0.208059430122,
        "var": 1.74029397964
    },
    "melbands_spread": {
        "dmean": 6.70653581619,
        "dmean2": 10.5705890656,
        "dvar": 59.8683128357,
        "dvar2": 137.645614624,
        "max": 136.312179565,
        "mean": 24.4030475616,
        "median": 22.0582065582,
        "min": 2.41876649857,
        "var": 191.789550781
    },
    "pitch_salience": {
        "dmean": 0.0622226409614,
        "dmean2": 0.101184442639,
        "dvar": 0.00324443355203,
        "dvar2": 0.00877561047673,
        "max": 0.785501301289,
        "mean": 0.517529606819,
        "median": 0.512672901154,
        "min": 0.237037405372,
        "var": 0.00914448592812
    },
    "silence_rate_20dB": {
        "dmean": 0,
        "dmean2": 0,
        "dvar": 0,
        "dvar2": 0,
        "max": 1,
        "mean": 1,
        "median": 1,
        "min": 1,
        "var": 0
    },
    "silence_rate_30dB": {
        "dmean": 0.018590239808,
        "dmean2": 0.0371948853135,
        "dvar": 0.0182449743152,
        "dvar2": 0.0482090190053,
        "max": 1,
        "mean": 0.987611293793,
        "median": 1,
        "min": 0,
        "var": 0.0122348377481
    },
    "silence_rate_60dB": {
        "dmean": 0.000774593325332,
        "dmean2": 0.00154978688806,
        "dvar": 0.000773989362642,
        "dvar2": 0.00154736766126,
        "max": 1,
        "mean": 0.00929152127355,
        "median": 0,
        "min": 0,
        "var": 0.00920563563704
    },
    "spectral_centroid": {
        "dmean": 230.252365112,
        "dmean2": 359.581787109,
        "dvar": 59958.2773438,
        "dvar2": 133334.359375,
        "max": 3938.26074219,
        "mean": 1325.16687012,
        "median": 1272.46691895,
        "min": 371.898010254,
        "var": 249723.046875
    },
    "spectral_complexity": {
        "dmean": 3.3539891243,
        "dmean2": 5.10926008224,
        "dvar": 10.8762607574,
        "dvar2": 22.6281852722,
        "max": 53,
        "mean": 22.6476955414,
        "median": 22,
        "min": 0,
        "var": 53.4454841614
    },
    "spectral_decrease": {
        "dmean": 3.48497097846e-09,
        "dmean2": 5.80006176421e-09,
        "dvar": 3.15813024923e-17,
        "dvar2": 8.48236263435e-17,
        "max": -1.04670131341e-13,
        "mean": -1.04783959287e-08,
        "median": -9.40844824271e-09,
        "min": -5.25856087563e-08,
        "var": 3.55732827459e-17
    },
    "spectral_energy": {
        "dmean": 0.0134585741907,
        "dmean2": 0.0223212577403,
        "dvar": 0.000459190545371,
        "dvar2": 0.00123158656061,
        "max": 0.203305199742,
        "mean": 0.0420573353767,
        "median": 0.0380222834647,
        "min": 4.35889262462e-07,
        "var": 0.000532815465704
    },
    "spectral_energyband_high": {
        "dmean": 0.000470944243716,
        "dmean2": 0.000617045036051,
        "dvar": 8.16236308765e-07,
        "dvar2": 1.4066207541e-06,
        "max": 0.016924392432,
        "mean": 0.00107240991201,
        "median": 0.000569330062717,
        "min": 4.17617229687e-08,
        "var": 2.95570316666e-06
    },
    "spectral_energyband_low": {
        "dmean": 0.00979100819677,
        "dmean2": 0.0166173800826,
        "dvar": 0.000384054990718,
        "dvar2": 0.00104754127096,
        "max": 0.177092075348,
        "mean": 0.0175521597266,
        "median": 0.0126983849332,
        "min": 2.42535644901e-08,
        "var": 0.000349776644725
    },
    "spectral_energyband_middle_high": {
        "dmean": 0.00200207368471,
        "dmean2": 0.00301984953694,
        "dvar": 5.44083468412e-06,
        "dvar2": 1.19731694213e-05,
        "max": 0.0533282160759,
        "mean": 0.00826189666986,
        "median": 0.00649659661576,
        "min": 7.2141673968e-08,
        "var": 3.39432008332e-05
    },
    "spectral_energyband_middle_low": {
        "dmean": 0.00644957227632,
        "dmean2": 0.0106257433072,
        "dvar": 0.000128676954773,
        "dvar2": 0.000342586252373,
        "max": 0.146186828613,
        "mean": 0.0165815278888,
        "median": 0.0133723514155,
        "min": 3.03998831441e-07,
        "var": 0.00016758334823
    },
    "spectral_entropy": {
        "dmean": 0.13740824163,
        "dmean2": 0.189887046814,
        "dvar": 0.0164024438709,
        "dvar2": 0.0291685797274,
        "max": 8.45207595825,
        "mean": 7.50695133209,
        "median": 7.51285600662,
        "min": 6.37772369385,
        "var": 0.104452244937
    },
    "spectral_flux": {
        "dmean": 0.0301127322018,
        "dmean2": 0.0470694005489,
        "dvar": 0.00141372415237,
        "dvar2": 0.00274901138619,
        "max": 0.369123727083,
        "mean": 0.102514177561,
        "median": 0.0901018679142,
        "min": 0.000660219113342,
        "var": 0.00282881851308
    },
    "spectral_kurtosis": {
        "dmean": 1.48346865177,
        "dmean2": 2.49575042725,
        "dvar": 2.22025680542,
        "dvar2": 5.9777431488,
        "max": 17.5940971375,
        "mean": 2.70592546463,
        "median": 2.24198961258,
        "min": -1.1090092659,
        "var": 5.08694458008
    },
    "spectral_rms": {
        "dmean": 0.000919191516005,
        "dmean2": 0.00148356566206,
        "dvar": 1.42029819017e-06,
        "dvar2": 3.66700737686e-06,
        "max": 0.0140835549682,
        "mean": 0.00619890447706,
        "median": 0.00609055906534,
        "min": 2.06217810046e-05,
        "var": 2.60510728367e-06
    },
    "spectral_rolloff": {
        "dmean": 426.25390625,
        "dmean2": 708.453063965,
        "dvar": 509613.21875,
        "dvar2": 1095281.125,
        "max": 8828.61328125,
        "mean": 1389.93701172,
        "median": 1248.92578125,
        "min": 86.1328125,
        "var": 1230986.625
    },
    "spectral_skewness": {
        "dmean": 0.217137977481,
        "dmean2": 0.336276710033,
        "dvar": 0.0369016118348,
        "dvar2": 0.0833647921681,
        "max": 3.03806304932,
        "mean": 1.20822048187,
        "median": 1.19316291809,
        "min": -0.0165427997708,
        "var": 0.166605591774
    },
    "spectral_spread": {
        "dmean": 379172.375,
        "dmean2": 520400.53125,
        "dvar": 165217976320,
        "dvar2": 277885911040,
        "max": 10460924,
        "mean": 4029766.25,
        "median": 3916424.75,
        "min": 2005775.625,
        "var": 815488565248
    },
    "spectral_strongpeak": {
        "dmean": 0.635073423386,
        "dmean2": 1.12006258965,
        "dvar": 1.26020228863,
        "dvar2": 3.25873947144,
        "max": 10.5080766678,
        "mean": 1.08047449589,
        "median": 0.545561790466,
        "min": 0.00139865395613,
        "var": 1.81422328949
    },
    "zerocrossingrate": {
        "dmean": 0.00835146289319,
        "dmean2": 0.00997977983207,
        "dvar": 8.71961092344e-05,
        "dvar2": 0.00010167126311,
        "max": 0.23046875,
        "mean": 0.0532651878893,
        "median": 0.04931640625,
        "min": 0.01220703125,
        "var": 0.000607169815339
    },
    "barkbands": {
        "dmean": [0.000353489333065, 0.00622401852161, 0.00411424320191, 0.00205965293571, 0.00385268731043, 0.00112652115058, 0.000557765713893, 0.00117737788241, 0.000651246693451, 0.000731133273803, 0.000421421078499, 0.00045848969603, 0.000506258278619, 0.000522224174347, 0.00053130206652, 0.000434100395069, 0.000315430952469, 0.000255241669947, 0.000185229277122, 0.000117492389109, 0.000138741612318, 0.000144416801049, 0.000112008863653, 8.46261536935e-05, 2.45480005105e-05, 2.37062529607e-08, 4.27286650506e-09],
        "dmean2": [0.00051704532234, 0.0106830792502, 0.00730165001005, 0.00361214578152, 0.00639028241858, 0.00181945424993, 0.000816411804408, 0.00171637232415, 0.000993075314909, 0.00105226377491, 0.000614938500803, 0.000670591951348, 0.000770243117586, 0.000814832863398, 0.0008298321045, 0.000652195303701, 0.000470494589536, 0.000415999587858, 0.000294984783977, 0.000178628106369, 0.000202269016881, 0.000204753916478, 0.000154130029841, 0.000121233824757, 3.74766095774e-05, 3.87638685595e-08, 7.86964715616e-09],
        "dvar": [3.51305061486e-07, 0.000180266433745, 5.89915907767e-05, 1.67886519193e-05, 6.9070403697e-05, 4.57583018942e-06, 2.35113566305e-06, 6.57863893139e-06, 3.34957417181e-06, 3.15920260618e-06, 1.05002482087e-06, 1.03675313312e-06, 6.8510064466e-07, 7.57933889872e-07, 8.98881125977e-07, 7.55351095449e-07, 4.62156833692e-07, 2.13392908677e-07, 9.93404114524e-08, 4.65506992953e-08, 5.92726898674e-08, 1.04214699093e-07, 6.83288234882e-08, 5.55492647436e-08, 1.05715551868e-08, 1.43006927237e-14, 3.15890323297e-16],
        "dvar2": [6.18928595486e-07, 0.000486176722916, 0.000171391278855, 4.77859211969e-05, 0.000182473886525, 1.05414701466e-05, 4.86526778332e-06, 1.3426057194e-05, 7.79888159741e-06, 6.56919792164e-06, 1.78707716714e-06, 2.02218961931e-06, 1.50543064592e-06, 1.76266996732e-06, 2.23534857469e-06, 1.70052612702e-06, 9.38262132877e-07, 5.26815483681e-07, 2.42263951122e-07, 1.0246164095e-07, 1.27641570202e-07, 2.15856374552e-07, 1.21059088087e-07, 1.03613366775e-07, 2.52424019465e-08, 3.74357933975e-14, 9.15886984987e-16],
        "max": [0.00769590679556, 0.113976180553, 0.0767249464989, 0.0466906502843, 0.103539705276, 0.0508073568344, 0.0297489725053, 0.0386263020337, 0.0405001714826, 0.0467030927539, 0.0261816736311, 0.0245162174106, 0.0149434935302, 0.013810778968, 0.0175446309149, 0.0121456356719, 0.0151589578018, 0.00958350580186, 0.00511107454076, 0.00504559651017, 0.00441193720326, 0.00745270261541, 0.00784364156425, 0.00546321505681, 0.00217029009946, 2.98601889881e-06, 3.13890808457e-07],
        "mean": [0.000461546675069, 0.00903084874153, 0.00699577247724, 0.00246944068931, 0.00686403457075, 0.0019638412632, 0.00102868035901, 0.00240705022588, 0.00106242520269, 0.00154075690079, 0.00081949919695, 0.000989003689028, 0.000914307835046, 0.000911799899768, 0.000920796999708, 0.000830562086776, 0.00073824316496, 0.000525912735611, 0.000393196853111, 0.000244568684138, 0.000276763545116, 0.000260545057245, 0.000216296466533, 0.00015486087068, 3.64929583156e-05, 2.96514066633e-08, 2.99461877518e-09],
        "median": [0.000158155860845, 0.00559435039759, 0.00452313385904, 0.00132558913901, 0.0047766296193, 0.0010705254972, 0.000280814652797, 0.000505397445522, 0.000381225254387, 0.000473946682177, 0.000338715384714, 0.000315372715704, 0.000491309328936, 0.000507536227815, 0.000414175709011, 0.000299314415315, 0.0002635937999, 0.000297710095765, 0.000233633094467, 0.000144767647726, 0.000150751089677, 0.000100980803836, 9.43559207371e-05, 6.99339070707e-05, 1.19785872812e-05, 9.6361079116e-09, 6.17677797798e-10],
        "min": [1.95859772845e-09, 1.92924787257e-08, 2.2207300443e-09, 2.23869367488e-09, 7.68827277398e-08, 2.0306046622e-07, 4.04587918723e-09, 3.66111496675e-09, 3.26137694628e-09, 1.39521434406e-08, 1.46159040426e-09, 1.95660234681e-08, 7.96946597603e-09, 1.56352335523e-08, 5.53030909956e-09, 4.45150094563e-09, 1.02275587999e-09, 4.11594491823e-09, 2.37708208672e-09, 2.5192823383e-09, 2.27072991521e-08, 7.18728632165e-09, 8.46216696715e-09, 2.09142791974e-09, 2.07403913488e-10, 3.00199340213e-12, 6.07795411223e-12],
        "var": [6.54834764191e-07, 0.000147195052705, 6.1863589508e-05, 1.42908938869e-05, 7.03706391505e-05, 9.70595738181e-06, 7.50949675421e-06, 2.15295767703e-05, 7.14794305168e-06, 9.75069178821e-06, 3.01891554955e-06, 4.95250014865e-06, 1.71033730112e-06, 1.85669011898e-06, 1.82349117495e-06, 1.97100644073e-06, 2.4945320547e-06, 4.67795786108e-07, 2.72871119478e-07, 1.14151220032e-07, 1.32410377773e-07, 3.17011739526e-07, 2.42789923277e-07, 1.162954959e-07, 1.60743560684e-08, 1.32439564415e-14, 1.86623619365e-16]
    },
    "erbbands": {
        "dmean": [0.183772817254, 1.47379803658, 4.40876150131, 5.64372587204, 11.9561004639, 12.2311697006, 11.527176857, 8.51156425476, 6.88760662079, 15.1857376099, 24.6519699097, 14.2990837097, 20.690738678, 18.4078598022, 14.7722015381, 20.9935379028, 20.5199108124, 29.1814670563, 25.4844169617, 24.9200115204, 18.8218231201, 12.1352319717, 12.5976104736, 12.718255043, 5.66557502747, 5.6521525383, 5.89227342606, 5.0466299057, 5.03086328506, 4.48094797134, 3.1356742382, 1.96346926689, 1.35934650898, 0.512802898884, 0.0250286534429, 0.00115642917808, 7.73443243816e-05, 1.31454744405e-05, 8.33156718727e-06, 1.52874781634e-05],
        "dmean2": [0.299463838339, 2.59691596031, 7.75337934494, 10.0882005692, 20.3264369965, 20.1441421509, 18.6124706268, 13.6722021103, 10.0461893082, 22.2074871063, 35.7023391724, 21.0997123718, 30.0323028564, 25.9834117889, 21.387304306, 30.7051582336, 31.1205177307, 45.3377761841, 39.7727127075, 38.6964950562, 28.0461006165, 18.2282218933, 20.0764656067, 20.00440979, 8.74086284637, 8.5771818161, 8.63766670227, 7.31165456772, 7.19308900833, 6.20542669296, 4.44852876663, 2.85365462303, 1.9552385807, 0.763456821442, 0.0388551689684, 0.00177660514601, 0.000112162451842, 1.87955611182e-05, 1.28270849018e-05, 2.49793465628e-05],
        "dvar": [0.15742456913, 10.2954540253, 67.6404037476, 128.737091064, 1030.74365234, 449.66784668, 325.461639404, 453.127075195, 447.176513672, 1314.68371582, 3402.91601562, 1604.68212891, 2809.7734375, 2934.10571289, 919.299743652, 2101.40576172, 1191.04760742, 2094.25048828, 2431.9909668, 2189.59863281, 1218.89343262, 685.65222168, 494.526245117, 475.586425781, 69.2681350708, 109.354995728, 156.247650146, 77.899559021, 140.216491699, 88.69896698, 60.8535346985, 26.0528850555, 18.4840583801, 4.7814655304, 0.0126394052058, 2.551779653e-05, 7.46350963254e-08, 1.42861122931e-09, 1.73258990488e-10, 5.50300471858e-10],
        "dvar2": [0.392574459314, 29.1057720184, 196.706436157, 368.74118042, 2786.93603516, 1163.93066406, 789.602966309, 978.745544434, 878.071777344, 2782.89355469, 6670.21386719, 3764.32788086, 5707.01904297, 6178.16943359, 1517.33203125, 4235.16162109, 2684.14135742, 4764.55224609, 6067.70458984, 5369.70751953, 2487.55053711, 1571.49926758, 1174.42773438, 1124.58251953, 158.498626709, 241.518234253, 321.453399658, 168.19052124, 300.080627441, 170.405227661, 113.408081055, 45.294002533, 37.2922897339, 11.4230966568, 0.0312785506248, 6.2955179601e-05, 1.72623259687e-07, 3.12865267027e-09, 4.19960816123e-10, 1.46622358699e-09],
        "max": [3.02574038506, 27.4253826141, 82.364730835, 127.032989502, 415.305358887, 348.647033691, 311.934631348, 594.357116699, 454.793823242, 766.160339355, 1011.89331055, 1208.92663574, 1001.75457764, 1892.42260742, 1105.02697754, 1259.1307373, 649.259643555, 791.519836426, 912.40020752, 1061.20227051, 631.903015137, 642.284423828, 493.036804199, 366.448760986, 185.198348999, 258.169647217, 381.4375, 124.164283752, 279.886932373, 253.83706665, 213.328048706, 122.895935059, 93.2881622314, 54.4514350891, 2.76483345032, 0.121454171836, 0.00651921983808, 0.000858166546095, 0.000204836425837, 0.000229119090363],
        "mean": [0.222542002797, 2.17265176773, 8.21433353424, 7.63409423828, 17.2615261078, 21.5971279144, 21.2964401245, 14.7366466522, 12.3672952652, 34.8580093384, 47.8197860718, 25.7835121155, 44.9987106323, 38.9883460999, 33.4827575684, 49.0718078613, 40.9043312073, 56.544757843, 45.2575569153, 49.4198951721, 45.63073349, 30.493221283, 29.4681777954, 28.9887294769, 13.4782714844, 11.9816579819, 11.7580757141, 9.86261749268, 9.13075351715, 8.26923751831, 5.93606424332, 3.75569272041, 2.3506526947, 0.81572419405, 0.0339968428016, 0.00167373532895, 0.000144417761476, 2.73659625236e-05, 2.74951034953e-05, 5.07759905304e-05],
        "median": [0.116127707064, 1.39950084686, 5.53915023804, 4.93581819534, 9.76417636871, 14.4977693558, 14.1849346161, 7.02459716797, 4.56511878967, 7.75181818008, 11.0105676651, 10.9692459106, 14.6553640366, 13.3494758606, 16.0333652496, 18.1831645966, 22.8306102753, 33.1687355042, 21.3170547485, 23.5516414642, 17.0012817383, 13.8661746979, 16.5720691681, 15.8506002426, 9.63795089722, 7.13939905167, 6.78343343735, 4.91245126724, 3.55714082718, 3.11313295364, 2.59805011749, 1.65327858925, 1.00805711746, 0.289396286011, 0.00869238004088, 0.00049722508993, 6.53252354823e-05, 1.50010191646e-05, 2.41805482801e-05, 4.68036778329e-05],
        "min": [6.32692376712e-07, 3.90141167372e-06, 4.42929149358e-06, 4.54879318568e-06, 2.51577966992e-05, 0.000262439949438, 0.0014291977277, 0.001497132238, 0.000213442297536, 8.97680656635e-05, 5.16106956638e-05, 6.43233652227e-05, 0.000560824351851, 0.000113848902402, 0.000203688119655, 0.000820145301986, 0.000299805426039, 0.000717647897545, 0.000652789836749, 0.000122024437587, 0.000249621662078, 8.87284768396e-05, 0.000223555078264, 9.13339754334e-05, 0.000172481886693, 0.000116497205454, 0.000618255289737, 0.000831043871585, 0.000220860834816, 0.000401816912927, 0.000217336375499, 6.27486515441e-05, 2.71940225502e-05, 6.7791870606e-06, 2.29279379482e-07, 2.16442472833e-08, 8.00746935425e-09, 3.9551539821e-09, 1.11554177007e-09, 6.58295251643e-10],
        "var": [0.145594328642, 7.74274635315, 77.9969940186, 98.0282592773, 887.000183105, 635.820739746, 624.731445312, 909.402038574, 1022.73083496, 7117.89306641, 9509.57617188, 3552.32519531, 10706.1396484, 7715.89257812, 4037.59301758, 10646.8730469, 2787.66064453, 6260.97851562, 4327.18994141, 4826.10546875, 5077.01074219, 2595.65234375, 1359.60852051, 1493.2208252, 196.806625366, 271.78125, 301.721496582, 191.199676514, 400.630981445, 330.758544922, 180.329528809, 67.7972869873, 32.5468826294, 7.05063962936, 0.0193673707545, 3.95421557187e-05, 1.32242917061e-07, 2.82854673017e-09, 3.11974057698e-10, 6.95559776442e-10]
    },
    "gfcc": {
        "mean": [14.2808160782, 133.508560181, -148.159881592, 66.9092330933, -63.5737571716, 28.7052154541, -33.0431175232, -7.77986240387, -5.94392967224, -22.812795639, 5.34188699722, -22.6820869446, 4.97819423676],
        "cov": [[1623.43273926, -450.609405518, 28.8194389343, 174.627609253, -185.836700439, 78.099319458, -74.9013900757, 126.928604126, -20.3912849426, 25.8743534088, -92.1501541138, -10.8877305984, -27.6371097565], [-450.609405518, 554.230651855, -42.2829322815, -164.819915771, 197.436523438, -114.991882324, 121.352867126, -22.5813922882, 64.0731277466, -44.345703125, 85.1645431519, -45.4910125732, 10.0545988083], [28.8194389343, -42.2829322815, 264.236572266, 52.1551589966, -46.5874176025, 47.6639137268, -47.4471054077, 9.07563877106, -29.7747688293, 40.4875221252, 25.3768177032, 1.83708178997, -14.3092355728], [174.627609253, -164.819915771, 52.1551589966, 243.707077026, 12.0429706573, -16.57289505, -23.2159805298, -14.6794376373, 46.3704795837, 3.35399055481, -34.5726051331, 39.5190849304, -7.32195949554], [-185.836700439, 197.436523438, -46.5874176025, 12.0429706573, 248.735168457, -3.99579524994, 35.6178436279, 3.25592565536, 38.8334121704, -37.8535614014, 19.0695400238, -0.688916623592, 21.8399066925], [78.099319458, -114.991882324, 47.6639137268, -16.57289505, -3.99579524994, 203.513290405, 31.9683876038, -38.5310287476, -67.5418548584, 17.6881752014, 2.1660721302, 0.188888013363, 5.58935689926], [-74.9013900757, 121.352867126, -47.4471054077, -23.2159805298, 35.6178436279, 31.9683876038, 181.59928894, -5.47008037567, 16.0818443298, -18.4399547577, 16.6188545227, -16.3002357483, -10.6424026489], [126.928604126, -22.5813922882, 9.07563877106, -14.6794376373, 3.25592565536, -38.5310287476, -5.47008037567, 172.924423218, 51.919883728, -2.32626533508, -12.975353241, -11.9387454987, -10.397526741], [-20.3912849426, 64.0731277466, -29.7747688293, 46.3704795837, 38.8334121704, -67.5418548584, 16.0818443298, 51.919883728, 148.663452148, 6.18043327332, -21.1126270294, 0.393769860268, -17.8587856293], [25.8743534088, -44.345703125, 40.4875221252, 3.35399055481, -37.8535614014, 17.6881752014, -18.4399547577, -2.32626533508, 6.18043327332, 79.3790740967, 27.9450492859, -5.89087820053, -11.046037674], [-92.1501541138, 85.1645431519, 25.3768177032, -34.5726051331, 19.0695400238, 2.1660721302, 16.6188545227, -12.975353241, -21.1126270294, 27.9450492859, 93.9940185547, 15.5121984482, -9.08325481415], [-10.8877305984, -45.4910125732, 1.83708178997, 39.5190849304, -0.688916623592, 0.188888013363, -16.3002357483, -11.9387454987, 0.393769860268, -5.89087820053, 15.5121984482, 70.2732772827, 24.4668884277], [-27.6371097565, 10.0545988083, -14.3092355728, -7.32195949554, 21.8399066925, 5.58935689926, -10.6424026489, -10.397526741, -17.8587856293, -11.046037674, -9.08325481415, 24.4668884277, 63.9168510437]],
        "icov": [[0.000953213369939, -0.00032297251164, 0.000625411106739, -0.00132269761525, 0.000958913646173, -0.000906852539629, 0.000512467639055, -0.00120167690329, 0.000549366872292, -8.07387477835e-05, 0.000210702579352, 0.000513336271979, 6.5940352215e-05], [-0.00032297251164, 0.0217917542905, -0.00909517798573, 0.0162431187928, -0.012928115204, 0.0147340539843, -0.0106735657901, 0.0112355230376, -0.0126237785444, 0.0103988507763, -0.014617709443, 0.0116734467447, -0.00883947405964], [0.000625411106739, -0.00909517798573, 0.00935960561037, -0.00933442078531, 0.00674326485023, -0.00808439217508, 0.00615034159273, -0.0062490045093, 0.00596608174965, -0.00474168220535, 0.00329553685151, -0.00270667858422, 0.00348950806074], [-0.00132269761525, 0.0162431187928, -0.00933442078531, 0.0201262570918, -0.0121280355379, 0.0129170138389, -0.00889578927308, 0.0108614014462, -0.0104733631015, 0.00541660981253, -0.00537036173046, 0.00159841263667, -0.00297636492178], [0.000958913646173, -0.012928115204, 0.00674326485023, -0.0121280355379, 0.0145439067855, -0.010953865014, 0.00714838551357, -0.00749223586172, 0.00451095495373, -0.00114983343519, 0.00316700036637, -0.002138820244, 0.000858887389768], [-0.000906852539629, 0.0147340539843, -0.00808439217508, 0.0129170138389, -0.010953865014, 0.0180431585759, -0.0101184537634, 0.00905187148601, -0.0045474790968, 0.00276485830545, -0.00543655920774, 0.00433888426051, -0.00431356718764], [0.000512467639055, -0.0106735657901, 0.00615034159273, -0.00889578927308, 0.00714838551357, -0.0101184537634, 0.0128432875499, -0.005657708738, 0.00374618778005, -0.00133386254311, 0.0029217377305, -0.00201634154655, 0.00392208667472], [-0.00120167690329, 0.0112355230376, -0.0062490045093, 0.0108614014462, -0.00749223586172, 0.00905187148601, -0.005657708738, 0.0139368129894, -0.00951318163425, 0.00581273203716, -0.00660576671362, 0.0055084885098, -0.00404905062169], [0.000549366872292, -0.0126237785444, 0.00596608174965, -0.0104733631015, 0.00451095495373, -0.0045474790968, 0.00374618778005, -0.00951318163425, 0.0202133264393, -0.0122255487368, 0.0146841714159, -0.0109402053058, 0.0101012866944], [-8.07387477835e-05, 0.0103988507763, -0.00474168220535, 0.00541660981253, -0.00114983343519, 0.00276485830545, -0.00133386254311, 0.00581273203716, -0.0122255487368, 0.0267843566835, -0.0187510270625, 0.0136670097709, -0.00792057625949], [0.000210702579352, -0.014617709443, 0.00329553685151, -0.00537036173046, 0.00316700036637, -0.00543655920774, 0.0029217377305, -0.00660576671362, 0.0146841714159, -0.0187510270625, 0.03306998685, -0.0210499782115, 0.014938024804], [0.000513336271979, 0.0116734467447, -0.00270667858422, 0.00159841263667, -0.002138820244, 0.00433888426051, -0.00201634154655, 0.0055084885098, -0.0109402053058, 0.0136670097709, -0.0210499782115, 0.0334624126554, -0.0176208876073], [6.5940352215e-05, -0.00883947405964, 0.00348950806074, -0.00297636492178, 0.000858887389768, -0.00431356718764, 0.00392208667472, -0.00404905062169, 0.0101012866944, -0.00792057625949, 0.014938024804, -0.0176208876073, 0.0279042441398]]
    },
    "melbands": {
        "dmean": [0.00165072304662, 0.00212784879841, 0.00111282616854, 0.000874053337611, 0.000432588713011, 0.000192202132894, 0.000104068727524, 0.000184938806342, 0.00019242662529, 8.77129787114e-05, 0.000103325197415, 7.72219209466e-05, 5.37427804375e-05, 5.24497336301e-05, 5.24809147464e-05, 4.49508697784e-05, 5.97526050115e-05, 4.03687408834e-05, 3.22991436406e-05, 3.96198156523e-05, 2.26696720347e-05, 1.46861102621e-05, 1.29542759169e-05, 1.37155348057e-05, 1.15818575068e-05, 4.97786459164e-06, 3.8200578274e-06, 4.05160471928e-06, 3.99350528824e-06, 3.8103191855e-06, 2.80769995697e-06, 2.95586823995e-06, 2.97102383229e-06, 2.38202983383e-06, 1.91788512893e-06, 1.60672914262e-06, 1.13493013032e-06, 9.98948166853e-07, 8.95863877304e-07, 3.00243669926e-07],
        "dmean2": [0.00277876481414, 0.00372841837816, 0.00195309659466, 0.00146150623914, 0.000702993769664, 0.000308222282911, 0.000152628621436, 0.000275645055808, 0.000279025320197, 0.000129627296701, 0.000150851323269, 0.000108655927761, 7.81575654401e-05, 7.65775621403e-05, 7.80010304879e-05, 6.80543962517e-05, 9.31771428441e-05, 6.31236398476e-05, 4.96381871926e-05, 6.11220311839e-05, 3.28527057718e-05, 2.2153430109e-05, 2.11541791941e-05, 2.24196028284e-05, 1.82587027666e-05, 7.8742414189e-06, 5.93361664869e-06, 6.19648290012e-06, 6.02839963904e-06, 5.65577238376e-06, 4.12190001953e-06, 4.39182076661e-06, 4.29540477853e-06, 3.39150619766e-06, 2.81881307274e-06, 2.35533912019e-06, 1.68241786014e-06, 1.47178604948e-06, 1.30807006826e-06, 4.74639705317e-07],
        "dvar": [1.30287944557e-05, 1.73572352651e-05, 4.78683477922e-06, 4.5232973207e-06, 4.08722371503e-07, 1.99348946239e-07, 8.95237306509e-08, 1.78695088948e-07, 2.10103195286e-07, 6.46157261031e-08, 7.00685731658e-08, 5.32645394458e-08, 1.46310021876e-08, 1.26025083702e-08, 9.14274700392e-09, 5.62054003339e-09, 9.4229566372e-09, 6.4986798165e-09, 4.40446568106e-09, 6.58473586768e-09, 2.22330642785e-09, 1.34041366895e-09, 4.32397978534e-10, 6.08597672258e-10, 4.64265487166e-10, 5.52482747052e-11, 3.8517383727e-11, 6.09792424888e-11, 8.10127798179e-11, 4.54433678188e-11, 2.53972225195e-11, 4.90640444939e-11, 5.12155942656e-11, 2.43626837454e-11, 2.54470264305e-11, 1.59321462273e-11, 1.05513800822e-11, 9.89481153263e-12, 9.95720693397e-12, 2.15516536908e-12],
        "dvar2": [3.4053256968e-05, 5.00306705362e-05, 1.3441248484e-05, 1.20361664813e-05, 1.0214980648e-06, 4.34464539012e-07, 1.79190777772e-07, 3.89569549952e-07, 4.24897478979e-07, 1.54309077516e-07, 1.42182088325e-07, 1.1245063547e-07, 2.51515075433e-08, 2.426237522e-08, 1.89559834496e-08, 1.20700596185e-08, 2.13957598305e-08, 1.61586353187e-08, 1.02823562997e-08, 1.55002837232e-08, 4.21037560372e-09, 3.03567948556e-09, 1.04900854669e-09, 1.51033219264e-09, 1.114157544e-09, 1.32048830204e-10, 8.17447082246e-11, 1.38240141556e-10, 1.75256961721e-10, 9.72587566039e-11, 5.59432673797e-11, 1.10989495372e-10, 1.03556267728e-10, 4.92446430855e-11, 5.30932554865e-11, 3.03280768554e-11, 1.94823809863e-11, 2.04078282051e-11, 2.25695729467e-11, 5.47392079581e-12],
        "max": [0.0287119299173, 0.041212964803, 0.0217383243144, 0.0265883039683, 0.00985000003129, 0.012050230056, 0.00687330402434, 0.00789869204164, 0.00705311773345, 0.00669211708009, 0.00496643502265, 0.00818079616874, 0.00341792264953, 0.00280312076211, 0.00237431307323, 0.00140897801612, 0.00177248101681, 0.00134282396175, 0.00152793771122, 0.00112657819409, 0.000894898024853, 0.000808344397228, 0.000365764601156, 0.000537844432984, 0.000383583188523, 0.000138296803925, 0.000204199313885, 0.000194056308828, 0.000270773743978, 0.000131877008243, 7.68836980569e-05, 0.000135382739245, 0.000187332319911, 0.000120395139675, 0.000130555999931, 0.000105611463368, 7.58360620239e-05, 6.07657857472e-05, 7.22729309928e-05, 3.72644353774e-05],
        "mean": [0.00220569386147, 0.00387795432471, 0.00165368884336, 0.00144498760346, 0.000829380063806, 0.000335621996783, 0.000190386024769, 0.000418374082074, 0.000366094580386, 0.000149581130245, 0.00022036919836, 0.000153950648382, 0.000109519947728, 0.000119262906082, 0.000106603314634, 8.56534825289e-05, 0.000107442901935, 6.72978640068e-05, 5.81813947065e-05, 7.35685534892e-05, 5.2897259593e-05, 3.43929386872e-05, 2.64487771346e-05, 2.75752136076e-05, 2.39063247136e-05, 1.03254706119e-05, 8.18526132207e-06, 7.73229112383e-06, 7.36050515115e-06, 6.86922203386e-06, 5.20649609825e-06, 5.06661990585e-06, 5.18071783517e-06, 4.2843389565e-06, 3.47912759935e-06, 2.89363265438e-06, 2.05503761208e-06, 1.64848097484e-06, 1.43066370129e-06, 4.07412073855e-07],
        "median": [0.00130596011877, 0.00276951096021, 0.00110708293505, 0.00096544274129, 0.000570405332837, 0.000162569936947, 6.4326748543e-05, 9.07387075131e-05, 8.79246581462e-05, 5.8576635638e-05, 6.85258492013e-05, 4.55832123407e-05, 4.92961553391e-05, 3.92183137592e-05, 5.34797545697e-05, 4.69444203191e-05, 5.85247471463e-05, 3.06169422402e-05, 2.64004956989e-05, 2.81233460555e-05, 1.67080706888e-05, 1.2529727428e-05, 1.5449415514e-05, 1.44434616232e-05, 1.15528309834e-05, 6.81524716128e-06, 4.94926462125e-06, 4.33145623902e-06, 4.17723776991e-06, 3.5334187487e-06, 2.4063760975e-06, 1.96987161871e-06, 1.80645724868e-06, 1.66836423432e-06, 1.48315893966e-06, 1.24972757476e-06, 8.74224326708e-07, 7.03729938323e-07, 5.55573649308e-07, 1.08583876113e-07],
        "min": [5.61344659644e-09, 3.39531758264e-09, 1.06783937248e-09, 6.93652690842e-09, 4.31439275417e-08, 3.38413954637e-08, 2.5691910821e-09, 9.59274104595e-10, 3.10717201968e-10, 5.26372112564e-10, 2.79883893839e-09, 4.12869294308e-10, 3.4036401475e-10, 2.23691620782e-09, 1.03198682933e-09, 9.78587655354e-10, 1.38206779354e-09, 1.26351806795e-09, 2.599056248e-10, 2.33989327914e-10, 2.64781419013e-10, 5.04386393763e-11, 2.12293529978e-10, 1.76784850647e-10, 5.60643684255e-11, 9.19153156365e-11, 1.33296748639e-10, 5.41006059396e-11, 2.36170055734e-10, 7.67372942967e-10, 3.19972937035e-10, 7.95659024777e-11, 2.16156870181e-10, 1.9938835305e-10, 1.2722918552e-10, 6.8771092987e-11, 2.68469829701e-11, 1.63103992118e-11, 1.75023068955e-11, 1.95528641021e-12],
        "var": [1.09873308247e-05, 1.68602073245e-05, 3.93832578993e-06, 4.14924397774e-06, 8.18775959033e-07, 4.18198993657e-07, 2.33395013538e-07, 8.97102211184e-07, 5.73693171191e-07, 1.2879341682e-07, 2.65124981524e-07, 1.3748569927e-07, 4.77377426478e-08, 6.93977568744e-08, 2.76099321184e-08, 1.56746864377e-08, 2.66971955654e-08, 1.06340598549e-08, 8.62830784598e-09, 1.57543880164e-08, 1.07004289873e-08, 4.95038543491e-09, 1.20918774993e-09, 1.41785172492e-09, 1.32492106175e-09, 1.39501507568e-10, 1.13578237093e-10, 1.32580793566e-10, 1.37326414129e-10, 9.20500550783e-11, 6.25326665449e-11, 1.17368462171e-10, 1.61146790356e-10, 8.74985708887e-11, 6.50823284154e-11, 4.37705323375e-11, 2.28911421069e-11, 1.64829278698e-11, 1.55651186384e-11, 2.81042203398e-12]
    },
    "mfcc": {
        "mean": [-600.848632812, 121.589370728, -1.35277605057, 26.528470993, 11.6802463531, 18.1145801544, 1.22487604618, 8.69163799286, -4.28999233246, 4.81002759933, -3.36423969269, 0.775070369244, -8.51479434967],
        "cov": [[1715.59667969, -578.684570312, 99.5727386475, 41.397026062, -59.01039505, -23.6078147888, -60.1478271484, 34.2259864807, 64.4144210815, 16.8664855957, -6.64898347855, -18.1745624542, 16.0373153687], [-578.684570312, 712.71875, -190.28843689, -38.0869560242, 35.3311080933, -62.4630012512, 82.6023864746, 9.16201305389, -21.9430484772, 44.820514679, 13.1033163071, 31.4766197205, -4.27425813675], [99.5727386475, -190.28843689, 333.150695801, -26.5232524872, -29.5317249298, 20.2474994659, 4.69716835022, -50.1890487671, -30.5545368195, -16.8487186432, 24.6865234375, 14.3890590668, 7.92549467087], [41.397026062, -38.0869560242, -26.5232524872, 249.715698242, 38.2793540955, -21.8688583374, -87.8954238892, 39.2956123352, 33.3273277283, -8.52607917786, -0.248135998845, 51.3529891968, 10.3350534439], [-59.01039505, 35.3311080933, -29.5317249298, 38.2793540955, 198.835525513, -18.5091533661, -20.8776550293, 8.40140342712, 19.0825061798, -11.3961858749, -3.82006430626, 10.3568763733, -3.80229234695], [-23.6078147888, -62.4630012512, 20.2474994659, -21.8688583374, -18.5091533661, 231.091140747, 51.7338562012, -7.8257188797, -31.4181251526, -3.65479850769, -14.4991407394, -37.3580360413, -17.253610611], [-60.1478271484, 82.6023864746, 4.69716835022, -87.8954238892, -20.8776550293, 51.7338562012, 185.541824341, 2.11751890182, -39.0912132263, 6.36911773682, -5.89136505127, -20.4432144165, 3.45741891861], [34.2259864807, 9.16201305389, -50.1890487671, 39.2956123352, 8.40140342712, -7.8257188797, 2.11751890182, 118.721122742, 43.5777511597, 7.9187836647, -0.348249137402, 11.0142259598, 7.22221660614], [64.4144210815, -21.9430484772, -30.5545368195, 33.3273277283, 19.0825061798, -31.4181251526, -39.0912132263, 43.5777511597, 109.247558594, 24.2748794556, -0.201101273298, -0.0827240198851, 2.71784305573], [16.8664855957, 44.820514679, -16.8487186432, -8.52607917786, -11.3961858749, -3.65479850769, 6.36911773682, 7.9187836647, 24.2748794556, 86.3910751343, 28.1805591583, -0.555955827236, -8.68765544891], [-6.64898347855, 13.1033163071, 24.6865234375, -0.248135998845, -3.82006430626, -14.4991407394, -5.89136505127, -0.348249137402, -0.201101273298, 28.1805591583, 87.0976257324, 39.6246681213, -2.03152418137], [-18.1745624542, 31.4766197205, 14.3890590668, 51.3529891968, 10.3568763733, -37.3580360413, -20.4432144165, 11.0142259598, -0.0827240198851, -0.555955827236, 39.6246681213, 106.538330078, 19.8173866272], [16.0373153687, -4.27425813675, 7.92549467087, 10.3350534439, -3.80229234695, -17.253610611, 3.45741891861, 7.22221660614, 2.71784305573, -8.68765544891, -2.03152418137, 19.8173866272, 71.085647583]],
