{
"lowlevel": {
    "average_loudness": 0.561013936996,
    "barkbands_crest": {
        "dmean": 2.56086182594,
        "dmean2": 4.20406675339,
        "dvar": 6.21485710144,
        "dvar2": 15.7855653763,
        "max": 24.4085388184,
        "mean": 8.01583480835,
        "median": 7.11367750168,
        "min": 2.27008605003,
        "var": 12.4583292007
    },
    "barkbands_flatness_db": {
        "dmean": 0.0186449270695,
        "dmean2": 0.0292372722179,
        "dvar": 0.000314980366966,
        "dvar2": 0.000744939432479,
        "max": 0.331618189812,
        "mean": 0.140466555953,
        "median": 0.132062420249,
        "min": 0.0666679516435,
        "var": 0.00180420733523
    },
    "barkbands_kurtosis": {
        "dmean": 1.82359099388,
        "dmean2": 2.80389285088,
        "dvar": 14.1320962906,
        "dvar2": 28.2433452606,
        "max": 85.5177688599,
        "mean": 1.65705597401,
        "median": -0.100801706314,
        "min": -1.8606710434,
        "var": 35.2383270264
    },
    "barkbands_skewness": {
        "dmean": 0.495398938656,
        "dmean2": 0.735304534435,
        "dvar": 0.316886872053,
        "dvar2": 0.629561841488,
        "max": 7.66118097305,
        "mean": 0.937981545925,
        "median": 0.79384303093,
        "min": -3.12521290779,
        "var": 0.940859436989
    },
    "barkbands_spread": {
        "dmean": 6.88169145584,
        "dmean2": 10.5407733917,
        "dvar": 60.7349243164,
        "dvar2": 129.747085571,
        "max": 90.701751709,
        "mean": 29.5400981903,
        "median": 28.4283542633,
        "min": 1.16708576679,
        "var": 235.028320312
    },
    "dissonance": {
        "dmean": 0.0155570246279,
        "dmean2": 0.0260268393904,
        "dvar": 0.00035922267125,
        "dvar2": 0.000903983018361,
        "max": 0.49992403388,
        "mean": 0.476104289293,
        "median": 0.485820531845,
        "min": 0.284333348274,
        "var": 0.00084700610023
    },
    "dynamic_complexity": 6.34932947159,
    "erbbands_crest": {
        "dmean": 2.84033250809,
        "dmean2": 4.65478420258,
        "dvar": 8.02237796783,
        "dvar2": 20.5101089478,
        "max": 30.4785385132,
        "mean": 8.77061080933,
        "median": 7.92599725723,
        "min": 2.43073153496,
        "var": 17.3347263336
    },
    "erbbands_flatness_db": {
        "dmean": 0.0162480827421,
        "dmean2": 0.0248170420527,
        "dvar": 0.000246150040766,
        "dvar2": 0.000559154024813,
        "max": 0.360849320889,
        "mean": 0.189039751887,
        "median": 0.183589056134,
        "min": 0.0980720147491,
        "var": 0.00156678957865
    },
    "erbbands_kurtosis": {
        "dmean": 1.0681065321,
        "dmean2": 1.65765655041,
        "dvar": 4.38687753677,
        "dvar2": 10.0506954193,
        "max": 42.417011261,
        "mean": 0.391656935215,
        "median": -0.314801454544,
        "min": -1.81236505508,
        "var": 7.84885835648
    },
    "erbbands_skewness": {
        "dmean": 0.438271075487,
        "dmean2": 0.674793958664,
        "dvar": 0.204133093357,
        "dvar2": 0.415189981461,
        "max": 5.63525676727,
        "mean": 0.174619495869,
        "median": 0.159471780062,
        "min": -2.9072470665,
        "var": 0.739441990852
    },
    "erbbands_spread": {
        "dmean": 8.26339817047,
        "dmean2": 12.5170192719,
        "dvar": 84.162727356,
        "dvar2": 201.985931396,
        "max": 95.7005157471,
        "mean": 36.9750938416,
        "median": 35.6664390564,
        "min": 3.39880275726,
        "var": 257.846862793
    },
    "hfc": {
        "dmean": 6.23936653137,
        "dmean2": 9.1786403656,
        "dvar": 107.792236328,
        "dvar2": 225.062133789,
        "max": 149.952835083,
        "mean": 23.7919864655,
        "median": 10.1567373276,
        "min": 0.000308604328893,
        "var": 751.195800781
    },
    "melbands_crest": {
        "dmean": 3.22757649422,
        "dmean2": 5.17249298096,
        "dvar": 8.87895584106,
        "dvar2": 21.5416679382,
        "max": 32.4494590759,
        "mean": 12.027838707,
        "median": 10.9542217255,
        "min": 4.01001644135,
        "var": 23.5552349091
    },
    "melbands_flatness_db": {
        "dmean": 0.0246124230325,
        "dmean2": 0.0363635197282,
        "dvar": 0.000649798894301,
        "dvar2": 0.00127982639242,
        "max": 0.400654226542,
        "mean": 0.157391890883,
        "median": 0.148183315992,
        "min": 0.0280228275806,
        "var": 0.00371419126168
    },
    "melbands_kurtosis": {
        "dmean": 4.47904682159,
        "dmean2": 6.83282232285,
        "dvar": 47.720413208,
        "dvar2": 102.673294067,
        "max": 105.254493713,
        "mean": 6.76790571213,
        "median": 3.67059373856,
        "min": -1.79419064522,
        "var": 93.0938796997
    },
    "melbands_skewness": {
        "dmean": 0.685289025307,
        "dmean2": 1.02934777737,
        "dvar": 0.550946414471,
        "dvar2": 1.22068202496,
        "max": 7.47022485733,
        "mean": 1.9431014061,
        "median": 1.75997424126,
        "min": -1.00134503841,
        "var": 1.42890179157
    },
    "melbands_spread": {
        "dmean": 11.2158689499,
        "dmean2": 17.5836238861,
        "dvar": 292.683441162,
        "dvar2": 611.356933594,
        "max": 168.03427124,
        "mean": 35.9583892822,
        "median": 32.8320808411,
        "min": 1.29334676266,
        "var": 553.272155762
    },
    "pitch_salience": {
        "dmean": 0.0682690963149,
        "dmean2": 0.111038774252,
        "dvar": 0.00361851137131,
        "dvar2": 0.00889306608588,
        "max": 0.866396725178,
        "mean": 0.619000196457,
        "median": 0.620145976543,
        "min": 0.227445051074,
        "var": 0.0106501691043
    },
    "silence_rate_20dB": {
        "dmean": 0,
        "dmean2": 0,
        "dvar": 0,
        "dvar2": 0,
        "max": 1,
        "mean": 1,
        "median": 1,
        "min": 1,
        "var": 0
    },
    "silence_rate_30dB": {
        "dmean": 0.00155038759112,
        "dmean2": 0.00310318078846,
        "dvar": 0.0015479704598,
        "dvar2": 0.00309348781593,
        "max": 1,
        "mean": 0.996127009392,
        "median": 1,
        "min": 0,
        "var": 0.00385781796649
    },
    "silence_rate_60dB": {
        "dmean": 0.0558139532804,
        "dmean2": 0.111714504659,
        "dvar": 0.0526988729835,
        "dvar2": 0.113199368119,
        "max": 1,
        "mean": 0.388071268797,
        "median": 0,
        "min": 0,
        "var": 0.237469986081
    },
    "spectral_centroid": {
        "dmean": 308.375061035,
        "dmean2": 460.003051758,
        "dvar": 134323.640625,
        "dvar2": 248117.671875,
        "max": 4313.06103516,
        "mean": 1796.04724121,
        "median": 1806.24084473,
        "min": 245.255554199,
        "var": 475011.1875
    },
    "spectral_complexity": {
        "dmean": 3.32403111458,
        "dmean2": 5.18541526794,
        "dvar": 13.0593481064,
        "dvar2": 30.1743927002,
        "max": 57,
        "mean": 22.2269554138,
        "median": 21,
        "min": 0,
        "var": 295.47555542
    },
    "spectral_decrease": {
        "dmean": 1.5558092592e-09,
        "dmean2": 2.47742049098e-09,
        "dvar": 7.73869235664e-18,
        "dvar2": 1.95195450516e-17,
        "max": -1.19861897642e-13,
        "mean": -4.94957319574e-09,
        "median": -1.81158876789e-09,
        "min": -3.11934726938e-08,
        "var": 3.2076595082e-17
    },
    "spectral_energy": {
        "dmean": 0.00617237994447,
        "dmean2": 0.00982813350856,
        "dvar": 0.00011732945859,
        "dvar2": 0.000294865021715,
        "max": 0.123502880335,
        "mean": 0.0208388399333,
        "median": 0.00754597969353,
        "min": 4.8037554734e-07,
        "var": 0.000548016396351
    },
    "spectral_energyband_high": {
        "dmean": 0.000513052451424,
        "dmean2": 0.000707829196472,
        "dvar": 1.47160392316e-06,
        "dvar2": 2.70618966169e-06,
        "max": 0.0190322883427,
        "mean": 0.0014776076423,
        "median": 0.000231755329878,
        "min": 1.7446453171e-08,
        "var": 6.52184644423e-06
    },
    "spectral_energyband_low": {
        "dmean": 0.00371124921367,
        "dmean2": 0.00586029328406,
        "dvar": 8.45508329803e-05,
        "dvar2": 0.000219445995754,
        "max": 0.0978918671608,
        "mean": 0.00736031215638,
        "median": 0.00117206433788,
        "min": 4.26813038246e-08,
        "var": 0.000156919937581
    },
    "spectral_energyband_middle_high": {
        "dmean": 0.00252295681275,
        "dmean2": 0.0038360923063,
        "dvar": 1.76853664016e-05,
        "dvar2": 4.32888191426e-05,
        "max": 0.0594648830593,
        "mean": 0.00697219092399,
        "median": 0.00284392549656,
        "min": 5.49532934713e-08,
        "var": 8.13759834273e-05
    },
    "spectral_energyband_middle_low": {
        "dmean": 0.00288083637133,
        "dmean2": 0.00470113987103,
        "dvar": 3.56820237357e-05,
        "dvar2": 9.47113003349e-05,
        "max": 0.0712936297059,
        "mean": 0.00584463821724,
        "median": 0.00282693211921,
        "min": 8.65526317284e-08,
        "var": 6.26562323305e-05
    },
    "spectral_entropy": {
        "dmean": 0.125662833452,
        "dmean2": 0.184660673141,
        "dvar": 0.0233075171709,
        "dvar2": 0.0456816740334,
        "max": 8.55198192596,
        "mean": 7.67478179932,
        "median": 7.72362518311,
        "min": 5.80930757523,
        "var": 0.180521205068
    },
    "spectral_flux": {
        "dmean": 0.0157494619489,
        "dmean2": 0.0251523498446,
        "dvar": 0.000414725276642,
        "dvar2": 0.000950162007939,
        "max": 0.262296676636,
        "mean": 0.0711447745562,
        "median": 0.0535988770425,
        "min": 0.000693091307767,
        "var": 0.00300450902432
    },
    "spectral_kurtosis": {
        "dmean": 1.78178405762,
        "dmean2": 3.00863647461,
        "dvar": 4.45375156403,
        "dvar2": 12.8146247864,
        "max": 29.7333183289,
        "mean": 3.37028551102,
        "median": 2.50990390778,
        "min": -0.738489627838,
        "var": 10.6353063583
    },
    "spectral_rms": {
        "dmean": 0.000551058386918,
        "dmean2": 0.000848444877192,
        "dvar": 5.01713827816e-07,
        "dvar2": 1.21800360375e-06,
        "max": 0.0109768221155,
        "mean": 0.00368395331316,
        "median": 0.0027132879477,
        "min": 2.16485350393e-05,
        "var": 6.7590517574e-06
    },
    "spectral_rolloff": {
        "dmean": 694.521789551,
        "dmean2": 1082.20727539,
        "dvar": 1020736.875,
        "dvar2": 1922363,
        "max": 8914.74609375,
        "mean": 2175.40893555,
        "median": 1873.38867188,
        "min": 150.732421875,
        "var": 2329188
    },
    "spectral_skewness": {
        "dmean": 0.241234138608,
        "dmean2": 0.378379225731,
        "dvar": 0.05591076985,
        "dvar2": 0.135112628341,
        "max": 4.04665231705,
        "mean": 1.15654098988,
        "median": 1.09509265423,
        "min": -0.0994515568018,
        "var": 0.241665929556
    },
    "spectral_spread": {
        "dmean": 364694.71875,
        "dmean2": 535930.8125,
        "dvar": 176140402688,
        "dvar2": 301955252224,
        "max": 10470504,
        "mean": 3755069.75,
        "median": 3763069.25,
        "min": 1626662.375,
        "var": 1.16692969062e+12
    },
    "spectral_strongpeak": {
        "dmean": 0.549598395824,
        "dmean2": 0.950849413872,
        "dvar": 0.922896206379,
        "dvar2": 2.43561458588,
        "max": 9.72160148621,
        "mean": 0.693258166313,
        "median": 0.2863278687,
        "min": 0.000636960146949,
        "var": 0.986253976822
    },
    "zerocrossingrate": {
        "dmean": 0.0124481441453,
        "dmean2": 0.0140427267179,
        "dvar": 0.00025071320124,
        "dvar2": 0.000255624589045,
        "max": 0.2578125,
        "mean": 0.0770777091384,
        "median": 0.0703125,
        "min": 0.00927734375,
        "var": 0.0013519115746
    },
    "barkbands": {
        "dmean": [0.000199244357646, 0.00267649907619, 0.00135410984512, 0.000626026070677, 0.000656782998703, 0.00085881940322, 0.000424248079071, 0.000425287958933, 0.00133223098237, 0.00120636506472, 0.000692915171385, 0.000282627355773, 0.000307275855448, 0.00046755882795, 0.000426737969974, 0.000279935426079, 0.000251222722, 0.000189956452232, 0.000176600631676, 0.000182816162123, 0.00011243881454, 0.00014942571579, 0.000153793342179, 0.0001228510082, 3.13494274451e-05, 3.06341156886e-08, 7.75970754319e-09],
        "dmean2": [0.000311238429276, 0.00435351207852, 0.00221356144175, 0.000958654680289, 0.00110140570905, 0.00138230226003, 0.00071778788697, 0.000724199577235, 0.00219228374772, 0.001962257782, 0.00111156480853, 0.000463684147689, 0.000503548013512, 0.000772767118178, 0.000711026019417, 0.000460044335341, 0.000409708649386, 0.000309475843096, 0.000282886379864, 0.000292586424621, 0.000175556488102, 0.000223627939704, 0.000228381744819, 0.000184322241694, 4.79382833873e-05, 5.05900565884e-08, 1.42348905996e-08],
        "dvar": [3.46347235336e-07, 6.64660037728e-05, 8.08332515589e-06, 1.19474452731e-06, 2.54060637417e-06, 9.56087933446e-06, 2.21671371037e-06, 1.22784956602e-06, 1.54597491928e-05, 7.82327515481e-06, 3.1778729408e-06, 3.29465422055e-07, 6.062834359e-07, 8.92718787782e-07, 8.35510320485e-07, 6.57617590605e-07, 5.48281548163e-07, 1.17607292793e-07, 8.10061706602e-08, 1.59462430815e-07, 4.77826027634e-08, 1.0596658484e-07, 1.94786878183e-07, 1.51755372713e-07, 8.75267147649e-09, 8.49552107943e-15, 1.13727588053e-15],
        "dvar2": [8.1552843767e-07, 0.000172162908711, 2.27342025028e-05, 2.78291599898e-06, 7.03080559106e-06, 2.41438738158e-05, 6.14110649622e-06, 3.13828354592e-06, 4.09690583183e-05, 2.03051295102e-05, 8.56376300362e-06, 8.15829082512e-07, 1.50227879203e-06, 2.44030093199e-06, 2.14841566049e-06, 1.63177230661e-06, 1.39211306305e-06, 3.04367205217e-07, 2.04220086175e-07, 4.19668054974e-07, 1.1047949755e-07, 2.24580844588e-07, 3.85176264217e-07, 3.25312896621e-07, 1.87852560174e-08, 2.10221752929e-14, 3.27019706243e-15],
        "max": [0.0112024350092, 0.0818260759115, 0.0393246747553, 0.0130385225639, 0.0219823028892, 0.0428346917033, 0.0331835448742, 0.0155898593366, 0.0585997663438, 0.0307886935771, 0.0220770984888, 0.00797659344971, 0.0160783324391, 0.0102319577709, 0.0120126735419, 0.0187498982996, 0.0174790415913, 0.0048071667552, 0.00358102004975, 0.00602219346911, 0.00303076091222, 0.00501623330638, 0.00799719709903, 0.00824740435928, 0.00127698574215, 1.45442515986e-06, 4.62255457023e-07],
        "mean": [0.000304132234305, 0.00417973147705, 0.00217285193503, 0.00103548890911, 0.000984421581961, 0.000970012799371, 0.000487879471621, 0.000562528439332, 0.00159396871459, 0.00175289937761, 0.000948056171183, 0.00045801140368, 0.000492711085826, 0.00073979399167, 0.000710802734829, 0.000473439547932, 0.000481079419842, 0.000433642824646, 0.000417415518314, 0.000381603604183, 0.00025497074239, 0.000377636111807, 0.000307218899252, 0.000266254151938, 5.22583140992e-05, 4.1854903543e-08, 5.31308819163e-09],
        "median": [1.51644335347e-05, 0.000453760585515, 0.00022873270791, 0.000288493814878, 0.000360213627573, 0.000208889512578, 0.000242598805926, 0.000261705834419, 0.000356135045877, 0.000151762913447, 0.000111890527478, 0.000166763056768, 0.00016289530322, 0.000173527456354, 0.000183248077519, 0.000175598775968, 0.000216580825509, 0.000229783938266, 0.000305384281091, 0.00011637454736, 7.30512620066e-05, 2.82290475297e-05, 2.23962560995e-05, 2.63896254182e-05, 6.52959624858e-06, 4.49742643127e-09, 1.07387695958e-10],
        "min": [9.58950252539e-10, 1.5203582393e-08, 1.65023124055e-08, 8.47223002864e-09, 1.06108748454e-08, 2.52760052888e-08, 2.43236719655e-08, 4.4518069231e-09, 1.32144934994e-08, 3.52154833072e-10, 8.76718919685e-10, 2.29369123694e-09, 2.30431895787e-09, 5.62921986802e-10, 1.16651233117e-09, 5.09846742602e-09, 1.63892099891e-08, 3.92428134433e-09, 2.47387133001e-09, 5.1825188585e-09, 1.90650517595e-09, 5.71904834601e-09, 2.00639149739e-09, 1.17800591504e-09, 3.00374863871e-10, 4.55570910857e-12, 4.40239381408e-12],
        "var": [1.10239489004e-06, 8.49988500704e-05, 1.28204137582e-05, 2.73010687124e-06, 2.84582642962e-06, 8.79352046468e-06, 1.59974126746e-06, 1.25147437302e-06, 1.67371326825e-05, 1.37542056109e-05, 5.21651509189e-06, 6.46107764624e-07, 9.69065808931e-07, 1.60939487159e-06, 1.53470648456e-06, 8.45818249218e-07, 7.05412332991e-07, 3.22538653563e-07, 2.2620211837e-07, 3.28925267468e-07, 1.61957089517e-07, 4.35390973053e-07, 5.0191789569e-07, 3.62455239156e-07, 1.87746902469e-08, 1.3977902867e-14, 7.79654387976e-16]
    },
    "erbbands": {
        "dmean": [0.0781244933605, 0.607778906822, 1.34600365162, 2.06198358536, 1.50676608086, 2.59438157082, 3.84427046776, 8.43078327179, 8.29398727417, 4.07919073105, 15.1697311401, 28.2068920135, 26.1285495758, 43.8668479919, 18.5573291779, 10.1267957687, 13.1691799164, 17.7945556641, 28.1391410828, 15.0306940079, 12.7693166733, 13.8942985535, 10.5510587692, 9.07880210876, 9.0686378479, 8.4916639328, 5.89102315903, 4.42957496643, 5.34479141235, 4.94210338593, 4.21880865097, 3.29336762428, 1.82728731632, 0.638328790665, 0.0552586875856, 0.0024087827187, 0.000122877492686, 1.90296777873e-05, 6.52386688671e-06, 7.69754115026e-06],
        "dmean2": [0.128188699484, 0.988900721073, 2.16052794456, 3.17941737175, 2.45295381546, 4.42661714554, 6.36270093918, 13.5928955078, 14.0358562469, 6.91209936142, 25.8933620453, 45.9534263611, 42.0770263672, 71.6649475098, 30.0671520233, 16.3740234375, 21.0931854248, 29.1389160156, 46.3962745667, 23.3488616943, 20.499874115, 22.3882846832, 17.0786876678, 14.7680339813, 14.374215126, 13.6861467361, 9.2805519104, 6.91365242004, 7.99677324295, 7.2789068222, 6.43944549561, 4.96309232712, 2.6923391819, 0.969498991966, 0.0839336663485, 0.00363442650996, 0.000184836928383, 2.87056773232e-05, 9.76222145255e-06, 1.20917284221e-05],
        "dvar": [0.0694452226162, 3.22586607933, 7.9115486145, 16.1249866486, 5.29542779922, 68.4577941895, 133.731872559, 1058.30603027, 941.373352051, 71.1915359497, 2222.25732422, 6591.89599609, 4303.34863281, 13233.3857422, 2319.22314453, 411.549713135, 992.065795898, 1362.93908691, 4149.88525391, 1504.83374023, 675.891845703, 2180.36962891, 403.630981445, 225.694335938, 282.60736084, 322.730865479, 130.436904907, 78.3799743652, 146.053344727, 132.807540894, 180.537567139, 101.921546936, 31.2113494873, 3.64704871178, 0.0352420695126, 6.39253339614e-05, 1.39851493941e-07, 2.82943402041e-09, 1.93217969402e-10, 1.67579478072e-10],
        "dvar2": [0.172566697001, 8.62042427063, 21.9315261841, 40.2552757263, 14.1776828766, 191.321411133, 348.580200195, 2685.52709961, 2598.99975586, 195.089187622, 5922.78320312, 16769.28125, 11004.7265625, 34148.2734375, 6217.78808594, 995.176086426, 2400.06567383, 3610.07763672, 11115.5556641, 3255.04736328, 1643.1907959, 5554.16503906, 1009.39373779, 554.126281738, 701.77331543, 834.993774414, 315.315856934, 185.893218994, 326.996643066, 276.479278564, 370.076904297, 218.075561523, 65.2070236206, 7.58014154434, 0.0770864486694, 0.000139047115226, 2.88916737645e-07, 6.02305760822e-09, 4.18652473799e-10, 4.08524658546e-10],
        "max": [4.33227872849, 19.3135795593, 35.1495361328, 54.3563995361, 21.096244812, 118.674491882, 154.692260742, 416.494110107, 551.774047852, 115.126365662, 674.872070312, 1109.56408691, 992.416320801, 1597.02172852, 856.773193359, 364.213348389, 665.974243164, 570.183105469, 862.235961914, 956.955688477, 404.369445801, 1194.77868652, 339.664154053, 205.473083496, 269.540100098, 211.794830322, 133.073623657, 137.261062622, 196.967544556, 204.78968811, 213.809631348, 155.106842041, 137.468383789, 28.9803943634, 2.72969007492, 0.119246989489, 0.006013546139, 0.00100412231404, 0.000268782634521, 0.000167396123288],
        "mean": [0.116650901735, 0.94959539175, 2.43157172203, 3.54926347733, 2.61147618294, 3.48013997078, 5.05280685425, 8.83549690247, 8.90330410004, 5.67209100723, 19.4310951233, 34.4605789185, 37.0787162781, 67.8998260498, 30.6786613464, 18.0127182007, 22.6329250336, 32.0029335022, 47.4472694397, 28.3196926117, 25.0852851868, 27.4409065247, 24.2793617249, 22.3666572571, 19.6251354218, 17.8253498077, 12.9031896591, 11.1349840164, 12.5769634247, 11.6725654602, 7.97765636444, 6.32761240005, 3.83922243118, 1.21710932255, 0.0780059695244, 0.00360718066804, 0.000238852240727, 4.12307999795e-05, 2.1343883418e-05, 2.86836238956e-05],
        "median": [0.00914573483169, 0.120300173759, 0.258428245783, 0.819360613823, 1.19249582291, 1.03268182278, 1.51541054249, 1.59479439259, 3.58868479729, 3.47527217865, 7.47732162476, 8.93920326233, 7.34712457657, 4.68759822845, 5.90028238297, 7.05949115753, 8.25003623962, 8.98975563049, 10.5421714783, 8.74170398712, 10.8852615356, 12.7777862549, 13.3518915176, 12.1927938461, 15.0778331757, 6.42197561264, 4.33039999008, 1.74688303471, 0.970749974251, 0.89970099926, 0.624365627766, 0.539347350597, 0.446783691645, 0.170616030693, 0.00734415883198, 0.000378867407562, 3.16695186484e-05, 7.43364807931e-06, 6.63225364406e-06, 1.02759640868e-05],
        "min": [3.48605112777e-07, 3.83646465707e-06, 1.63196655194e-05, 4.90694910695e-05, 2.72306569968e-05, 3.82092839573e-05, 0.000115803995868, 0.000239076514845, 0.000308664457407, 0.000239363493165, 0.00010678471881, 0.000268476404017, 0.000174813045305, 1.82137409865e-05, 9.22760154936e-05, 5.26089133928e-05, 0.000114220303658, 3.90806962969e-05, 4.53322172689e-05, 0.000234597202507, 0.000418519717641, 0.000992200686596, 0.000262446556007, 0.000109840839286, 0.000156315189088, 0.000259549560724, 7.38646122045e-05, 9.68649546849e-05, 0.000151424203068, 0.00019358456484, 5.2358074754e-05, 2.95643603749e-05, 2.26119773288e-05, 7.33886372473e-06, 4.1422450181e-07, 4.97723604553e-08, 9.11160302763e-09, 3.02342995084e-09, 9.27734722378e-10, 6.63602672812e-10],
        "var": [0.137689888477, 3.42189359665, 14.2960729599, 33.1708030701, 10.9259338379, 57.947883606, 155.884109497, 924.09197998, 670.791320801, 66.0933609009, 1979.99035645, 7838.47265625, 5811.73339844, 25005.1542969, 3992.88769531, 894.511230469, 1741.00439453, 2643.38110352, 7395.67675781, 2718.65454102, 1371.69189453, 2606.23901367, 1071.36218262, 712.268920898, 569.150024414, 692.891967773, 382.241790771, 315.536804199, 501.05645752, 486.631378174, 394.82623291, 224.825378418, 75.6118240356, 8.69045257568, 0.0603659152985, 0.000115974122309, 3.2964922525e-07, 7.5220176754e-09, 8.64674609691e-10, 1.03115471717e-09]
    },
    "gfcc": {
        "mean": [-57.855506897, 114.597114563, -157.999801636, 59.9199752808, -74.6655426025, 19.2977790833, -32.9606819153, 6.22740411758, -7.40966463089, -17.8929805756, 3.68066263199, -23.3575344086, 3.69533586502],
        "cov": [[13059.8417969, -2143.39648438, -468.176940918, 943.921203613, 40.9968223572, 1948.21264648, 470.068756104, 219.974227905, 135.254943848, 12.7194690704, -251.034973145, 222.916610718, 33.523525238], [-2143.39648438, 1199.96032715, -174.581741333, -355.767211914, 403.066070557, -438.748291016, 140.146255493, -102.515785217, 128.28427124, -117.738998413, 102.285461426, -73.8197784424, 26.5736045837], [-468.176940918, -174.581741333, 551.984375, 185.386550903, -215.269287109, -62.1435623169, -224.79045105, -37.6258583069, -88.0690383911, 49.6361503601, -30.0244255066, 25.4284915924, -26.1550235748], [943.921203613, -355.767211914, 185.386550903, 428.665008545, 0.952619671822, 149.447952271, -20.3140678406, -15.3584604263, 40.091342926, 19.0270385742, -36.9402961731, 45.6474189758, -28.825176239], [40.9968223572, 403.066070557, -215.269287109, 0.952619671822, 463.352752686, 25.5622997284, 173.417709351, -1.98805093765, 113.909957886, -66.2765884399, 17.8463115692, -1.76980173588, 10.8973789215], [1948.21264648, -438.748291016, -62.1435623169, 149.447952271, 25.5622997284, 482.839141846, 131.66595459, 26.1558113098, 3.69155168533, 14.4507884979, -64.4875335693, 44.831829071, 12.7541303635], [470.068756104, 140.146255493, -224.79045105, -20.3140678406, 173.417709351, 131.66595459, 279.872253418, -0.906811118126, 82.7263259888, -37.2177810669, 10.1124134064, -3.65011882782, 8.92119503021], [219.974227905, -102.515785217, -37.6258583069, -15.3584604263, -1.98805093765, 26.1558113098, -0.906811118126, 125.790008545, 7.63259220123, 15.1468658447, -3.76319718361, -1.39273571968, 0.914367198944], [135.254943848, 128.28427124, -88.0690383911, 40.091342926, 113.909957886, 3.69155168533, 82.7263259888, 7.63259220123, 139.462844849, -1.06774735451, 7.97303342819, -8.53541946411, 2.57785201073], [12.7194690704, -117.738998413, 49.6361503601, 19.0270385742, -66.2765884399, 14.4507884979, -37.2177810669, 15.1468658447, -1.06774735451, 95.056388855, 18.3092823029, 4.74335289001, 1.41290259361], [-251.034973145, 102.285461426, -30.0244255066, -36.9402961731, 17.8463115692, -64.4875335693, 10.1124134064, -3.76319718361, 7.97303342819, 18.3092823029, 96.2014312744, 25.2577877045, 2.21192145348], [222.916610718, -73.8197784424, 25.4284915924, 45.6474189758, -1.76980173588, 44.831829071, -3.65011882782, -1.39273571968, -8.53541946411, 4.74335289001, 25.2577877045, 75.3956375122, 19.7461109161], [33.523525238, 26.5736045837, -26.1550235748, -28.825176239, 10.8973789215, 12.7541303635, 8.92119503021, 0.914367198944, 2.57785201073, 1.41290259361, 2.21192145348, 19.7461109161, 57.2068252563]],
        "icov": [[0.000246063747909, -8.81064188434e-05, 0.000357193639502, -0.000418516370701, 0.000241018424276, -0.000970581488218, 0.000261045759544, -0.000261619337834, -0.000125684440718, 0.000228287026403, -5.18202177773e-05, -0.000107316205685, 2.21819627768e-05], [-8.81064188434e-05, 0.00935467518866, -0.00449281884357, 0.00698641035706, -0.00682098045945, 0.006153723225, -0.00364870019257, 0.00552006391808, -0.00546680530533, 0.0051886648871, -0.00449068425223, 0.00431779911742, -0.00361801986583], [0.000357193639502, -0.00449281884357, 0.00640364177525, -0.00541706522927, 0.00412929011509, -0.00344500551, 0.0037625473924, -0.00202082633041, 0.003546011867, -0.00311922142282, 0.00314250262454, -0.00312225334346, 0.00237635942176], [-0.000418516370701, 0.00698641035706, -0.00541706522927, 0.0100576840341, -0.0057215820998, 0.0046032788232, -0.0026377432514, 0.00489788129926, -0.00630562053993, 0.00330613739789, -0.00201038573869, 0.000646645843517, 4.4779106247e-05], [0.000241018424276, -0.00682098045945, 0.00412929011509, -0.0057215820998, 0.00865119230002, -0.00496312882751, 0.00181751477066, -0.00416007358581, 0.00210080179386, -0.00168630178086, 0.00264527695253, -0.00328651396558, 0.00225288793445], [-0.000970581488218, 0.006153723225, -0.00344500551, 0.0046032788232, -0.00496312882751, 0.0115180388093, -0.00575058441609, 0.00381273240782, -0.00126682419796, 0.00036815344356, 0.00104805722367, 0.000206025637453, -0.00239561824128], [0.000261045759544, -0.00364870019257, 0.0037625473924, -0.0026377432514, 0.00181751477066, -0.00575058441609, 0.00956360530108, -0.00134009623434, -0.000729996943846, 0.000179639493581, -0.000408266758313, -0.000495884160046, 0.00161433534231], [-0.000261619337834, 0.00552006391808, -0.00202082633041, 0.00489788129926, -0.00416007358581, 0.00381273240782, -0.00134009623434, 0.0120936334133, -0.00380546157248, 0.00123553723097, -0.00181563023943, 0.00216636783443, -0.00144535361324], [-0.000125684440718, -0.00546680530533, 0.003546011867, -0.00630562053993, 0.00210080179386, -0.00126682419796, -0.000729996943846, -0.00380546157248, 0.0150638334453, -0.00572498841211, 0.00288073439151, -0.000751577666961, 0.000724613724742], [0.000228287026403, 0.0051886648871, -0.00311922142282, 0.00330613739789, -0.00168630178086, 0.00036815344356, 0.000179639493581, 0.00123553723097, -0.00572498841211, 0.0178437791765, -0.00823767762631, 0.00520597398281, -0.00377401406877], [-5.18202177773e-05, -0.00449068425223, 0.00314250262454, -0.00201038573869, 0.00264527695253, 0.00104805722367, -0.000408266758313, -0.00181563023943, 0.00288073439151, -0.00823767762631, 0.0197478607297, -0.0118597401306, 0.00529898423702], [-0.000107316205685, 0.00431779911742, -0.00312225334346, 0.000646645843517, -0.00328651396558, 0.000206025637453, -0.000495884160046, 0.00216636783443, -0.000751577666961, 0.00520597398281, -0.0118597401306, 0.0246102530509, -0.0105525366962], [2.21819627768e-05, -0.00361801986583, 0.00237635942176, 4.4779106247e-05, 0.00225288793445, -0.00239561824128, 0.00161433534231, -0.00144535361324, 0.000724613724742, -0.00377401406877, 0.00529898423702, -0.0105525366962, 0.0236314982176]]
    },
    "melbands": {
        "dmean": [0.000711410946678, 0.000706881051883, 0.000310978997732, 0.000150758336531, 0.000122082215967, 0.000183353287866, 0.0001166918737, 4.64639269921e-05, 0.000151583153638, 0.000183537442354, 0.000137630937388, 0.000187379220733, 7.25268328097e-05, 3.57944300049e-05, 2.67133837042e-05, 3.37672863679e-05, 3.51296876033e-05, 5.11610051035e-05, 2.73355362879e-05, 2.16009921132e-05, 1.47361006384e-05, 1.58116690727e-05, 1.25143160403e-05, 9.04257103684e-06, 8.04524188425e-06, 7.40205859984e-06, 6.64994013277e-06, 5.97959933657e-06, 4.7529447329e-06, 2.65058702098e-06, 3.07090090246e-06, 3.20565163747e-06, 3.22242772199e-06, 2.99329667541e-06, 2.58894579019e-06, 2.48290848504e-06, 1.98833299692e-06, 1.43611453041e-06, 1.00436022876e-06, 4.40359372078e-07],
        "dmean2": [0.0011791405268, 0.00112627004273, 0.000479832786368, 0.000252275989624, 0.000204276220757, 0.000296285288641, 0.000197865709197, 7.92406572145e-05, 0.000258803367615, 0.00029797264142, 0.000223006194574, 0.000306312402245, 0.000116159200843, 5.79231382289e-05, 4.29766987509e-05, 5.51369848836e-05, 5.82717839279e-05, 8.50962169352e-05, 4.52985113952e-05, 3.43796018569e-05, 2.39805267483e-05, 2.58598356595e-05, 2.04159787245e-05, 1.49062443597e-05, 1.33211842694e-05, 1.19453643492e-05, 1.06917113953e-05, 9.70657947619e-06, 7.59976273912e-06, 4.08318783229e-06, 4.82048108097e-06, 4.80157814309e-06, 4.94614687341e-06, 4.51526284451e-06, 4.04162665291e-06, 3.79034418074e-06, 3.08807375404e-06, 2.11970950659e-06, 1.5781475895e-06, 6.74565512782e-07],
        "dvar": [5.24357983522e-06, 2.57993087871e-06, 3.45964451753e-07, 1.22512744838e-07, 1.26045861748e-07, 4.8760438176e-07, 1.81161126989e-07, 9.66953717096e-09, 2.49267060326e-07, 3.03401236579e-07, 1.22159619309e-07, 2.30569455084e-07, 2.94991515659e-08, 6.33939878369e-09, 3.18113402287e-09, 8.83349038361e-09, 5.92479043604e-09, 1.4756843747e-08, 3.63361118971e-09, 4.77814499078e-09, 7.69299179915e-10, 3.20277360188e-09, 6.6175820379e-10, 3.07854741699e-10, 1.77823658576e-10, 1.43607223335e-10, 2.51538401219e-10, 1.51616372235e-10, 8.49596573649e-11, 2.61121072681e-11, 3.78691036862e-11, 4.99259592002e-11, 5.47978884491e-11, 5.4671996097e-11, 6.90021789707e-11, 5.63314360436e-11, 3.84302728529e-11, 2.3326559434e-11, 6.91656974749e-12, 2.01432165219e-12],
        "dvar2": [1.3366571693e-05, 6.90261913405e-06, 8.54706456721e-07, 3.37958312002e-07, 3.27504977804e-07, 1.24200926166e-06, 5.00155579175e-07, 2.69945079623e-08, 6.7322389441e-07, 7.85520171576e-07, 3.15791851335e-07, 5.93712684349e-07, 7.66980434719e-08, 1.70010565625e-08, 8.1738811275e-09, 2.20946780871e-08, 1.5871364667e-08, 4.01549939966e-08, 9.18663545235e-09, 1.12346070225e-08, 1.88156334957e-09, 8.33321145421e-09, 1.65402491703e-09, 7.73982711255e-10, 4.44565051438e-10, 3.81751852352e-10, 6.66077082379e-10, 3.94976162887e-10, 2.14305906354e-10, 6.01569488667e-11, 9.38313315935e-11, 1.14950007846e-10, 1.20924076308e-10, 1.24290411296e-10, 1.47432357989e-10, 1.15896153785e-10, 8.93133345059e-11, 5.19375029095e-11, 1.45961871062e-11, 4.43430491978e-12],
        "max": [0.0288423486054, 0.0181975848973, 0.00801419839263, 0.00455890968442, 0.00471585197374, 0.00944599881768, 0.0077112079598, 0.00142389314715, 0.0068056951277, 0.00869194045663, 0.00496191019192, 0.00639729062095, 0.00250851176679, 0.000975730887149, 0.000844341469929, 0.00218813447282, 0.00123785668984, 0.00154626613948, 0.000696673057973, 0.00175541604403, 0.000405393831898, 0.00149964296725, 0.000361201586202, 0.000296936777886, 0.000171920270077, 0.000142176388181, 0.000286766502541, 0.000143703902722, 0.000102861158666, 6.98765579727e-05, 9.39411038416e-05, 0.00010928746633, 0.000105695959064, 0.000120298245747, 0.000136312082759, 0.000101513403933, 0.000106267405499, 0.000126402897877, 3.94638991565e-05, 2.00773047254e-05],
        "mean": [0.00112509715836, 0.00130426348187, 0.000566854490899, 0.000223737457418, 0.000165998571902, 0.000195863118279, 0.000127410123241, 6.3372659497e-05, 0.000182833333383, 0.000220948393689, 0.000187710567843, 0.00028547536931, 0.000109921551484, 5.80276428082e-05, 4.28691237175e-05, 5.44519243704e-05, 5.81432504987e-05, 8.11703575891e-05, 4.60178671347e-05, 3.37841447617e-05, 2.79585747194e-05, 2.85257028736e-05, 2.48716169153e-05, 1.99229853024e-05, 1.78829177457e-05, 1.53480978042e-05, 1.21048933579e-05, 1.18914458653e-05, 9.27835571929e-06, 5.59729642191e-06, 7.00663258613e-06, 7.21740434528e-06, 6.94306982041e-06, 6.36930144537e-06, 4.53347274743e-06, 4.38651659351e-06, 3.60832132174e-06, 2.78596917269e-06, 2.06984941542e-06, 6.74414366131e-07],
        "median": [0.000116962561151, 0.000180481700227, 0.000148842969793, 8.01791538834e-05, 5.01289978274e-05, 3.85019775422e-05, 5.3722942539e-05, 3.78272670787e-05, 6.21935541858e-05, 5.02080838487e-05, 2.81171505776e-05, 1.70972489286e-05, 1.79899798241e-05, 1.8784268832e-05, 1.62109172379e-05, 1.64375087479e-05, 1.57693139045e-05, 1.639389302e-05, 1.19342648759e-05, 1.10515184133e-05, 1.26639488371e-05, 1.27286984934e-05, 1.17938070616e-05, 1.07256310002e-05, 9.00225222722e-06, 1.12762227218e-05, 7.78067897045e-06, 3.1397373732e-06, 2.57604733633e-06, 1.70559155777e-06, 7.17010891549e-07, 5.49167339159e-07, 5.25240750449e-07, 4.81427946397e-07, 3.92588134446e-07, 2.58303430201e-07, 3.40485286188e-07, 3.23355891396e-07, 2.5479707233e-07, 7.32556415528e-08],
        "min": [3.7268854669e-09, 7.49957695945e-09, 8.7213836153e-09, 2.32932428901e-09, 3.53812801279e-09, 5.21126564124e-09, 4.80785589119e-09, 2.17845430583e-09, 6.79828748851e-10, 2.03248862185e-09, 8.73563332782e-10, 3.90118909399e-11, 2.34920138897e-10, 2.87956991585e-10, 9.95694637851e-11, 1.7467950697e-10, 5.77105446764e-11, 6.46848269392e-11, 8.22336712614e-11, 3.1042196591e-10, 5.25870791357e-10, 1.00370345368e-09, 5.00810948267e-10, 1.74345135551e-10, 7.01825403349e-11, 1.09814782268e-10, 1.70676708877e-10, 1.64426472438e-10, 4.50313189515e-11, 4.16091605615e-11, 6.32767865882e-11, 5.97246627154e-11, 1.07667486038e-10, 7.08590200404e-11, 2.32072833173e-11, 2.46698425577e-11, 1.61941640653e-11, 1.51530715059e-11, 1.56123447503e-11, 2.27568419837e-12],
        "var": [7.90189369582e-06, 4.19171283284e-06, 7.54217580834e-07, 1.37610598472e-07, 1.51255463265e-07, 4.24476581884e-07, 1.29374058133e-07, 8.63103011284e-09, 2.11043641229e-07, 3.54717059281e-07, 1.60188690757e-07, 4.36062180142e-07, 5.42150218052e-08, 1.13988356532e-08, 5.58420287788e-09, 1.36147511043e-08, 9.90502613263e-09, 2.44785738346e-08, 6.46734132914e-09, 6.00195981804e-09, 1.61452973213e-09, 3.38407790679e-09, 1.30375743534e-09, 7.41448902275e-10, 4.89932372449e-10, 3.20677318033e-10, 3.31862426428e-10, 3.3426428292e-10, 2.11449135978e-10, 8.2521857403e-11, 1.35365010867e-10, 1.62860003261e-10, 1.74597419855e-10, 1.57956661639e-10, 1.35705544024e-10, 1.21890400551e-10, 7.66321728296e-11, 4.66630588336e-11, 1.82796607712e-11, 3.9053708184e-12]
    },
    "mfcc": {
        "mean": [-668.857299805, 105.751831055, -8.44560623169, 22.5993003845, 1.63876891136, -0.801548957825, 0.954820811749, 6.73152494431, -0.375679194927, 7.72679615021, -0.557774066925, 0.728329062462, -4.50149250031],
        "cov": [[13395.7646484, -2274.54321289, -388.820922852, -227.851867676, 9.90471363068, 1507.65283203, 397.245880127, 933.056274414, 423.117248535, 418.611053467, 25.0224990845, -68.2004623413, -120.437789917], [-2274.54321289, 1308.15246582, -429.20401001, -41.7021064758, 66.9635772705, -287.400848389, 3.9355764389, -73.3335418701, -22.4074954987, -27.6802558899, 0.530719816685, 10.4643058777, -12.6119680405], [-388.820922852, -429.20401001, 740.032775879, 107.626708984, -25.4097480774, -30.9671516418, -124.874526978, -147.149871826, -98.0988235474, -108.979721069, -16.1278610229, -13.6427898407, 41.7953262329], [-227.851867676, -41.7021064758, 107.626708984, 278.823028564, 98.3436889648, -14.6766605377, -60.3277244568, -9.69131088257, -14.5316038132, -5.9465303421, 2.44362592697, 36.3216285706, 14.9357786179], [9.90471363068, 66.9635772705, -25.4097480774, 98.3436889648, 240.619644165, 29.0063800812, -3.27830600739, 31.747844696, 24.8067779541, -10.0404224396, -1.50674891472, 10.4628000259, 12.8425254822], [1507.65283203, -287.400848389, -30.9671516418, -14.6766605377, 29.0063800812, 392.762084961, 92.7524871826, 148.568954468, 84.6850204468, 62.7782478333, -4.23325061798, -10.0800905228, -14.8303565979], [397.245880127, 3.9355764389, -124.874526978, -60.3277244568, -3.27830600739, 92.7524871826, 142.945404053, 78.4260253906, 29.2848167419, 22.6818637848, 6.20684242249, -1.66073465347, -8.79646682739], [933.056274414, -73.3335418701, -147.149871826, -9.69131088257, 31.747844696, 148.568954468, 78.4260253906, 200.593719482, 69.404586792, 50.1894340515, 3.59772324562, -1.6550129652, -16.9664554596], [423.117248535, -22.4074954987, -98.0988235474, -14.5316038132, 24.8067779541, 84.6850204468, 29.2848167419, 69.404586792, 121.751838684, 57.073764801, -3.48806095123, -5.23367834091, -12.7251996994], [418.611053467, -27.6802558899, -108.979721069, -5.9465303421, -10.0404224396, 62.7782478333, 22.6818637848, 50.1894340515, 57.073764801, 120.326599121, 22.1496677399, 13.1381750107, -17.0381259918], [25.0224990845, 0.530719816685, -16.1278610229, 2.44362592697, -1.50674891472, -4.23325061798, 6.20684242249, 3.59772324562, -3.48806095123, 22.1496677399, 73.9560546875, 16.6432609558, -4.1760559082], [-68.2004623413, 10.4643058777, -13.6427898407, 36.3216285706, 10.4628000259, -10.0800905228, -1.66073465347, -1.6550129652, -5.23367834091, 13.1381750107, 16.6432609558, 66.9607086182, 19.0799541473], [-120.437789917, -12.6119680405, 41.7953262329, 14.9357786179, 12.8425254822, -14.8303565979, -8.79646682739, -16.9664554596, -12.7251996994, -17.0381259918, -4.1760559082, 19.0799541473, 67.4537277222]],
