{
"lowlevel": {
    "average_loudness": 0.98205858469,
    "barkbands_crest": {
        "dmean": 2.70467114449,
        "dmean2": 4.73254060745,
        "dvar": 6.32677745819,
        "dvar2": 18.6588172913,
        "max": 24.2767353058,
        "mean": 9.13516902924,
        "median": 8.40998744965,
        "min": 2.1952021122,
        "var": 12.2213802338
    },
    "barkbands_flatness_db": {
        "dmean": 0.018673973158,
        "dmean2": 0.0302243996412,
        "dvar": 0.000320840103086,
        "dvar2": 0.000869400391821,
        "max": 0.2506929636,
        "mean": 0.0878162309527,
        "median": 0.083802074194,
        "min": 0.0214232932776,
        "var": 0.000936765689403
    },
    "barkbands_kurtosis": {
        "dmean": 1.652379632,
        "dmean2": 2.80360078812,
        "dvar": 17.4786643982,
        "dvar2": 49.2419166565,
        "max": 89.4170074463,
        "mean": 1.11237752438,
        "median": -0.0893807411194,
        "min": -1.7288185358,
        "var": 18.5969619751
    },
    "barkbands_skewness": {
        "dmean": 0.46912252903,
        "dmean2": 0.770222663879,
        "dvar": 0.28671875596,
        "dvar2": 0.744089007378,
        "max": 9.02730178833,
        "mean": 1.12263476849,
        "median": 0.989087283611,
        "min": -1.88631594181,
        "var": 0.813976466656
    },
    "barkbands_spread": {
        "dmean": 7.31323480606,
        "dmean2": 11.5577392578,
        "dvar": 57.4464492798,
        "dvar2": 127.087203979,
        "max": 89.2204055786,
        "mean": 37.9093284607,
        "median": 35.5999565125,
        "min": 3.59578466415,
        "var": 220.989074707
    },
    "dissonance": {
        "dmean": 0.0113829690963,
        "dmean2": 0.0190882049501,
        "dvar": 0.000108235391963,
        "dvar2": 0.000295877485769,
        "max": 0.499900251627,
        "mean": 0.478356301785,
        "median": 0.481922388077,
        "min": 0.39526540041,
        "var": 0.00022018958407
    },
    "dynamic_complexity": 2.25765872002,
    "erbbands_crest": {
        "dmean": 2.27927350998,
        "dmean2": 3.68282365799,
        "dvar": 5.69217443466,
        "dvar2": 14.1659460068,
        "max": 22.8595600128,
        "mean": 7.77655506134,
        "median": 6.89253568649,
        "min": 2.13084125519,
        "var": 14.4517335892
    },
    "erbbands_flatness_db": {
        "dmean": 0.0139794480056,
        "dmean2": 0.0196034219116,
        "dvar": 0.000169024700881,
        "dvar2": 0.000320459599607,
        "max": 0.223249807954,
        "mean": 0.116868562996,
        "median": 0.112990118563,
        "min": 0.0501927658916,
        "var": 0.000963986152783
    },
    "erbbands_kurtosis": {
        "dmean": 0.662531137466,
        "dmean2": 1.0538841486,
        "dvar": 0.629860281944,
        "dvar2": 1.45446383953,
        "max": 10.0312576294,
        "mean": 0.214848801494,
        "median": -0.0968616008759,
        "min": -1.69810140133,
        "var": 1.66453814507
    },
    "erbbands_skewness": {
        "dmean": 0.285491019487,
        "dmean2": 0.434679090977,
        "dvar": 0.0667197704315,
        "dvar2": 0.148527383804,
        "max": 1.52637147903,
        "mean": -0.189990565181,
        "median": -0.188769251108,
        "min": -2.10724329948,
        "var": 0.294293254614
    },
    "erbbands_spread": {
        "dmean": 8.27407073975,
        "dmean2": 12.633099556,
        "dvar": 74.4270477295,
        "dvar2": 167.991943359,
        "max": 109.835487366,
        "mean": 43.7934303284,
        "median": 41.8678665161,
        "min": 9.92932796478,
        "var": 347.963806152
    },
    "hfc": {
        "dmean": 8.50201702118,
        "dmean2": 12.4501104355,
        "dvar": 115.705482483,
        "dvar2": 260.897003174,
        "max": 118.210212708,
        "mean": 34.8237915039,
        "median": 31.5954189301,
        "min": 1.14063587495e-16,
        "var": 432.630523682
    },
    "melbands_crest": {
        "dmean": 3.05119609833,
        "dmean2": 5.20737504959,
        "dvar": 7.93260955811,
        "dvar2": 21.5904045105,
        "max": 28.4036693573,
        "mean": 13.4627981186,
        "median": 12.9888477325,
        "min": 4.19795751572,
        "var": 17.0486984253
    },
    "melbands_flatness_db": {
        "dmean": 0.024388756603,
        "dmean2": 0.0405338667333,
        "dvar": 0.000595026416704,
        "dvar2": 0.00155347469263,
        "max": 0.364693462849,
        "mean": 0.156862169504,
        "median": 0.149968385696,
        "min": 0.0100999679416,
        "var": 0.00185959006194
    },
    "melbands_kurtosis": {
        "dmean": 6.18898534775,
        "dmean2": 10.5063114166,
        "dvar": 217.338302612,
        "dvar2": 601.820129395,
        "max": 315.14831543,
        "mean": 10.5551834106,
        "median": 6.82521629333,
        "min": -1.32773244381,
        "var": 259.420471191
    },
    "melbands_skewness": {
        "dmean": 0.7263032794,
        "dmean2": 1.19444537163,
        "dvar": 0.739861011505,
        "dvar2": 1.95147633553,
        "max": 14.6612606049,
        "mean": 2.65014791489,
        "median": 2.48023319244,
        "min": -0.0198508072644,
        "var": 2.18515992165
    },
    "melbands_spread": {
        "dmean": 8.97518062592,
        "dmean2": 14.672375679,
        "dvar": 88.2871246338,
        "dvar2": 214.109100342,
        "max": 146.357315063,
        "mean": 34.3947715759,
        "median": 32.7218132019,
        "min": 1.51375579834,
        "var": 274.146911621
    },
    "pitch_salience": {
        "dmean": 0.0696768239141,
        "dmean2": 0.116966180503,
        "dvar": 0.00404599914327,
        "dvar2": 0.0111382333562,
        "max": 0.805128872395,
        "mean": 0.531963586807,
        "median": 0.527121067047,
        "min": 0.169800966978,
        "var": 0.00949712470174
    },
    "silence_rate_20dB": {
        "dmean": 0,
        "dmean2": 0,
        "dvar": 0,
        "dvar2": 0,
        "max": 1,
        "mean": 1,
        "median": 1,
        "min": 1,
        "var": 0
    },
    "silence_rate_30dB": {
        "dmean": 0,
        "dmean2": 0,
        "dvar": 0,
        "dvar2": 0,
        "max": 1,
        "mean": 1,
        "median": 1,
        "min": 1,
        "var": 0
    },
    "silence_rate_60dB": {
        "dmean": 0.00154798757285,
        "dmean2": 0.00309837330133,
        "dvar": 0.0015455794055,
        "dvar2": 0.00308882654645,
        "max": 1,
        "mean": 0.0317092016339,
        "median": 0,
        "min": 0,
        "var": 0.0307034514844
    },
    "spectral_centroid": {
        "dmean": 254.884674072,
        "dmean2": 394.554504395,
        "dvar": 125879.625,
        "dvar2": 204750.46875,
        "max": 11169.9550781,
        "mean": 1914.06152344,
        "median": 1890.39978027,
        "min": 504.643829346,
        "var": 312804.09375
    },
    "spectral_complexity": {
        "dmean": 4.10371494293,
        "dmean2": 6.46630525589,
        "dvar": 15.6393899918,
        "dvar2": 32.4192504883,
        "max": 53,
        "mean": 28.1647338867,
        "median": 29,
        "min": 0,
        "var": 109.037956238
    },
    "spectral_decrease": {
        "dmean": 2.47745091109e-09,
        "dmean2": 4.23027879393e-09,
        "dvar": 1.12947633167e-17,
        "dvar2": 3.09872445374e-17,
        "max": -8.05102753925e-29,
        "mean": -8.10735567569e-09,
        "median": -7.45038120087e-09,
        "min": -3.28189635468e-08,
        "var": 1.75208599703e-17
    },
    "spectral_energy": {
        "dmean": 0.00975973438472,
        "dmean2": 0.01648764126,
        "dvar": 0.000166928191902,
        "dvar2": 0.000455702771433,
        "max": 0.125235036016,
        "mean": 0.0337576679885,
        "median": 0.0313105732203,
        "min": 1.06497670175e-20,
        "var": 0.000278639752651
    },
    "spectral_energyband_high": {
        "dmean": 0.000755589280743,
        "dmean2": 0.00112115230877,
        "dvar": 1.27711984987e-06,
        "dvar2": 2.76674791166e-06,
        "max": 0.0139317344874,
        "mean": 0.00207125302404,
        "median": 0.00144526793156,
        "min": 7.64813698527e-21,
        "var": 3.83970518669e-06
    },
    "spectral_energyband_low": {
        "dmean": 0.00816282443702,
        "dmean2": 0.0141764422879,
        "dvar": 0.000163921838976,
        "dvar2": 0.000452858832432,
        "max": 0.122111573815,
        "mean": 0.0153637919575,
        "median": 0.0116294678301,
        "min": 1.58808605434e-22,
        "var": 0.000187934827409
    },
    "spectral_energyband_middle_high": {
        "dmean": 0.00241587311029,
        "dmean2": 0.00359880854376,
        "dvar": 9.53585549723e-06,
        "dvar2": 2.15391737584e-05,
        "max": 0.0391843803227,
        "mean": 0.00893562845886,
        "median": 0.00668806722388,
        "min": 1.58756406824e-21,
        "var": 4.97771834489e-05
    },
    "spectral_energyband_middle_low": {
        "dmean": 0.00352702569216,
        "dmean2": 0.00590940425172,
        "dvar": 2.90964380838e-05,
        "dvar2": 7.66129160183e-05,
        "max": 0.0492869690061,
        "mean": 0.00908802077174,
        "median": 0.00760741345584,
        "min": 4.01163664426e-22,
        "var": 4.20092874265e-05
    },
    "spectral_entropy": {
        "dmean": 0.115688242018,
        "dmean2": 0.164404809475,
        "dvar": 0.0157609507442,
        "dvar2": 0.0268096160144,
        "max": 9.79187107086,
        "mean": 7.94331789017,
        "median": 7.95890903473,
        "min": 6.84964323044,
        "var": 0.0813920050859
    },
    "spectral_flux": {
        "dmean": 0.0236675236374,
        "dmean2": 0.0358635522425,
        "dvar": 0.000662167672999,
        "dvar2": 0.0013150840532,
        "max": 0.273946344852,
        "mean": 0.0959125757217,
        "median": 0.0903127714992,
        "min": 1.03197707324e-10,
        "var": 0.00197280338034
    },
    "spectral_kurtosis": {
        "dmean": 0.732963204384,
        "dmean2": 1.18132948875,
        "dvar": 0.53970271349,
        "dvar2": 1.35632562637,
        "max": 9.85257053375,
        "mean": 3.02616548538,
        "median": 3.03978919983,
        "min": -1.17971968651,
        "var": 2.02264666557
    },
    "spectral_rms": {
        "dmean": 0.000768156955019,
        "dmean2": 0.0012804773869,
        "dvar": 7.68640632032e-07,
        "dvar2": 2.07202083402e-06,
        "max": 0.0110535304993,
        "mean": 0.00553188612685,
        "median": 0.00552692497149,
        "min": 3.22335495968e-12,
        "var": 2.33254809245e-06
    },
    "spectral_rolloff": {
        "dmean": 711.230957031,
        "dmean2": 1188.54736328,
        "dvar": 1199977.75,
        "dvar2": 2370256,
        "max": 18626.2207031,
        "mean": 2178.72070312,
        "median": 1873.38867188,
        "min": 86.1328125,
        "var": 2788495.5
    },
    "spectral_skewness": {
        "dmean": 0.128779709339,
        "dmean2": 0.205181375146,
        "dvar": 0.0158970784396,
        "dvar2": 0.0353990495205,
        "max": 2.34367990494,
        "mean": 1.32888376713,
        "median": 1.34515440464,
        "min": -0.0235661119223,
        "var": 0.0738973021507
    },
    "spectral_spread": {
        "dmean": 563172.6875,
        "dmean2": 741243.1875,
        "dvar": 1.15620786995e+12,
        "dvar2": 1.33351564902e+12,
        "max": 39986224,
        "mean": 5480577,
        "median": 5279145.5,
        "min": 2884276.75,
        "var": 2.66752963379e+12
    },
    "spectral_strongpeak": {
        "dmean": 0.851708590984,
        "dmean2": 1.49755132198,
        "dvar": 2.82197284698,
        "dvar2": 7.11149072647,
        "max": 12.6239891052,
        "mean": 0.981872797012,
        "median": 0.297802835703,
        "min": 0,
        "var": 3.09033107758
    },
    "zerocrossingrate": {
        "dmean": 0.0124761154875,
        "dmean2": 0.0145561518148,
        "dvar": 0.000315456738463,
        "dvar2": 0.000334153097356,
        "max": 0.48974609375,
        "mean": 0.084510423243,
        "median": 0.07861328125,
        "min": 0.02099609375,
        "var": 0.00120407668874
    },
    "barkbands": {
        "dmean": [0.000397228286602, 0.00553728640079, 0.00333396089263, 0.00146804086398, 0.00108507345431, 0.000773838895839, 0.0011737724999, 0.000537725631148, 0.000267292547505, 0.000656549469568, 0.000715783389751, 0.00041149527533, 0.000385595543776, 0.000574216479436, 0.000604475091677, 0.000464245618787, 0.000452073407359, 0.000357604178134, 0.000304826593492, 0.00022168441501, 0.000228696211707, 0.000131890788907, 0.000127525359858, 0.000209836216527, 0.000118011084851, 6.8822177127e-05, 3.98148995373e-06],
        "dmean2": [0.000666108389851, 0.00964348111302, 0.00560616655275, 0.00254039256833, 0.00175106036477, 0.00125043583103, 0.00193536863662, 0.00092086486984, 0.000410786160501, 0.00101627141703, 0.00103594618849, 0.000662246660795, 0.000602778396569, 0.000884551147465, 0.000974311376922, 0.000724529149011, 0.000730766914785, 0.000588647380937, 0.000509867153596, 0.00035734337871, 0.000370682915673, 0.000213566119783, 0.000201905626454, 0.0002984648454, 0.000172884771018, 9.90567132249e-05, 6.43370321995e-06],
        "dvar": [3.70752957224e-07, 7.13674598956e-05, 5.53615027457e-05, 7.46603109292e-06, 4.1204284571e-06, 2.57458736996e-06, 8.2331325757e-06, 1.55336726948e-06, 2.60955715703e-07, 1.70171733771e-06, 2.17439264816e-06, 1.17584170312e-06, 6.21798562861e-07, 2.1287837626e-06, 1.78951847829e-06, 1.18988600661e-06, 8.93283072401e-07, 7.49628327412e-07, 2.32507957776e-07, 9.12207696047e-08, 1.29797442128e-07, 6.40922621642e-08, 5.34027186916e-08, 1.01729973778e-07, 4.01628987845e-08, 1.26703945114e-08, 6.11735037626e-11],
        "dvar2": [9.96460585156e-07, 0.000206027543754, 0.000143746903632, 2.11204405787e-05, 9.44258954405e-06, 6.46116268399e-06, 2.15253894567e-05, 4.12275676354e-06, 5.63857270208e-07, 4.11959399571e-06, 4.43965427621e-06, 3.00415536003e-06, 1.41476243698e-06, 4.64907952846e-06, 4.53470283901e-06, 2.77463709608e-06, 2.1178454972e-06, 1.88723254269e-06, 6.25962684353e-07, 2.23120380838e-07, 3.22290588883e-07, 1.56534397888e-07, 1.22787341184e-07, 1.89588305943e-07, 8.49033625627e-08, 2.88022388162e-08, 1.53951851267e-10],
        "max": [0.0059290099889, 0.112603835762, 0.0621314011514, 0.0269105322659, 0.0351128205657, 0.021468507126, 0.0320176295936, 0.0165311191231, 0.0120521485806, 0.0174055732787, 0.0212152283639, 0.0176349803805, 0.0171535946429, 0.0234673023224, 0.0175054371357, 0.0214101765305, 0.016903212294, 0.0161942020059, 0.00642197486013, 0.00422887085006, 0.00420375540853, 0.00378238363191, 0.00276793376543, 0.00397574529052, 0.00337102496997, 0.00115714571439, 0.000114053400466],
        "mean": [0.000491529004648, 0.00958588253707, 0.00386159657501, 0.00240741390735, 0.00206616590731, 0.00144053762779, 0.00140281394124, 0.000730329484213, 0.000548905984033, 0.0012702048989, 0.00128644215874, 0.000661972153466, 0.000701304932591, 0.000971502508037, 0.00103272579145, 0.000829283497296, 0.000874055258464, 0.00066228263313, 0.000643114093691, 0.000518734275829, 0.000476623827126, 0.000258109183051, 0.000232701815548, 0.000427158520324, 0.000260665809037, 0.000110773908091, 4.83101848658e-06],
        "median": [0.000254347396549, 0.0074673620984, 0.00183282059152, 0.00173921091482, 0.00133371481206, 0.000790526566561, 0.000485414173454, 0.000346731161699, 0.000327269401168, 0.000511243648361, 0.000416109134676, 0.000347854598658, 0.000304171699099, 0.000301968975691, 0.000393759459257, 0.000395005190512, 0.000572322984226, 0.000363771861885, 0.00045604040497, 0.000408990803408, 0.000326249544742, 0.000137865004945, 0.000107688603748, 0.000220379632083, 0.000138487070217, 6.08448863204e-05, 1.8233783976e-06],
        "min": [7.89272532841e-24, 1.50448648836e-23, 6.93599829355e-23, 1.12387776233e-22, 2.15828525582e-23, 5.007000193e-23, 2.45871693623e-23, 2.54866175224e-23, 9.20381057517e-23, 1.44853037554e-22, 7.86480817207e-23, 5.19167253091e-23, 7.9059374864e-23, 6.09855554725e-23, 1.02825021324e-22, 1.39924512297e-22, 1.76020452292e-22, 2.27386290787e-22, 2.89174748889e-22, 5.14507754647e-22, 3.93454814686e-22, 4.94913913887e-22, 7.34544209447e-22, 1.0172996753e-21, 1.02430142799e-21, 1.70893131562e-21, 2.25985177894e-21],
        "var": [4.84791087274e-07, 7.40195609978e-05, 4.73508007417e-05, 6.90374508849e-06, 7.32706848794e-06, 5.44702425032e-06, 7.9132596511e-06, 1.55206487307e-06, 7.82747747508e-07, 4.28051544077e-06, 5.76300362809e-06, 1.41961379541e-06, 1.56891223924e-06, 4.83213534608e-06, 3.7967629396e-06, 2.78593643088e-06, 1.68965345893e-06, 1.34287176934e-06, 5.07856725562e-07, 2.10815571222e-07, 2.33089579638e-07, 1.21579276424e-07, 1.25569258103e-07, 3.24609942481e-07, 1.38858439414e-07, 2.0878470508e-08, 6.49980347323e-11]
    },
    "erbbands": {
        "dmean": [0.173181757331, 1.27092206478, 3.24689650536, 5.04916238785, 3.28871822357, 4.52320051193, 4.15018320084, 7.33821964264, 14.6415576935, 16.1974487305, 9.39141464233, 5.88612985611, 16.7290306091, 24.1949806213, 19.9010791779, 15.0402231216, 17.9017505646, 19.928861618, 28.7748775482, 28.793712616, 23.1467952728, 21.4364643097, 21.5480747223, 17.8221969604, 11.0354099274, 9.72418785095, 10.32625103, 7.55953121185, 5.12385320663, 3.93511223793, 3.55111265182, 5.94640350342, 2.45245409012, 1.4926019907, 0.842133581638, 0.336610108614, 0.127408772707, 0.0161807388067, 0.000406132545322, 2.1118496079e-05],
        "dmean2": [0.30012395978, 2.22946596146, 5.46434545517, 8.84920692444, 5.37679672241, 7.35498332977, 6.55918359756, 12.0228815079, 24.4712772369, 27.2366390228, 15.4963445663, 9.16246986389, 25.8891372681, 34.8449325562, 30.5106983185, 24.0218315125, 28.358083725, 30.3252906799, 45.1798248291, 46.2899131775, 36.266456604, 34.8337478638, 35.5141677856, 29.4917449951, 18.4657611847, 15.7843828201, 16.124332428, 12.6699647903, 8.40884971619, 6.41947793961, 5.46596002579, 8.86864471436, 3.40417814255, 2.13622927666, 1.26652014256, 0.486006647348, 0.186014160514, 0.0238283816725, 0.000608152709901, 3.21203406202e-05],
        "dvar": [0.0746964290738, 3.68258547783, 41.2378692627, 129.291641235, 22.762638092, 96.6407623291, 72.2292480469, 263.204925537, 1306.17407227, 1680.31921387, 494.777618408, 174.34173584, 1043.16064453, 2373.81152344, 2959.38452148, 1222.99926758, 1153.36413574, 1984.91662598, 3686.54492188, 2556.6315918, 3869.95288086, 1474.45666504, 3214.25341797, 1108.0880127, 225.830551147, 150.67565918, 212.696151733, 209.181304932, 107.755783081, 55.1874580383, 38.3823013306, 76.6632843018, 20.3848876953, 7.82634401321, 1.96678113937, 0.328060388565, 0.0407879017293, 0.000723574252333, 5.65871744129e-07, 8.58601911791e-10],
        "dvar2": [0.203899264336, 10.858839035, 106.790023804, 361.394500732, 60.8599853516, 207.521102905, 147.69367981, 669.907409668, 3290.78320312, 4502.70751953, 1282.86425781, 393.832061768, 2533.13842773, 5196.87792969, 6042.84912109, 3059.32592773, 2684.09326172, 3979.84399414, 8717.46484375, 6399.36865234, 8390.890625, 3460.60961914, 7823.29736328, 3082.76904297, 572.987182617, 378.751800537, 481.480407715, 566.752441406, 273.639465332, 124.421798706, 85.6413116455, 163.626724243, 35.7916145325, 16.0603599548, 4.66084671021, 0.767140209675, 0.0923496931791, 0.00167639134452, 1.37732115491e-06, 1.96682181652e-09],
        "max": [3.37806248665, 23.9892196655, 53.0777549744, 94.8089141846, 51.9434013367, 192.394744873, 197.895431519, 223.772293091, 469.142456055, 439.806640625, 350.492706299, 329.786468506, 545.11328125, 862.929321289, 1065.6862793, 606.121398926, 726.398071289, 871.590759277, 880.273010254, 590.655151367, 1437.94140625, 603.625366211, 1148.20251465, 587.215026855, 192.721176147, 157.554550171, 214.638046265, 236.705932617, 173.961807251, 102.112480164, 84.2568283081, 89.5955657959, 65.7790985107, 55.7326660156, 21.2170886993, 7.10296773911, 2.25978851318, 0.313293159008, 0.00937834382057, 0.00033207348315],
        "mean": [0.258267015219, 2.16859579086, 4.64056968689, 7.04501104355, 6.26876449585, 7.81450128555, 8.92345523834, 12.047504425, 18.9901390076, 20.2201080322, 13.9019355774, 13.3878908157, 35.9745063782, 45.2703857422, 38.1364784241, 27.4436759949, 34.899356842, 40.8383331299, 51.6359481812, 52.3074836731, 46.6860694885, 45.5822143555, 42.4379272461, 36.4041519165, 26.5956344604, 23.4233665466, 23.4728374481, 14.8657798767, 9.6294260025, 7.5381231308, 6.87077045441, 10.4448051453, 5.47999668121, 3.26846790314, 1.68049037457, 0.585010707378, 0.193350866437, 0.0239026620984, 0.00060637621209, 6.51888840366e-05],
        "median": [0.167470246553, 1.71056962013, 2.76763367653, 4.55980157852, 4.60062503815, 4.37781476974, 4.53709411621, 6.79346418381, 7.17165327072, 9.12688827515, 7.96300554276, 7.89213418961, 15.6501731873, 14.8595294952, 16.1954307556, 15.5516862869, 16.2243518829, 18.2885532379, 21.863609314, 26.7194328308, 26.1131076813, 31.9553470612, 23.261297226, 22.6397361755, 21.2042827606, 18.9378547668, 16.8139629364, 9.95530509949, 5.3033657074, 3.56923294067, 3.30610561371, 5.35157299042, 2.6360604763, 1.57254779339, 0.892345190048, 0.333266854286, 0.103451669216, 0.0111727537587, 0.000298043625662, 5.61542838113e-05],
        "min": [7.52167740723e-22, 3.29019873398e-21, 5.0723035048e-20, 2.8805931522e-19, 1.92028092198e-19, 5.11692634456e-20, 9.04864504299e-20, 4.85969488754e-19, 3.41667365605e-19, 5.16314712923e-19, 7.17253272228e-19, 1.418970128e-18, 5.21009717702e-18, 3.91379100622e-18, 2.61898906337e-18, 2.38856859796e-18, 3.97730069289e-18, 3.76590145246e-18, 3.83671886624e-18, 7.58646879006e-18, 7.2363257183e-18, 1.05281803015e-17, 1.27768641792e-17, 1.25194232387e-17, 1.84616009005e-17, 2.34012472403e-17, 1.54323695444e-17, 1.77541910775e-17, 1.98869670992e-17, 1.48829065507e-17, 2.27092841881e-17, 2.71984694731e-17, 1.37171410611e-17, 9.76206629763e-18, 8.80362618394e-18, 7.44849919979e-18, 3.10650160586e-18, 1.0792095171e-18, 3.09693939798e-19, 3.42177089808e-20],
        "var": [0.0795173421502, 3.95214056969, 39.8824310303, 95.7747268677, 34.4277534485, 159.197402954, 274.249481201, 355.031158447, 1370.42456055, 1432.57775879, 495.046539307, 540.997070312, 3402.11254883, 7089.01220703, 6572.17089844, 1859.55456543, 2959.77514648, 6402.98095703, 7198.08349609, 5486.55517578, 8597.51855469, 3355.421875, 6126.30419922, 2277.55444336, 532.413879395, 375.30960083, 527.046936035, 264.423370361, 177.736129761, 129.845169067, 99.3919067383, 187.880264282, 66.9655532837, 27.3233356476, 5.19423151016, 0.569444060326, 0.0661471858621, 0.0010511118453, 7.08110007963e-07, 1.62432867157e-09]
    },
    "gfcc": {
        "mean": [51.3279685974, 64.9991989136, -108.647949219, 44.5815696716, -47.5623626709, 25.9726867676, -37.5039787292, 20.4845371246, -27.6459999084, 9.01958370209, -17.4277114868, 2.92840456963, -9.88399028778],
        "cov": [[7248.54882812, -281.682952881, -341.150848389, 119.257774353, -192.250778198, 35.843952179, -129.944519043, 89.8690719604, -109.604804993, 79.0966873169, -17.8691158295, 33.9099006653, -39.9679603577], [-281.682952881, 501.466003418, -198.346511841, -48.2546310425, 125.710769653, -49.6589775085, 68.1559448242, -18.7990283966, -21.6225471497, -9.56843090057, 48.1007957458, -43.8150863647, 65.0608901978], [-341.150848389, -198.346511841, 395.320556641, 47.2732315063, -70.8229217529, 2.87522101402, -24.5218467712, -5.16793489456, 38.86095047, -14.464471817, -45.5240859985, 30.31615448, -53.4939651489], [119.257774353, -48.2546310425, 47.2732315063, 183.591079712, -17.4904651642, -16.2100353241, -23.9896411896, 10.2575998306, 41.8906211853, -21.8214416504, -0.904412150383, 8.02128791809, -8.68883705139], [-192.250778198, 125.710769653, -70.8229217529, -17.4904651642, 165.715164185, 24.2539844513, 41.8908882141, -1.6192882061, -21.4300231934, -11.9262914658, -2.0584294796, -13.4387245178, 18.5555267334], [35.843952179, -49.6589775085, 2.87522101402, -16.2100353241, 24.2539844513, 136.184631348, 42.5715332031, -12.8256931305, -31.3699016571, -4.1328701973, -5.27153587341, -19.2983875275, 5.15372276306], [-129.944519043, 68.1559448242, -24.5218467712, -23.9896411896, 41.8908882141, 42.5715332031, 94.1812515259, 7.27274990082, -14.8711147308, -0.0472971908748, 8.20494651794, -8.67680644989, 11.9372873306], [89.8690719604, -18.7990283966, -5.16793489456, 10.2575998306, -1.6192882061, -12.8256931305, 7.27274990082, 85.5987319946, 26.212436676, -7.41239118576, 1.64192736149, 1.12764835358, 5.81025123596], [-109.604804993, -21.6225471497, 38.86095047, 41.8906211853, -21.4300231934, -31.3699016571, -14.8711147308, 26.212436676, 84.4364089966, 10.2224321365, -6.34918308258, 10.9381027222, -13.1537446976], [79.0966873169, -9.56843090057, -14.464471817, -21.8214416504, -11.9262914658, -4.1328701973, -0.0472971908748, -7.41239118576, 10.2224321365, 63.2962112427, 23.7706642151, 6.43033504486, 4.63121938705], [-17.8691158295, 48.1007957458, -45.5240859985, -0.904412150383, -2.0584294796, -5.27153587341, 8.20494651794, 1.64192736149, -6.34918308258, 23.7706642151, 63.8301200867, 11.7521266937, 14.046962738], [33.9099006653, -43.8150863647, 30.31615448, 8.02128791809, -13.4387245178, -19.2983875275, -8.67680644989, 1.12764835358, 10.9381027222, 6.43033504486, 11.7521266937, 63.3782997131, 5.04900884628], [-39.9679603577, 65.0608901978, -53.4939651489, -8.68883705139, 18.5555267334, 5.15372276306, 11.9372873306, 5.81025123596, -13.1537446976, 4.63121938705, 14.046962738, 5.04900884628, 68.2307281494]],
        "icov": [[0.000201618953724, -0.000114562433737, 0.000301576277707, -0.000366579130059, 0.000331410410581, -0.000262864836259, 0.000327624642523, -0.000561131688301, 0.000751061248593, -0.000692256726325, 0.000634533644188, -0.000451313506346, 0.000431835884228], [-0.000114562433737, 0.00536059541628, 0.000721380114555, 0.00138119701296, -0.00275560701266, 0.00418790150434, -0.00353472447023, 0.00346150132827, -0.0026212928351, 0.00369849312119, -0.00455909548327, 0.00462119653821, -0.00384022807702], [0.000301576277707, 0.000721380114555, 0.00418864795938, -0.00088479364058, 0.00124554161448, -0.000420342519647, -0.000277828425169, -1.45443264046e-05, 2.79648411379e-05, -0.000336582335876, 0.00261708372273, -0.00207486003637, 0.00204593362287], [-0.000366579130059, 0.00138119701296, -0.00088479364058, 0.00798013154417, -0.00116596010048, 0.000967455387581, 8.26590767247e-05, 0.00230615702458, -0.00591561337933, 0.00587973091751, -0.00440091546625, 0.00197813892737, -0.00195592804812], [0.000331410410581, -0.00275560701266, 0.00124554161448, -0.00116596010048, 0.00938033219427, -0.00256151193753, -0.000759361078963, -0.00198952364735, 0.00271693384275, -0.00145815731958, 0.00423783855513, -0.00261943531223, 0.00153863965534], [-0.000262864836259, 0.00418790150434, -0.000420342519647, 0.000967455387581, -0.00256151193753, 0.0131146907806, -0.00701232999563, 0.00395277328789, 0.00027723328094, 0.00277571869083, -0.00301887793466, 0.00606095604599, -0.00371938338503], [0.000327624642523, -0.00353472447023, -0.000277828425169, 8.26590767247e-05, -0.000759361078963, -0.00701232999563, 0.0172015558928, -0.00480879843235, 0.00247552315705, -0.00285835657269, 0.00124332890846, -0.00288889859803, 0.0021203700453], [-0.000561131688301, 0.00346150132827, -1.45443264046e-05, 0.00230615702458, -0.00198952364735, 0.00395277328789, -0.00480879843235, 0.0175257306546, -0.00901868473738, 0.00745933735743, -0.00567786302418, 0.00448376080021, -0.00516354897991], [0.000751061248593, -0.0026212928351, 2.79648411379e-05, -0.00591561337933, 0.00271693384275, 0.00027723328094, 0.00247552315705, -0.00901868473738, 0.0224775802344, -0.0104063041508, 0.00796625763178, -0.00506216194481, 0.00555732659996], [-0.000692256726325, 0.00369849312119, -0.000336582335876, 0.00587973091751, -0.00145815731958, 0.00277571869083, -0.00285835657269, 0.00745933735743, -0.0104063041508, 0.0265986602753, -0.0134714730084, 0.00433006417006, -0.00475410139188], [0.000634533644188, -0.00455909548327, 0.00261708372273, -0.00440091546625, 0.00423783855513, -0.00301887793466, 0.00124332890846, -0.00567786302418, 0.00796625763178, -0.0134714730084, 0.0278346315026, -0.00934098474681, 0.00296283350326], [-0.000451313506346, 0.00462119653821, -0.00207486003637, 0.00197813892737, -0.00261943531223, 0.00606095604599, -0.00288889859803, 0.00448376080021, -0.00506216194481, 0.00433006417006, -0.00934098474681, 0.0234757047147, -0.00675144605339], [0.000431835884228, -0.00384022807702, 0.00204593362287, -0.00195592804812, 0.00153863965534, -0.00371938338503, 0.0021203700453, -0.00516354897991, 0.00555732659996, -0.00475410139188, 0.00296283350326, -0.00675144605339, 0.0211408156902]]
    },
    "melbands": {
        "dmean": [0.00153404823504, 0.00160847080406, 0.000781502167229, 0.000269702723017, 0.000147349928739, 0.000166613652254, 0.000226073199883, 0.000168335493072, 7.21854594303e-05, 3.7133359001e-05, 8.81388841663e-05, 9.95907466859e-05, 7.3364310083e-05, 3.6107008782e-05, 5.26849362359e-05, 4.11651890317e-05, 4.2893250793e-05, 4.88825789944e-05, 5.82518150622e-05, 3.72558570234e-05, 2.82696764771e-05, 2.54089918599e-05, 2.19304838538e-05, 1.77286292455e-05, 1.63627155416e-05, 9.46361160459e-06, 8.2119140643e-06, 7.44493354432e-06, 7.1383951763e-06, 6.26616747468e-06, 4.17333694713e-06, 3.11332223646e-06, 2.60886736214e-06, 2.3507525384e-06, 2.08772030419e-06, 3.11235316985e-06, 3.82845564673e-06, 1.95460484065e-06, 1.42612486798e-06, 1.29508191549e-06],
        "dmean2": [0.00267927790992, 0.00275585358031, 0.00135335384402, 0.000441314448835, 0.000230481746257, 0.00027281610528, 0.000376793701435, 0.000284253648715, 0.000117080649943, 5.7141220168e-05, 0.000136814225698, 0.00014536739036, 0.000110219712951, 5.58839674341e-05, 8.54200334288e-05, 6.38322817395e-05, 6.54694958939e-05, 7.63580828789e-05, 9.34201598284e-05, 5.92774667894e-05, 4.40365402028e-05, 4.11929649999e-05, 3.65896812582e-05, 2.89224499284e-05, 2.70476302831e-05, 1.58545044542e-05, 1.37640818139e-05, 1.22164910863e-05, 1.14230242616e-05, 1.03488500827e-05, 7.18376350051e-06, 5.18180650033e-06, 4.31715534432e-06, 3.91381172449e-06, 3.34308265337e-06, 4.74650232718e-06, 5.68389350519e-06, 2.822393526e-06, 2.04638354262e-06, 1.93037158169e-06],
        "dvar": [5.63728326597e-06, 7.6922651715e-06, 2.77584945252e-06, 2.85524095034e-07, 7.62658700637e-08, 1.27452381093e-07, 3.00123559782e-07, 1.66925218537e-07, 2.59813290882e-08, 7.34844762817e-09, 3.04415763708e-08, 3.78824296376e-08, 2.9340034402e-08, 1.10000160092e-08, 1.46946801394e-08, 9.41099553842e-09, 1.10277573739e-08, 1.58658952643e-08, 1.91471158928e-08, 6.82440637334e-09, 7.00931934716e-09, 2.03912664531e-09, 2.79752465637e-09, 1.68941838297e-09, 9.76214442616e-10, 1.76077180614e-10, 1.35418648517e-10, 9.02638380706e-11, 1.21033447154e-10, 1.16301940301e-10, 7.48046555255e-11, 4.04039579571e-11, 2.78645717611e-11, 2.0670342174e-11, 1.47837662251e-11, 1.9536013432e-11, 3.43267254899e-11, 1.46515802962e-11, 6.78523296577e-12, 6.45444635239e-12],
        "dvar2": [1.59311512107e-05, 2.08124820347e-05, 7.66361063143e-06, 6.64036235776e-07, 1.63263720765e-07, 3.20546860166e-07, 7.64819333199e-07, 4.4814970579e-07, 6.65819541723e-08, 1.59370792119e-08, 7.33436564815e-08, 8.45233927294e-08, 5.85857691249e-08, 2.66190376408e-08, 3.60677994138e-08, 2.08105621624e-08, 2.22173088815e-08, 3.63836640815e-08, 4.8787381246e-08, 1.63682507548e-08, 1.54529171681e-08, 4.7033457129e-09, 7.23768067701e-09, 4.10134060047e-09, 2.70627320553e-09, 4.31828545144e-10, 3.43071737685e-10, 2.35683722538e-10, 2.84669232631e-10, 2.98729790904e-10, 2.05018432786e-10, 1.0324704286e-10, 7.01089949984e-11, 4.79385420249e-11, 3.40271318067e-11, 4.47661144265e-11, 7.24527451923e-11, 2.80502617661e-11, 1.36281368135e-11, 1.4377503528e-11],
        "max": [0.0315439291298, 0.0233075544238, 0.0146147254854, 0.00918414629996, 0.00511520868167, 0.00510517228395, 0.00646374328062, 0.00397504074499, 0.00261593796313, 0.00226932950318, 0.00286313099787, 0.00319765182212, 0.00270178099163, 0.00230705202557, 0.0021822580602, 0.00237769004889, 0.00192037271336, 0.0020850840956, 0.00175157783087, 0.00162411644123, 0.00186379766092, 0.000657007971313, 0.000987314153463, 0.000739021925256, 0.000545043149032, 0.000188367324881, 0.000188930236618, 0.0001135704224, 0.000152388995048, 0.00019049992261, 0.000163698030519, 0.000120209362649, 9.65587023529e-05, 6.55365220155e-05, 4.86674507556e-05, 5.18706874573e-05, 7.07586223143e-05, 6.10811111983e-05, 4.17483170168e-05, 5.20398607478e-05],
        "mean": [0.00251468108036, 0.00269147218205, 0.00119668291882, 0.000499756948557, 0.000318798818626, 0.000282574241282, 0.000291210628347, 0.000211299717193, 0.000107704028778, 8.30538119772e-05, 0.000181432653335, 0.000179306152859, 0.000134289002744, 6.93774345564e-05, 8.47924384288e-05, 7.39413735573e-05, 8.05056042736e-05, 8.02416834631e-05, 9.33782139327e-05, 6.31902148598e-05, 5.18240303791e-05, 4.94374071422e-05, 4.06861472584e-05, 3.14802928187e-05, 3.00638985209e-05, 2.01867933356e-05, 1.69507384271e-05, 1.57868016686e-05, 1.51537851707e-05, 1.19893820738e-05, 7.6117057688e-06, 5.51309994989e-06, 4.55388862974e-06, 4.04059574066e-06, 3.66169706467e-06, 5.20675303051e-06, 6.61183139528e-06, 3.99121836381e-06, 3.03042975247e-06, 2.64303139375e-06],
        "median": [0.00186930410564, 0.00189627276268, 0.000826902512927, 0.000347247143509, 0.000172053754795, 0.000156716298079, 0.000108854168502, 9.38792945817e-05, 6.10054812569e-05, 4.67629324703e-05, 7.07401268301e-05, 5.27775118826e-05, 5.06674623466e-05, 3.91876528738e-05, 3.9793572796e-05, 2.82716355287e-05, 2.85594869638e-05, 3.05608155031e-05, 3.18643506034e-05, 2.85386358883e-05, 2.74080557574e-05, 3.38114223268e-05, 2.28728986258e-05, 1.7382311853e-05, 1.72345207829e-05, 1.57557915372e-05, 1.28018582473e-05, 1.21578796097e-05, 1.09203074317e-05, 7.63164462114e-06, 5.12663837071e-06, 3.05031585413e-06, 2.22474682232e-06, 1.76609933078e-06, 1.58871819167e-06, 2.71294652521e-06, 3.26245640281e-06, 1.79348126039e-06, 1.42391502322e-06, 1.25141480112e-06],
        "min": [5.6303870315e-24, 1.88575432345e-23, 4.68795959938e-23, 8.00438937841e-24, 2.58764422106e-24, 1.06059508808e-23, 5.69590271854e-24, 6.05944887228e-24, 5.2968570352e-24, 1.18230575502e-23, 2.5686541697e-23, 1.50939446536e-23, 1.04544020234e-23, 5.76919302423e-24, 5.58687504169e-24, 9.5741720927e-24, 6.55718736575e-24, 4.83692903936e-24, 8.75016506757e-24, 1.07066268872e-23, 7.53544785786e-24, 1.28618863881e-23, 7.2749549429e-24, 1.3244212559e-23, 9.27739630927e-24, 1.36188962455e-23, 1.50463384757e-23, 1.55115833941e-23, 1.0798947279e-23, 6.25603103771e-24, 1.21150283818e-23, 1.29056855233e-23, 7.83580033663e-24, 8.16822237779e-24, 1.24262639856e-23, 1.68681543606e-23, 1.47963721207e-23, 8.038930442e-24, 1.00289298942e-23, 7.62362830756e-24],
        "var": [5.74243540541e-06, 8.20929835754e-06, 2.18227160076e-06, 4.02017974466e-07, 2.59543696757e-07, 1.9143777763e-07, 3.09781540864e-07, 1.4541251403e-07, 2.8077153047e-08, 2.44330600196e-08, 9.48576683868e-08, 1.0897056768e-07, 6.64486421442e-08, 1.65814419972e-08, 2.25998402215e-08, 2.54055532167e-08, 3.36791821098e-08, 2.87354513517e-08, 3.98238491073e-08, 1.51017349737e-08, 1.39191573822e-08, 4.17654977269e-09, 5.12114750606e-09, 2.7500099975e-09, 1.92457738635e-09, 3.66982139122e-10, 2.61487553832e-10, 2.04055064512e-10, 2.49294279664e-10, 1.7974646771e-10, 8.36936769888e-11, 6.16010575882e-11, 4.7606130843e-11, 4.32647459525e-11, 3.39460057286e-11, 4.59511734219e-11, 8.25316967545e-11, 4.00039480708e-11, 2.28500274257e-11, 1.94811371895e-11]
    },
    "mfcc": {
        "mean": [-592.307006836, 94.1010665894, 3.41686296463, 26.501209259, 15.2214508057, 8.05233669281, 10.2652606964, 5.68298006058, 5.71966218948, 4.8811674118, -3.14415335655, 4.90809488297, -0.912738502026],
        "cov": [[5198.17089844, -68.206199646, -237.301803589, 39.0253982544, -61.5346107483, -67.3181533813, 11.3342809677, -25.6014194489, -64.8997116089, -30.274641037, -46.8470802307, 67.5185546875, 46.1305961609], [-68.206199646, 511.389953613, -228.154632568, 10.2579936981, 6.54688119888, -1.3754734993, 94.443901062, -28.9154319763, 6.22958850861, 5.84656953812, 5.33909320831, -43.5577812195, -17.5073509216], [-237.301803589, -228.154632568, 381.231994629, 10.053478241, 0.624786376953, 10.9128580093, -89.0480880737, 24.4377765656, -2.25124025345, 6.20913887024, 11.1845712662, 8.1818447113, 4.12026262283], [39.0253982544, 10.2579936981, 10.053478241, 155.651443481, 31.089548111, -27.2493743896, -44.8328437805, 16.1221218109, 8.54101753235, -16.8198261261, 2.88079166412, 28.2616271973, 12.2885560989], [-61.5346107483, 6.54688119888, 0.624786376953, 31.089548111, 89.3299789429, 3.97117447853, 0.31450843811, 19.5908432007, 12.8555698395, 1.81729340553, -7.36239290237, -1.01515173912, -6.71636152267], [-67.3181533813, -1.3754734993, 10.9128580093, -27.2493743896, 3.97117447853, 122.93547821, 46.21144104, 0.572279810905, -8.85169315338, 9.18350219727, -4.47679615021, -31.3085308075, -8.40117835999], [11.3342809677, 94.443901062, -89.0480880737, -44.8328437805, 0.31450843811, 46.21144104, 149.193939209, 5.5981836319, -1.01695811749, 7.3320069313, -4.30348587036, -28.2477359772, -15.3932218552], [-25.6014194489, -28.9154319763, 24.4377765656, 16.1221218109, 19.5908432007, 0.572279810905, 5.5981836319, 79.3614273071, 23.7714881897, -1.21809720993, -2.54780626297, 6.64396429062, -0.814000725746], [-64.8997116089, 6.22958850861, -2.25124025345, 8.54101753235, 12.8555698395, -8.85169315338, -1.01695811749, 23.7714881897, 66.2916107178, 17.3427124023, -2.61168766022, -7.36312198639, 2.66090106964], [-30.274641037, 5.84656953812, 6.20913887024, -16.8198261261, 1.81729340553, 9.18350219727, 7.3320069313, -1.21809720993, 17.3427124023, 62.6365089417, 9.71363925934, -8.84986305237, -12.1200656891], [-46.8470802307, 5.33909320831, 11.1845712662, 2.88079166412, -7.36239290237, -4.47679615021, -4.30348587036, -2.54780626297, -2.61168766022, 9.71363925934, 51.7987327576, 11.2953882217, 2.19847393036], [67.5185546875, -43.5577812195, 8.1818447113, 28.2616271973, -1.01515173912, -31.3085308075, -28.2477359772, 6.64396429062, -7.36312198639, -8.84986305237, 11.2953882217, 71.5317764282, 21.3295288086], [46.1305961609, -17.5073509216, 4.12026262283, 12.2885560989, -6.71636152267, -8.40117835999, -15.3932218552, -0.814000725746, 2.66090106964, -12.1200656891, 2.19847393036, 21.3295288086, 67.1871795654]],
