{
"lowlevel": {
    "average_loudness": 0.971901655197,
    "barkbands_crest": {
        "dmean": 2.8436498642,
        "dmean2": 4.66826963425,
        "dvar": 7.23116731644,
        "dvar2": 18.109544754,
        "max": 23.7487602234,
        "mean": 9.38740158081,
        "median": 8.55613708496,
        "min": 2.69879770279,
        "var": 13.9812059402
    },
    "barkbands_flatness_db": {
        "dmean": 0.0217815861106,
        "dmean2": 0.0329047366977,
        "dvar": 0.000452183914604,
        "dvar2": 0.00107751833275,
        "max": 0.270278662443,
        "mean": 0.110243782401,
        "median": 0.102669961751,
        "min": 0.0261350106448,
        "var": 0.00169127318077
    },
    "barkbands_kurtosis": {
        "dmean": 2.95613908768,
        "dmean2": 4.77908992767,
        "dvar": 26.8180141449,
        "dvar2": 72.3728942871,
        "max": 55.0020065308,
        "mean": 3.52174806595,
        "median": 1.06281805038,
        "min": -1.83761978149,
        "var": 39.5964889526
    },
    "barkbands_skewness": {
        "dmean": 0.584551334381,
        "dmean2": 0.916253149509,
        "dvar": 0.440749138594,
        "dvar2": 1.09148204327,
        "max": 7.04281711578,
        "mean": 1.62484157085,
        "median": 1.35410904884,
        "min": -1.01457333565,
        "var": 1.1619797945
    },
    "barkbands_spread": {
        "dmean": 6.64356279373,
        "dmean2": 10.0673942566,
        "dvar": 48.4846725464,
        "dvar2": 104.31968689,
        "max": 96.2229309082,
        "mean": 28.4914360046,
        "median": 28.2887058258,
        "min": 3.3857820034,
        "var": 188.186401367
    },
    "dissonance": {
        "dmean": 0.0125162480399,
        "dmean2": 0.0213734544814,
        "dvar": 0.000146929582115,
        "dvar2": 0.000415384623921,
        "max": 0.499948978424,
        "mean": 0.478920221329,
        "median": 0.483454048634,
        "min": 0.401985287666,
        "var": 0.000258349988144
    },
    "dynamic_complexity": 2.91289663315,
    "erbbands_crest": {
        "dmean": 2.35510063171,
        "dmean2": 3.9043970108,
        "dvar": 4.83572292328,
        "dvar2": 13.0545530319,
        "max": 20.5202159882,
        "mean": 7.14976835251,
        "median": 6.52792024612,
        "min": 2.26632547379,
        "var": 9.64727973938
    },
    "erbbands_flatness_db": {
        "dmean": 0.0144156711176,
        "dmean2": 0.0216906704009,
        "dvar": 0.00016959507775,
        "dvar2": 0.000341053120792,
        "max": 0.197864547372,
        "mean": 0.120001286268,
        "median": 0.119214043021,
        "min": 0.0560163110495,
        "var": 0.000679972523358
    },
    "erbbands_kurtosis": {
        "dmean": 0.652165830135,
        "dmean2": 1.04931294918,
        "dvar": 0.674097001553,
        "dvar2": 1.67463302612,
        "max": 9.60105133057,
        "mean": -0.0592515356839,
        "median": -0.358820676804,
        "min": -1.61545228958,
        "var": 1.23457169533
    },
    "erbbands_skewness": {
        "dmean": 0.336003094912,
        "dmean2": 0.51677274704,
        "dvar": 0.0837425291538,
        "dvar2": 0.200170844793,
        "max": 1.97374987602,
        "mean": 0.0264536775649,
        "median": 0.0390484146774,
        "min": -2.8245382309,
        "var": 0.317386180162
    },
    "erbbands_spread": {
        "dmean": 9.12267303467,
        "dmean2": 14.4734764099,
        "dvar": 87.6256713867,
        "dvar2": 207.953109741,
        "max": 111.608291626,
        "mean": 44.934841156,
        "median": 42.8255081177,
        "min": 14.1122970581,
        "var": 253.537536621
    },
    "hfc": {
        "dmean": 7.99271869659,
        "dmean2": 11.9770870209,
        "dvar": 134.618438721,
        "dvar2": 283.168365479,
        "max": 147.46572876,
        "mean": 27.9960517883,
        "median": 24.0497684479,
        "min": 4.63952528662e-06,
        "var": 459.324432373
    },
    "melbands_crest": {
        "dmean": 3.18302607536,
        "dmean2": 5.27945423126,
        "dvar": 7.71949672699,
        "dvar2": 18.8230857849,
        "max": 27.1714324951,
        "mean": 13.4512491226,
        "median": 12.9666166306,
        "min": 4.47455978394,
        "var": 16.0790214539
    },
    "melbands_flatness_db": {
        "dmean": 0.0273811593652,
        "dmean2": 0.0412331968546,
        "dvar": 0.000744128716178,
        "dvar2": 0.00176405219827,
        "max": 0.368386745453,
        "mean": 0.180324777961,
        "median": 0.170416519046,
        "min": 0.068891517818,
        "var": 0.00299773481674
    },
    "melbands_kurtosis": {
        "dmean": 9.65342330933,
        "dmean2": 15.840839386,
        "dvar": 301.159179688,
        "dvar2": 795.989074707,
        "max": 184.665344238,
        "mean": 15.5933799744,
        "median": 8.39018249512,
        "min": -1.45555138588,
        "var": 397.288391113
    },
    "melbands_skewness": {
        "dmean": 0.929269731045,
        "dmean2": 1.48289322853,
        "dvar": 1.15723788738,
        "dvar2": 2.77988982201,
        "max": 11.928612709,
        "mean": 3.0833234787,
        "median": 2.72267842293,
        "min": 0.422191947699,
        "var": 2.64611625671
    },
    "melbands_spread": {
        "dmean": 7.72859716415,
        "dmean2": 11.7918405533,
        "dvar": 85.8520355225,
        "dvar2": 194.495864868,
        "max": 130.257919312,
        "mean": 25.1611232758,
        "median": 23.6935977936,
        "min": 2.11346077919,
        "var": 246.007461548
    },
    "pitch_salience": {
        "dmean": 0.0829283595085,
        "dmean2": 0.134324684739,
        "dvar": 0.00550262536854,
        "dvar2": 0.0146988984197,
        "max": 0.833568871021,
        "mean": 0.565144598484,
        "median": 0.571753621101,
        "min": 0.193083256483,
        "var": 0.0103806825355
    },
    "silence_rate_20dB": {
        "dmean": 0,
        "dmean2": 0,
        "dvar": 0,
        "dvar2": 0,
        "max": 1,
        "mean": 1,
        "median": 1,
        "min": 1,
        "var": 0
    },
    "silence_rate_30dB": {
        "dmean": 0.0139318881556,
        "dmean2": 0.0278853606433,
        "dvar": 0.0137380342931,
        "dvar2": 0.0395016558468,
        "max": 1,
        "mean": 0.992266058922,
        "median": 1,
        "min": 0,
        "var": 0.00767413107678
    },
    "silence_rate_60dB": {
        "dmean": 0.00464396271855,
        "dmean2": 0.00929511990398,
        "dvar": 0.0046222913079,
        "dvar2": 0.0107582779601,
        "max": 1,
        "mean": 0.0618716180325,
        "median": 0,
        "min": 0,
        "var": 0.0580452308059
    },
    "spectral_centroid": {
        "dmean": 280.855102539,
        "dmean2": 430.67175293,
        "dvar": 72921.859375,
        "dvar2": 155503.796875,
        "max": 3705.68652344,
        "mean": 1566.86938477,
        "median": 1614.06567383,
        "min": 294.018066406,
        "var": 344410.9375
    },
    "spectral_complexity": {
        "dmean": 4.5851392746,
        "dmean2": 6.96669244766,
        "dvar": 20.6746139526,
        "dvar2": 40.4936943054,
        "max": 61,
        "mean": 27.2691421509,
        "median": 28,
        "min": 0,
        "var": 175.854751587
    },
    "spectral_decrease": {
        "dmean": 3.74555630955e-09,
        "dmean2": 6.35499519674e-09,
        "dvar": 3.79035464844e-17,
        "dvar2": 1.0433211199e-16,
        "max": -2.87874226816e-15,
        "mean": -9.099627718e-09,
        "median": -8.37461211489e-09,
        "min": -5.26645749233e-08,
        "var": 4.08765560287e-17
    },
    "spectral_energy": {
        "dmean": 0.0145921586081,
        "dmean2": 0.0246648509055,
        "dvar": 0.000559211359359,
        "dvar2": 0.00153567898087,
        "max": 0.201243504882,
        "mean": 0.0368834137917,
        "median": 0.0340880565345,
        "min": 1.15811786827e-08,
        "var": 0.000631951610558
    },
    "spectral_energyband_high": {
        "dmean": 0.000583584071137,
        "dmean2": 0.000825976429041,
        "dvar": 1.00894362731e-06,
        "dvar2": 2.12820191337e-06,
        "max": 0.0163712315261,
        "mean": 0.00148971134331,
        "median": 0.000983130768873,
        "min": 1.7069820557e-10,
        "var": 3.02991224999e-06
    },
    "spectral_energyband_low": {
        "dmean": 0.0112670883536,
        "dmean2": 0.0194567665458,
        "dvar": 0.000527998141479,
        "dvar2": 0.00146200973541,
        "max": 0.194422438741,
        "mean": 0.0185149945319,
        "median": 0.014596004039,
        "min": 5.04929964507e-09,
        "var": 0.000437059556134
    },
    "spectral_energyband_middle_high": {
        "dmean": 0.00222377222963,
        "dmean2": 0.00347174424678,
        "dvar": 1.02729663922e-05,
        "dvar2": 2.37835520238e-05,
        "max": 0.0358015559614,
        "mean": 0.00694216182455,
        "median": 0.00559262884781,
        "min": 6.22567553066e-10,
        "var": 3.50947047991e-05
    },
    "spectral_energyband_middle_low": {
        "dmean": 0.00530994310975,
        "dmean2": 0.00873584207147,
        "dvar": 4.59419679828e-05,
        "dvar2": 0.000119463729789,
        "max": 0.0620148442686,
        "mean": 0.011467024684,
        "median": 0.010059196502,
        "min": 2.02429406571e-09,
        "var": 6.95906492183e-05
    },
    "spectral_entropy": {
        "dmean": 0.115031637251,
        "dmean2": 0.1644538939,
        "dvar": 0.0113129168749,
        "dvar2": 0.0221095029265,
        "max": 8.58740329742,
        "mean": 7.89564228058,
        "median": 7.93789482117,
        "min": 6.69820070267,
        "var": 0.0644867569208
    },
    "spectral_flux": {
        "dmean": 0.0292865522206,
        "dmean2": 0.0456937514246,
        "dvar": 0.00133046531118,
        "dvar2": 0.00245826458558,
        "max": 0.340687334538,
        "mean": 0.105437971652,
        "median": 0.0981431305408,
        "min": 0.000139500800287,
        "var": 0.00296470709145
    },
    "spectral_kurtosis": {
        "dmean": 0.876797795296,
        "dmean2": 1.4490391016,
        "dvar": 0.838435053825,
        "dvar2": 2.18669724464,
        "max": 12.6915416718,
        "mean": 3.17523908615,
        "median": 3.03795099258,
        "min": -0.771323680878,
        "var": 1.93207740784
    },
    "spectral_rms": {
        "dmean": 0.00102868629619,
        "dmean2": 0.00169582280796,
        "dvar": 1.78184188826e-06,
        "dvar2": 4.77383537145e-06,
        "max": 0.0140119632706,
        "mean": 0.00563827576116,
        "median": 0.00576685694978,
        "min": 3.3613555388e-06,
        "var": 4.19371190219e-06
    },
    "spectral_rolloff": {
        "dmean": 505.797210693,
        "dmean2": 805.502441406,
        "dvar": 493231.0625,
        "dvar2": 1023485.3125,
        "max": 8462.54882812,
        "mean": 1419.74328613,
        "median": 1291.9921875,
        "min": 86.1328125,
        "var": 1356854.375
    },
    "spectral_skewness": {
        "dmean": 0.166356623173,
        "dmean2": 0.264698714018,
        "dvar": 0.0300967972726,
        "dvar2": 0.0731621384621,
        "max": 2.51470470428,
        "mean": 1.36244010925,
        "median": 1.36344432831,
        "min": 0.309728056192,
        "var": 0.0921483784914
    },
    "spectral_spread": {
        "dmean": 489624.53125,
        "dmean2": 691568.125,
        "dvar": 239701868544,
        "dvar2": 422196117504,
        "max": 9802178,
        "mean": 5007080.5,
        "median": 4778553,
        "min": 2907923.75,
        "var": 1.18502719488e+12
    },
    "spectral_strongpeak": {
        "dmean": 0.342387646437,
        "dmean2": 0.618629276752,
        "dvar": 0.407069951296,
        "dvar2": 1.08650374413,
        "max": 6.86820602417,
        "mean": 0.451385319233,
        "median": 0.290630847216,
        "min": 7.93694198364e-05,
        "var": 0.336041390896
    },
    "zerocrossingrate": {
        "dmean": 0.0112886698917,
        "dmean2": 0.0132482694462,
        "dvar": 0.000115388298582,
        "dvar2": 0.000138671821333,
        "max": 0.236328125,
        "mean": 0.0643836408854,
        "median": 0.0615234375,
        "min": 0.0107421875,
        "var": 0.000804689188953
    },
    "barkbands": {
        "dmean": [0.000118686999485, 0.00844663660973, 0.00378983188421, 0.00177050114144, 0.00196356093511, 0.00126561615616, 0.000850990996696, 0.00161187071353, 0.000787658675108, 0.000579038809519, 0.000472369167255, 0.00042661029147, 0.000479457812617, 0.000446608086349, 0.00049031683011, 0.000422307493864, 0.000337496516295, 0.000184521632036, 0.000249696429819, 0.000261930428678, 0.000176148329047, 0.000126237398945, 0.000126038561575, 8.93265241757e-05, 6.30233407719e-05, 4.6501198085e-05, 2.14516649066e-06],
        "dmean2": [0.000185441487702, 0.0146721219644, 0.00668465346098, 0.00299148517661, 0.00329475593753, 0.00208125705831, 0.00145585543942, 0.00260352296755, 0.00133453460876, 0.000971220259089, 0.000772234983742, 0.000715464178938, 0.000759657879826, 0.000730938336346, 0.000827060779557, 0.00069534080103, 0.000557445397135, 0.000301274878439, 0.000404781778343, 0.000435996305896, 0.000279180065263, 0.000186405974091, 0.000190184364328, 0.000130580854602, 8.82840831764e-05, 6.46528205834e-05, 3.44727004631e-06],
        "dvar": [4.098113493e-08, 0.000319344049785, 5.2889019571e-05, 5.24802317159e-06, 7.01092949384e-06, 7.33995011615e-06, 4.32989281762e-06, 1.06305897134e-05, 4.64316963189e-06, 1.014307486e-06, 6.5523494186e-07, 5.84517692914e-07, 6.59591194108e-07, 1.08444851321e-06, 6.81493702359e-07, 6.06110404533e-07, 3.3711381775e-07, 9.71171871811e-08, 3.32598830255e-07, 1.51826398564e-07, 8.42377829713e-08, 5.88033586268e-08, 1.58271305395e-07, 3.86144130005e-08, 9.56730161761e-09, 6.73525679673e-09, 1.87339588287e-11],
        "dvar2": [9.0856723034e-08, 0.000872599717695, 0.000154321081936, 1.49704537762e-05, 1.95319953491e-05, 1.80910828931e-05, 1.06323332147e-05, 2.70752389042e-05, 1.22563551486e-05, 2.69915949502e-06, 1.66242432442e-06, 1.49486834289e-06, 1.5595220475e-06, 2.89075251203e-06, 1.74153933585e-06, 1.56803014306e-06, 8.96738924894e-07, 2.46002088033e-07, 6.98945370914e-07, 3.99545172058e-07, 1.95141836912e-07, 1.13870932239e-07, 3.95169053036e-07, 8.04908566465e-08, 1.96031830768e-08, 1.3132726906e-08, 4.48201545322e-11],
        "max": [0.0017147109611, 0.147393420339, 0.0554773434997, 0.020723534748, 0.0273825675249, 0.0310421641916, 0.0251855626702, 0.0355242788792, 0.031682241708, 0.0112122464925, 0.0145049085841, 0.0100128185004, 0.0111273918301, 0.0174565687776, 0.00900071673095, 0.00844700448215, 0.00764223281294, 0.00458617601544, 0.0125263454393, 0.0047221002169, 0.00389284081757, 0.00318645173684, 0.00927993189543, 0.00564249418676, 0.00168342958204, 0.000767531688325, 4.66816818516e-05],
        "mean": [0.000152846507262, 0.0119687272236, 0.00499274488539, 0.00250476785004, 0.00317121739499, 0.00169604818802, 0.00101044774055, 0.0019548649434, 0.000918124860618, 0.000860023486894, 0.000759156362619, 0.000714153691661, 0.000782891758718, 0.000642258964945, 0.000822176865768, 0.000736524758395, 0.000618362857495, 0.000318931095535, 0.000418391282437, 0.000579853309318, 0.000375308591174, 0.000246349081863, 0.000229966361076, 0.000198303750949, 0.000135922324262, 7.27706501493e-05, 2.29849433708e-06],
        "median": [6.59413417452e-05, 0.00831440649927, 0.00346125126816, 0.00182077463251, 0.00229421630502, 0.000913932919502, 0.00037034181878, 0.000337488920195, 0.000385343417292, 0.0004535819171, 0.000411933520809, 0.000445570971351, 0.000422304612584, 0.000228857476031, 0.000419940944994, 0.000284475943772, 0.000321550818626, 0.000197558154468, 0.000258922169451, 0.000431201362517, 0.000235441460973, 0.000119035314128, 0.000107245337858, 0.000103921876871, 7.55558430683e-05, 2.69633765129e-05, 4.38333216835e-07],
        "min": [2.22596441279e-10, 3.29366711682e-09, 9.16048570332e-10, 4.77033024193e-10, 8.27087398569e-10, 2.71875910673e-10, 5.93896529177e-11, 5.39296940438e-11, 1.55573540161e-10, 9.63878560301e-11, 8.99009269806e-11, 1.60597271592e-10, 8.95080121133e-11, 3.08865849563e-11, 3.25939865375e-11, 2.96364113805e-11, 3.33116867424e-11, 1.71616904715e-11, 4.10289094366e-11, 3.98787010358e-11, 1.77775363874e-11, 4.72224559803e-12, 4.66172933589e-11, 4.23407628403e-11, 1.48339170808e-11, 7.40718337361e-12, 6.97530748439e-12],
        "var": [6.38008685883e-08, 0.000256055936916, 4.00383105443e-05, 6.28382122159e-06, 9.62929152593e-06, 7.8758721429e-06, 4.7479143177e-06, 1.49292245624e-05, 4.04914862884e-06, 1.4930276393e-06, 1.36817641305e-06, 9.30382270781e-07, 1.25235874293e-06, 1.47809623741e-06, 1.36931771522e-06, 1.27881014578e-06, 6.00745636348e-07, 1.6088307575e-07, 4.86987062231e-07, 3.72176742758e-07, 2.01365168095e-07, 1.34978250799e-07, 2.14898904005e-07, 1.54709368871e-07, 3.10535526182e-08, 1.2877633182e-08, 2.24576381797e-11]
    },
    "erbbands": {
        "dmean": [0.19006793201, 2.12045097351, 4.45954084396, 4.98457098007, 6.66649341583, 6.36009979248, 8.69592666626, 11.816827774, 11.0124788284, 21.1649913788, 32.6818504333, 18.8900222778, 14.0824184418, 17.5797119141, 17.8811721802, 17.3947849274, 19.9536552429, 19.7815074921, 23.1524715424, 23.4750347137, 22.7465705872, 18.3016910553, 10.103102684, 12.2299804688, 12.1172180176, 13.1860761642, 7.88535737991, 6.2874455452, 4.56443357468, 4.25069522858, 3.41550540924, 2.26062607765, 1.39849424362, 0.835248351097, 0.403787255287, 0.211117580533, 0.0885220319033, 0.0118200089782, 0.0002518275287, 2.22267954086e-05],
        "dmean2": [0.322527110577, 3.71540188789, 7.98531961441, 8.48605918884, 11.2476511002, 10.704583168, 14.5877027512, 19.4565525055, 18.3825683594, 34.725440979, 54.1223182678, 31.9959754944, 23.0907478333, 28.5713558197, 28.5608901978, 29.0727748871, 31.5332202911, 32.1178512573, 36.9315986633, 39.3861618042, 37.1813354492, 29.9898300171, 16.5818519592, 20.2186183929, 19.6117763519, 21.9992713928, 13.0280609131, 9.88683795929, 6.76312065125, 6.50757551193, 5.14604902267, 3.44447779655, 2.02378511429, 1.2061753273, 0.561661839485, 0.292141199112, 0.127805918455, 0.0170631501824, 0.000362732826034, 3.50832197e-05],
        "dvar": [0.143925875425, 20.4475784302, 81.0746383667, 52.9881057739, 68.2953720093, 105.759605408, 215.127716064, 866.883117676, 716.027282715, 1792.8770752, 4477.09326172, 2361.38256836, 621.487854004, 1107.13220215, 785.437072754, 1061.16149902, 1130.25158691, 1938.73937988, 1940.46386719, 2133.03125, 1959.95532227, 911.323730469, 312.223175049, 1138.81970215, 351.97857666, 420.792175293, 174.331359863, 133.716796875, 78.1976776123, 140.410766602, 89.9022369385, 40.7811470032, 5.98577165604, 2.03421926498, 0.369819223881, 0.120027266443, 0.0270078647882, 0.000489623809699, 2.19097174181e-07, 1.05459985189e-09],
        "dvar2": [0.365562021732, 57.1841163635, 236.388870239, 153.740783691, 191.971252441, 286.765869141, 563.065551758, 2173.85253906, 1899.69677734, 4522.19238281, 11444.5263672, 6118.91650391, 1580.10168457, 2867.90795898, 1899.00036621, 2700.69775391, 2679.55029297, 5110.57128906, 4699.46826172, 5572.08837891, 5162.77685547, 2350.8996582, 792.243530273, 2358.30151367, 799.190673828, 1132.33349609, 423.793701172, 291.487518311, 153.011962891, 347.058563232, 208.545776367, 92.0574188232, 12.9796066284, 4.51383543015, 0.737607598305, 0.227228477597, 0.0562139637768, 0.000995383481495, 4.50844027e-07, 2.62000643403e-09],
        "max": [3.2403857708, 37.2275886536, 64.7702026367, 78.0841674805, 86.0050735474, 93.9564437866, 137.318634033, 353.37512207, 329.54675293, 559.66796875, 779.268310547, 640.067993164, 384.692169189, 480.484527588, 619.254882812, 480.614990234, 401.201080322, 732.496948242, 812.29901123, 597.848937988, 582.253112793, 346.469177246, 260.866882324, 820.879455566, 190.113250732, 275.020629883, 138.370559692, 200.780075073, 110.840423584, 263.057769775, 187.928314209, 176.124435425, 54.2390594482, 29.0422477722, 9.83348751068, 2.96184253693, 1.54666936398, 0.222450494766, 0.00459381146356, 0.000285784131847],
        "mean": [0.251248300076, 2.98370981216, 6.03511428833, 7.81388378143, 9.69172477722, 9.69623756409, 11.9547643661, 14.8475990295, 13.7024517059, 25.63463974, 39.8499450684, 22.7238445282, 22.633687973, 28.191034317, 32.4550018311, 30.6816387177, 35.0372695923, 33.3305244446, 38.7343597412, 41.3930931091, 43.9530525208, 36.6012458801, 19.525598526, 19.0815143585, 24.4089717865, 28.3093605042, 16.2021026611, 13.7199420929, 9.00787448883, 7.57110786438, 6.44617366791, 4.78730392456, 2.94147133827, 1.74590706825, 0.828426420689, 0.364345699549, 0.1276666224, 0.0163849517703, 0.000371424393961, 5.86978821957e-05],
        "median": [0.150518655777, 2.15038061142, 4.36503887177, 6.10356616974, 6.71898174286, 5.97819662094, 6.30741262436, 6.88862848282, 6.64755344391, 8.01174545288, 8.58509540558, 9.8555059433, 13.268075943, 15.7887067795, 19.2008914948, 19.9555130005, 19.8144855499, 14.1106700897, 21.289352417, 18.1075057983, 17.912689209, 18.322052002, 12.6135902405, 10.9106931686, 17.2369823456, 20.4539966583, 11.3751268387, 8.08492469788, 4.11206007004, 3.66489076614, 2.9864051342, 2.34198856354, 1.57004010677, 0.930231869221, 0.441104769707, 0.161302536726, 0.0424279421568, 0.00501299835742, 0.00013692000357, 5.00656205986e-05],
        "min": [7.47049995198e-08, 7.89096361586e-07, 1.32183595269e-06, 2.69113365903e-06, 1.22809524328e-06, 3.74377918888e-06, 2.36027517531e-06, 1.97542613023e-06, 1.40345196087e-06, 8.51426648296e-07, 2.08227834264e-06, 3.2490254398e-06, 3.28245664605e-06, 3.10811105919e-06, 3.41473378285e-06, 8.07368815003e-06, 4.18469926444e-06, 2.00229601433e-06, 2.33953710449e-06, 1.34317599532e-06, 1.48474998696e-06, 2.07987909562e-06, 1.00120871593e-06, 1.80142387762e-06, 2.2772092052e-06, 1.66929555689e-06, 1.17775630315e-06, 3.58652613386e-07, 1.19196400306e-07, 3.49677605982e-07, 1.31055583097e-06, 1.02461024198e-06, 7.03325440554e-07, 1.84654652458e-07, 7.57137428309e-08, 2.94617557017e-08, 1.42553098215e-08, 3.66642760596e-09, 1.08462849813e-09, 1.23326765467e-10],
        "var": [0.1390170753, 15.4817256927, 57.9404182434, 55.0668449402, 93.9568328857, 135.549224854, 270.868103027, 837.106079102, 681.091918945, 2250.34350586, 5802.43066406, 2161.71508789, 1011.840271, 1815.92028809, 2286.58251953, 1576.74145508, 2322.17114258, 3184.43237305, 3233.64892578, 3995.44482422, 4735.65478516, 2156.83398438, 554.986633301, 1522.6763916, 701.084106445, 955.453979492, 319.334899902, 343.834075928, 185.451904297, 168.643051147, 173.527954102, 131.739151001, 22.4506263733, 5.83805990219, 1.10839724541, 0.26453140378, 0.0449574775994, 0.00080251757754, 3.59698788088e-07, 1.75993664087e-09]
    },
    "gfcc": {
        "mean": [34.1442832947, 83.5162811279, -108.939674377, 46.0415534973, -50.5825614929, 27.2704467773, -34.4056282043, 14.4141330719, -27.3415355682, 6.75261497498, -17.2472801208, 0.042205888778, -9.88910293579],
        "cov": [[8303.65820312, -1007.5526123, -151.641738892, -152.659927368, -140.469009399, -5.49150037766, -81.8558883667, 183.38621521, -21.6188583374, 245.341506958, -322.842529297, 69.2608032227, -228.220077515], [-1007.5526123, 682.266906738, -92.125328064, 3.54360246658, 32.589225769, -82.1825561523, 17.0929965973, -77.1917648315, 64.4619903564, -79.5645751953, 111.163215637, -78.5575790405, 90.7936706543], [-151.641738892, -92.125328064, 410.391113281, -11.5016727448, 62.2506408691, -8.75035667419, -49.5357894897, 5.83467769623, -66.0268096924, 6.44537830353, -9.9670791626, 54.6436767578, -28.9751625061], [-152.659927368, 3.54360246658, -11.5016727448, 228.914016724, 0.220998287201, 1.67303669453, -3.23800611496, -23.5065002441, 13.8545360565, -59.9836425781, 32.5036315918, -13.6641397476, 46.9245643616], [-140.469009399, 32.589225769, 62.2506408691, 0.220998287201, 134.40423584, -1.75039982796, 1.00088465214, 9.28544330597, -20.7208900452, 0.765468418598, -8.63932704926, 17.1011295319, 12.9068126678], [-5.49150037766, -82.1825561523, -8.75035667419, 1.67303669453, -1.75039982796, 134.757583618, 61.4025611877, -13.2042779922, -31.5987930298, -6.607006073, 3.22003793716, -10.7223844528, -13.1644687653], [-81.8558883667, 17.0929965973, -49.5357894897, -3.23800611496, 1.00088465214, 61.4025611877, 118.470985413, 12.1518831253, -18.1899013519, -4.19985437393, 9.72187900543, -18.8133831024, -10.9785242081], [183.38621521, -77.1917648315, 5.83467769623, -23.5065002441, 9.28544330597, -13.2042779922, 12.1518831253, 78.4152069092, 26.6291217804, 29.2615852356, -24.2289962769, 1.75930285454, -22.7029132843], [-21.6188583374, 64.4619903564, -66.0268096924, 13.8545360565, -20.7208900452, -31.5987930298, -18.1899013519, 26.6291217804, 113.349830627, 24.325012207, 1.92984080315, -28.2743206024, 1.03947818279], [245.341506958, -79.5645751953, 6.44537830353, -59.9836425781, 0.765468418598, -6.607006073, -4.19985437393, 29.2615852356, 24.325012207, 84.7773895264, -12.446852684, 8.73476696014, -25.0343379974], [-322.842529297, 111.163215637, -9.9670791626, 32.5036315918, -8.63932704926, 3.22003793716, 9.72187900543, -24.2289962769, 1.92984080315, -12.446852684, 78.6187744141, -2.09456181526, 20.5281791687], [69.2608032227, -78.5575790405, 54.6436767578, -13.6641397476, 17.1011295319, -10.7223844528, -18.8133831024, 1.75930285454, -28.2743206024, 8.73476696014, -2.09456181526, 66.3937454224, 5.96547889709], [-228.220077515, 90.7936706543, -28.9751625061, 46.9245643616, 12.9068126678, -13.1644687653, -10.9785242081, -22.7029132843, 1.03947818279, -25.0343379974, 20.5281791687, 5.96547889709, 83.7431564331]],
        "icov": [[0.000178402115125, 1.61696755185e-06, 0.000175633031176, -0.000193792104255, 0.000198407156859, -4.03261583415e-05, 0.000213407867705, -0.000197225628654, 0.000312640360789, -0.000484493706608, 0.000599592109211, -0.000172420433955, 0.000307970767608], [1.61696755185e-06, 0.0070810103789, -0.000670537061524, 0.00498007936403, -0.00361253484152, 0.00597059261054, -0.00404081307352, 0.00598464533687, -0.00547261210158, 0.00672377971932, -0.00783610995859, 0.00749933067709, -0.00464262627065], [0.000175633031176, -0.000670537061524, 0.00371789280325, -0.00106993864756, -0.00076701544458, -0.000823447131552, 0.00253045302816, -0.00155720685143, 0.0027784013655, -0.0012688288698, 0.000741790281609, -0.00229009450413, 0.0025574027095], [-0.000193792104255, 0.00498007936403, -0.00106993864756, 0.00989265739918, -0.00281325448304, 0.0036775500048, -0.00291239563376, 0.0042188866064, -0.00599947944283, 0.00932630524039, -0.007575803902, 0.00588994007558, -0.00576729467139], [0.000198407156859, -0.00361253484152, -0.00076701544458, -0.00281325448304, 0.0107650542632, -0.0029199111741, 0.00145558442455, -0.00466684997082, 0.00416006846353, -0.00437388336286, 0.00571739394218, -0.00462285289541, 0.000144463949255], [-4.03261583415e-05, 0.00597059261054, -0.000823447131552, 0.0036775500048, -0.0029199111741, 0.0158355794847, -0.00899874512106, 0.0079506309703, -0.00287903379649, 0.00490186037496, -0.00592574849725, 0.00726369209588, -0.00257738051005], [0.000213407867705, -0.00404081307352, 0.00253045302816, -0.00291239563376, 0.00145558442455, -0.00899874512106, 0.0166953522712, -0.00902413390577, 0.00718387681991, -0.00392280891538, 0.00194175634533, -0.00126004230697, 0.00392529508099], [-0.000197225628654, 0.00598464533687, -0.00155720685143, 0.0042188866064, -0.00466684997082, 0.0079506309703, -0.00902413390577, 0.0252457894385, -0.0104464348406, 0.00275118160062, -0.00206711445935, 0.00392139516771, -0.00111905590165], [0.000312640360789, -0.00547261210158, 0.0027784013655, -0.00599947944283, 0.00416006846353, -0.00287903379649, 0.00718387681991, -0.0104464348406, 0.0202190708369, -0.010889752768, 0.0052479901351, 0.000364844221622, 0.00330562447198], [-0.000484493706608, 0.00672377971932, -0.0012688288698, 0.00932630524039, -0.00437388336286, 0.00490186037496, -0.00392280891538, 0.00275118160062, -0.010889752768, 0.0259988699108, -0.00969137158245, 0.00402869144455, -0.00260285637341], [0.000599592109211, -0.00783610995859, 0.000741790281609, -0.007575803902, 0.00571739394218, -0.00592574849725, 0.00194175634533, -0.00206711445935, 0.0052479901351, -0.00969137158245, 0.0265789702535, -0.00987906660885, 0.0037390710786], [-0.000172420433955, 0.00749933067709, -0.00229009450413, 0.00588994007558, -0.00462285289541, 0.00726369209588, -0.00126004230697, 0.00392139516771, 0.000364844221622, 0.00402869144455, -0.00987906660885, 0.0291828904301, -0.0083984406665], [0.000307970767608, -0.00464262627065, 0.0025574027095, -0.00576729467139, 0.000144463949255, -0.00257738051005, 0.00392529508099, -0.00111905590165, 0.00330562447198, -0.00260285637341, 0.0037390710786, -0.0083984406665, 0.0205769203603]]
    },
    "melbands": {
        "dmean": [0.00206348882057, 0.00245460355654, 0.000881821732037, 0.00042849991587, 0.000301793625113, 0.000255136663327, 0.0001722513407, 0.000278273655567, 0.000248169759288, 0.00011148222984, 7.29128078092e-05, 7.63118223404e-05, 6.46888584015e-05, 4.89898447995e-05, 4.67477548227e-05, 4.82640352857e-05, 3.88474181818e-05, 4.13792949985e-05, 3.72489157598e-05, 2.73934638244e-05, 2.82576584141e-05, 2.14095925912e-05, 1.2815296941e-05, 8.47424144013e-06, 1.08196027213e-05, 9.05571596377e-06, 1.092463026e-05, 8.61045100464e-06, 5.36861170986e-06, 4.68659936814e-06, 3.6976937281e-06, 2.78381139651e-06, 2.51532014772e-06, 2.55226268564e-06, 2.16851094592e-06, 1.69658483173e-06, 1.3710272242e-06, 1.06181164483e-06, 8.4796459987e-07, 7.15279895758e-07],
        "dmean2": [0.00354748149402, 0.00433794595301, 0.0014931911137, 0.000717999530025, 0.000509157776833, 0.000416867464082, 0.000291017378913, 0.000449843122624, 0.000411980203353, 0.0001878257317, 0.000120152471936, 0.000125305625261, 0.000105861472548, 8.0049612734e-05, 7.68279205658e-05, 7.74674845161e-05, 6.34179596091e-05, 6.63199825794e-05, 6.34371826891e-05, 4.57113710581e-05, 4.64987642772e-05, 3.53419272869e-05, 2.13255680137e-05, 1.37972083394e-05, 1.79845937964e-05, 1.48863855429e-05, 1.80346705747e-05, 1.46092261275e-05, 8.95265111467e-06, 7.68568679632e-06, 5.79594734518e-06, 4.11042674386e-06, 3.83161432183e-06, 4.04767661166e-06, 3.35208210345e-06, 2.54481892625e-06, 2.16056514546e-06, 1.56827718456e-06, 1.26207964968e-06, 1.03982426936e-06],
        "dvar": [1.85026656254e-05, 2.61588738795e-05, 1.44340231145e-06, 3.03968903381e-07, 2.68528140168e-07, 3.72107194835e-07, 1.71101774527e-07, 2.80394431229e-07, 2.54288522683e-07, 8.02067248173e-08, 1.64111852996e-08, 2.03674215271e-08, 1.20038912144e-08, 7.63176188912e-09, 8.1568547472e-09, 7.54527818003e-09, 8.48475512072e-09, 7.7327451109e-09, 4.73669281575e-09, 2.97699753737e-09, 3.12225489907e-09, 1.21998100511e-09, 4.54608017897e-10, 2.45100439944e-10, 1.02413666436e-09, 2.87777329744e-10, 2.3866159049e-10, 1.77740017149e-10, 7.76196260044e-11, 5.61284144163e-11, 5.58873641809e-11, 2.87858018672e-11, 2.49526302398e-11, 7.30828522699e-11, 3.96290673887e-11, 1.92473034039e-11, 1.67780945387e-11, 3.63984103274e-12, 2.04377638945e-12, 1.43396828699e-12],
        "dvar2": [4.93756160722e-05, 7.5258059951e-05, 4.24770723839e-06, 8.28633460515e-07, 7.18745752692e-07, 9.31927900183e-07, 4.41832355591e-07, 7.11076836524e-07, 6.55378187275e-07, 2.06641317391e-07, 4.20733421436e-08, 5.36136681717e-08, 3.0405068685e-08, 1.99213854302e-08, 1.95801632685e-08, 1.813121564e-08, 2.31844516918e-08, 1.89512139315e-08, 1.19035696855e-08, 7.58524620892e-09, 8.29939672542e-09, 3.20001203313e-09, 1.19298093626e-09, 5.67860536371e-10, 2.10796646805e-09, 6.49870879332e-10, 6.22924767324e-10, 4.85901707759e-10, 1.9219480174e-10, 1.41319872471e-10, 1.24517618438e-10, 5.87104531657e-11, 5.37843658499e-11, 1.91874960365e-10, 9.6625658863e-11, 3.87705388627e-11, 4.07418751514e-11, 7.58046143218e-12, 5.10113219027e-12, 3.12332147992e-12],
        "max": [0.034941919148, 0.0412823669612, 0.0121976090595, 0.00547987082973, 0.00485163880512, 0.00715728104115, 0.00471866177395, 0.00631300732493, 0.00533376121894, 0.00345419067889, 0.00190290820319, 0.00189579452854, 0.00234284391627, 0.0013109940337, 0.00210909661837, 0.001069460297, 0.00162184145302, 0.00168318860233, 0.000771012331825, 0.000689555425197, 0.000810596393421, 0.000397850497393, 0.00026237743441, 0.000328442081809, 0.000792085716967, 0.00025666487636, 0.000174489119672, 0.000167883263202, 9.1535570391e-05, 7.72512285039e-05, 0.000135491311084, 6.76196214044e-05, 8.40123466332e-05, 0.000208845332963, 0.000126294369693, 0.000108793050458, 0.000123815960251, 4.48382961622e-05, 2.74307985819e-05, 2.52724876191e-05],
        "mean": [0.00290212105028, 0.00361992488615, 0.00143004267011, 0.000702757271938, 0.000424265948823, 0.000326729787048, 0.000211716644117, 0.000338958052453, 0.000294936675346, 0.000131779539515, 0.000113391739433, 0.000114709677291, 0.000107785665023, 8.5357169155e-05, 7.60572002036e-05, 7.70972546889e-05, 5.9170757595e-05, 6.10906790826e-05, 6.14840755588e-05, 4.68957332487e-05, 5.10325808136e-05, 3.96523137169e-05, 2.32753445744e-05, 1.39535886774e-05, 1.54675290105e-05, 1.55239049491e-05, 2.21664158744e-05, 1.73206553882e-05, 9.73714395514e-06, 9.4191145763e-06, 7.36055335437e-06, 5.18102297065e-06, 4.35048923464e-06, 4.14255828218e-06, 3.74118803848e-06, 3.32736271957e-06, 2.78192760561e-06, 2.12996110349e-06, 1.66558163528e-06, 1.4114550595e-06],
        "median": [0.00197498057969, 0.00272293854505, 0.00115493056364, 0.000503697490785, 0.000236500694882, 0.000158714785357, 9.53482303885e-05, 8.79742947291e-05, 6.99876400176e-05, 5.685110591e-05, 6.46298794891e-05, 6.25739994575e-05, 5.82890461374e-05, 5.38334606972e-05, 4.6047854994e-05, 3.92300535168e-05, 2.15561249206e-05, 3.01042946376e-05, 2.88809842459e-05, 1.7937978555e-05, 2.12155700865e-05, 1.89968341147e-05, 1.42966700878e-05, 8.35287755763e-06, 7.86564487498e-06, 9.82915571512e-06, 1.55308825924e-05, 1.23196641653e-05, 6.65261813992e-06, 6.12383610132e-06, 3.87767977372e-06, 2.27119699048e-06, 2.07280982067e-06, 1.89616218904e-06, 1.64690857218e-06, 1.55151542458e-06, 1.36920527893e-06, 1.13031285309e-06, 8.84575911186e-07, 7.18550495549e-07],
        "min": [8.26048174307e-10, 8.55705950542e-10, 4.68885541505e-10, 1.64033356342e-10, 1.16126927519e-10, 4.89165166706e-11, 2.01639781261e-11, 8.79882278149e-12, 2.09880220842e-11, 2.01965336816e-11, 1.6053129312e-11, 1.20310584412e-11, 1.21423600341e-11, 1.5784424115e-11, 1.6312154752e-11, 7.76084405074e-12, 2.97756502614e-12, 4.08832299612e-12, 1.81291646192e-12, 2.10308745245e-12, 1.45487625853e-12, 2.05986811809e-12, 1.41821493785e-12, 7.12810398814e-13, 1.55494009595e-12, 1.58479121753e-12, 1.67840134152e-12, 9.55488943175e-13, 7.9452465657e-13, 4.67466451833e-13, 1.39588373412e-13, 6.36659846479e-14, 7.96934743132e-14, 1.97767231194e-13, 6.6221382761e-13, 9.74933675457e-13, 4.80901614103e-13, 5.54138386653e-13, 8.62256704297e-14, 1.79482622341e-13],
        "var": [1.579633863e-05, 1.91086528503e-05, 1.59765545504e-06, 4.79235040984e-07, 3.15216311719e-07, 3.67786441302e-07, 1.69448256315e-07, 3.77704878929e-07, 3.03308667071e-07, 7.62060849979e-08, 2.61357406828e-08, 3.12880032993e-08, 2.65015440704e-08, 1.37677362844e-08, 1.21654855079e-08, 1.37404176925e-08, 1.21841097211e-08, 1.09058673203e-08, 8.82426665072e-09, 5.11621500721e-09, 6.73317268607e-09, 2.71966271725e-09, 7.91883669748e-10, 4.22739315775e-10, 1.33760558185e-09, 4.35960628709e-10, 5.7416460475e-10, 3.64839242151e-10, 1.22866924968e-10, 1.19107418373e-10, 1.22936161251e-10, 6.51633400017e-11, 4.54200184408e-11, 6.86124768112e-11, 5.91014945317e-11, 6.12366130026e-11, 5.18574037878e-11, 1.36978943813e-11, 5.22434222619e-12, 3.9263284464e-12]
    },
    "mfcc": {
        "mean": [-607.134338379, 108.298858643, 6.22264051437, 26.1266460419, 10.8241567612, 13.7454109192, 10.2844572067, 5.59471130371, 4.24509191513, 5.23787403107, -3.90445256233, 3.07737874985, 2.71129393578],
        "cov": [[7264.76953125, -477.882843018, -344.990020752, -97.0538024902, -195.659973145, -69.9363555908, -135.871932983, -58.3033561707, 136.877182007, 135.125198364, 51.5152816772, 16.9897937775, 24.8107795715], [-477.882843018, 600.003601074, -42.436832428, 6.46138715744, 28.172039032, -34.9618873596, 0.125246405602, -36.4108695984, -19.4818744659, -16.2298698425, -12.1497135162, 21.5426177979, 8.81580734253], [-344.990020752, -42.436832428, 280.939025879, 29.9178504944, 50.7159729004, 5.86118459702, 14.6994695663, 4.58112668991, -43.4240684509, -36.2012214661, 0.739160478115, -10.9095716476, -26.3231067657], [-97.0538024902, 6.46138715744, 29.9178504944, 176.726028442, 58.7999153137, -24.1355991364, -18.5706577301, 8.68458175659, -2.10753250122, -17.2973079681, -37.6772422791, -2.19614458084, 19.369512558], [-195.659973145, 28.172039032, 50.7159729004, 58.7999153137, 131.825759888, -5.66148805618, -17.4446372986, -7.01027202606, -0.634039163589, -18.1211738586, -29.5402317047, -3.00876116753, 6.25154209137], [-69.9363555908, -34.9618873596, 5.86118459702, -24.1355991364, -5.66148805618, 103.113555908, 57.1882362366, 17.2057514191, -12.9807300568, -3.77046179771, 5.61564445496, -20.170583725, -26.9141921997], [-135.871932983, 0.125246405602, 14.6994695663, -18.5706577301, -17.4446372986, 57.1882362366, 150.05847168, 35.8127593994, -18.5608901978, -15.9553442001, -0.680363357067, -11.7202272415, -29.2915267944], [-58.3033561707, -36.4108695984, 4.58112668991, 8.68458175659, -7.01027202606, 17.2057514191, 35.8127593994, 68.8399429321, 2.19149231911, -6.05614233017, 3.22290539742, -3.33233046532, -11.5258979797], [136.877182007, -19.4818744659, -43.4240684509, -2.10753250122, -0.634039163589, -12.9807300568, -18.5608901978, 2.19149231911, 81.9874801636, 31.974527359, -6.94177532196, 11.3121376038, 23.7757225037], [135.125198364, -16.2298698425, -36.2012214661, -17.2973079681, -18.1211738586, -3.77046179771, -15.9553442001, -6.05614233017, 31.974527359, 76.6273498535, 28.9021072388, 12.4115476608, 8.34153652191], [51.5152816772, -12.1497135162, 0.739160478115, -37.6772422791, -29.5402317047, 5.61564445496, -0.680363357067, 3.22290539742, -6.94177532196, 28.9021072388, 89.3971099854, 13.1347732544, -15.0296611786], [16.9897937775, 21.5426177979, -10.9095716476, -2.19614458084, -3.00876116753, -20.170583725, -11.7202272415, -3.33233046532, 11.3121376038, 12.4115476608, 13.1347732544, 52.533531189, 25.6461582184], [24.8107795715, 8.81580734253, -26.3231067657, 19.369512558, 6.25154209137, -26.9141921997, -29.2915267944, -11.5258979797, 23.7757225037, 8.34153652191, -15.0296611786, 25.6461582184, 67.7439651489]],
