{
"lowlevel": {
    "average_loudness": 0.84014737606,
    "barkbands_crest": {
        "dmean": 3.44281816483,
        "dmean2": 5.40256214142,
        "dvar": 14.1577301025,
        "dvar2": 32.8968238831,
        "max": 26.9191455841,
        "mean": 14.5472698212,
        "median": 13.7854776382,
        "min": 2.44798636436,
        "var": 42.4619941711
    },
    "barkbands_flatness_db": {
        "dmean": 0.0470882169902,
        "dmean2": 0.0658127367496,
        "dvar": 0.00277126510628,
        "dvar2": 0.00522497529164,
        "max": 0.586653351784,
        "mean": 0.277317672968,
        "median": 0.282721489668,
        "min": 0.0328735150397,
        "var": 0.0150384074077
    },
    "barkbands_kurtosis": {
        "dmean": 29.8112602234,
        "dmean2": 45.7393684387,
        "dvar": 6560.96435547,
        "dvar2": 11448.1513672,
        "max": 1446.32775879,
        "mean": 47.2573280334,
        "median": 8.91916465759,
        "min": -1.96133208275,
        "var": 18664.8164062
    },
    "barkbands_skewness": {
        "dmean": 1.82958078384,
        "dmean2": 2.65741682053,
        "dvar": 6.34551715851,
        "dvar2": 11.1893510818,
        "max": 35.2634849548,
        "mean": 2.11909866333,
        "median": 1.63722491264,
        "min": -14.0566711426,
        "var": 24.5037918091
    },
    "barkbands_spread": {
        "dmean": 10.1309366226,
        "dmean2": 16.9492950439,
        "dvar": 281.437255859,
        "dvar2": 720.098144531,
        "max": 116.109580994,
        "mean": 16.8430271149,
        "median": 9.40201568604,
        "min": 0.0821633562446,
        "var": 443.394378662
    },
    "dissonance": {
        "dmean": 0.0369277410209,
        "dmean2": 0.056192766875,
        "dvar": 0.0021248573903,
        "dvar2": 0.00460033304989,
        "max": 0.5,
        "mean": 0.415342003107,
        "median": 0.443062841892,
        "min": 0.0886078104377,
        "var": 0.00769371446222
    },
    "dynamic_complexity": 7.76668310165,
    "erbbands_crest": {
        "dmean": 3.36909794807,
        "dmean2": 5.29208421707,
        "dvar": 11.4424495697,
        "dvar2": 25.8039016724,
        "max": 32.0519294739,
        "mean": 13.1566610336,
        "median": 12.015917778,
        "min": 2.70246982574,
        "var": 37.8731231689
    },
    "erbbands_flatness_db": {
        "dmean": 0.0383123755455,
        "dmean2": 0.0540468730032,
        "dvar": 0.00192466389854,
        "dvar2": 0.00351950502954,
        "max": 0.579151213169,
        "mean": 0.277492672205,
        "median": 0.266064941883,
        "min": 0.0732033923268,
        "var": 0.00883371382952
    },
    "erbbands_kurtosis": {
        "dmean": 8.54743480682,
        "dmean2": 13.9076747894,
        "dvar": 427.750152588,
        "dvar2": 883.466491699,
        "max": 305.47454834,
        "mean": 11.8277664185,
        "median": 2.77537250519,
        "min": -1.94297730923,
        "var": 953.012695312
    },
    "erbbands_skewness": {
        "dmean": 1.06497681141,
        "dmean2": 1.59885525703,
        "dvar": 2.16530942917,
        "dvar2": 4.21981859207,
        "max": 13.4699001312,
        "mean": 0.986892998219,
        "median": 0.620947897434,
        "min": -7.42361831665,
        "var": 6.9105553627
    },
    "erbbands_spread": {
        "dmean": 13.9031362534,
        "dmean2": 22.7124042511,
        "dvar": 411.652801514,
        "dvar2": 1053.46887207,
        "max": 145.53276062,
        "mean": 27.2129173279,
        "median": 20.4139156342,
        "min": 0.643785119057,
        "var": 591.256164551
    },
    "hfc": {
        "dmean": 31.7870903015,
        "dmean2": 40.9979324341,
        "dvar": 14383.1582031,
        "dvar2": 22920.4394531,
        "max": 2972.82861328,
        "mean": 60.0894584656,
        "median": 5.68266296387,
        "min": 3.21887018799e-05,
        "var": 50936.8789062
    },
    "melbands_crest": {
        "dmean": 4.10664701462,
        "dmean2": 6.38568592072,
        "dvar": 21.6030826569,
        "dvar2": 48.7965888977,
        "max": 39.0217475891,
        "mean": 17.012134552,
        "median": 16.7329063416,
        "min": 2.10924553871,
        "var": 68.5328063965
    },
    "melbands_flatness_db": {
        "dmean": 0.0519697107375,
        "dmean2": 0.0717244073749,
        "dvar": 0.00369340321049,
        "dvar2": 0.0065552406013,
        "max": 0.622486829758,
        "mean": 0.261067956686,
        "median": 0.274358958006,
        "min": 0.0132736889645,
        "var": 0.0204995740205
    },
    "melbands_kurtosis": {
        "dmean": 31.8316287994,
        "dmean2": 51.3389472961,
        "dvar": 4169.21972656,
        "dvar2": 9759.14453125,
        "max": 1030.42016602,
        "mean": 45.8090934753,
        "median": 12.847905159,
        "min": -1.96188485622,
        "var": 7821.25097656
    },
    "melbands_skewness": {
        "dmean": 1.84280574322,
        "dmean2": 2.79664969444,
        "dvar": 5.89255619049,
        "dvar2": 13.0018177032,
        "max": 24.0842113495,
        "mean": 2.86292648315,
        "median": 2.35295009613,
        "min": -7.81764507294,
        "var": 16.0504360199
    },
    "melbands_spread": {
        "dmean": 20.5153884888,
        "dmean2": 34.7018623352,
        "dvar": 1492.92822266,
        "dvar2": 3639.41625977,
        "max": 278.36050415,
        "mean": 33.1080932617,
        "median": 11.8947992325,
        "min": 0.234858512878,
        "var": 2128.90722656
    },
    "pitch_salience": {
        "dmean": 0.106897421181,
        "dmean2": 0.163295343518,
        "dvar": 0.0160566829145,
        "dvar2": 0.0342377200723,
        "max": 0.973973631859,
        "mean": 0.543527126312,
        "median": 0.578474938869,
        "min": 0.0257093571126,
        "var": 0.0494412705302
    },
    "silence_rate_20dB": {
        "dmean": 0,
        "dmean2": 0,
        "dvar": 0,
        "dvar2": 0,
        "max": 1,
        "mean": 1,
        "median": 1,
        "min": 1,
        "var": 0
    },
    "silence_rate_30dB": {
        "dmean": 0.0147058824077,
        "dmean2": 0.0294231511652,
        "dvar": 0.0144894029945,
        "dvar2": 0.0332029052079,
        "max": 1,
        "mean": 0.97601544857,
        "median": 1,
        "min": 0,
        "var": 0.023409890011
    },
    "silence_rate_60dB": {
        "dmean": 0.106811143458,
        "dmean2": 0.21370498836,
        "dvar": 0.0954040288925,
        "dvar2": 0.18507437408,
        "max": 1,
        "mean": 0.351257264614,
        "median": 0,
        "min": 0,
        "var": 0.227872595191
    },
    "spectral_centroid": {
        "dmean": 547.986572266,
        "dmean2": 765.490844727,
        "dvar": 896542.8125,
        "dvar2": 1362412.125,
        "max": 8921.91796875,
        "mean": 2054.47729492,
        "median": 1012.04614258,
        "min": 205.259460449,
        "var": 4197783
    },
    "spectral_complexity": {
        "dmean": 1.89473688602,
        "dmean2": 2.63801789284,
        "dvar": 9.96026515961,
        "dvar2": 16.2945365906,
        "max": 47,
        "mean": 4.56208896637,
        "median": 3,
        "min": 0,
        "var": 37.0397796631
    },
    "spectral_decrease": {
        "dmean": 1.47328615974e-09,
        "dmean2": 1.92657267917e-09,
        "dvar": 7.57313050268e-18,
        "dvar2": 1.44277553817e-17,
        "max": -1.14009931663e-14,
        "mean": -3.33464700297e-09,
        "median": -1.42940348447e-09,
        "min": -4.87240043867e-08,
        "var": 2.31927298971e-17
    },
    "spectral_energy": {
        "dmean": 0.00819485541433,
        "dmean2": 0.0107741076499,
        "dvar": 0.000277335522696,
        "dvar2": 0.000489172642119,
        "max": 0.342712193727,
        "mean": 0.0180360395461,
        "median": 0.00689244549721,
        "min": 6.36119565911e-08,
        "var": 0.00095386931207
    },
    "spectral_energyband_high": {
        "dmean": 0.00346278073266,
        "dmean2": 0.00449146609753,
        "dvar": 0.000196880442672,
        "dvar2": 0.000308844231768,
        "max": 0.342573016882,
        "mean": 0.00643456401303,
        "median": 0.000102166697616,
        "min": 2.49990095291e-09,
        "var": 0.000723001838196
    },
    "spectral_energyband_low": {
        "dmean": 1.17804684123e-05,
        "dmean2": 2.0736213628e-05,
        "dvar": 1.6592252905e-08,
        "dvar2": 4.60192417506e-08,
        "max": 0.0036305540707,
        "mean": 1.08355952761e-05,
        "median": 2.36260507336e-06,
        "min": 4.51931742029e-10,
        "var": 1.05331947609e-08
    },
    "spectral_energyband_middle_high": {
        "dmean": 0.00167109130416,
        "dmean2": 0.00214099930599,
        "dvar": 2.65465223492e-05,
        "dvar2": 3.98762094846e-05,
        "max": 0.115029729903,
        "mean": 0.00278491596691,
        "median": 0.000188020407222,
        "min": 1.49881040912e-09,
        "var": 7.37342634238e-05
    },
    "spectral_energyband_middle_low": {
        "dmean": 0.00417635031044,
        "dmean2": 0.00553019484505,
        "dvar": 8.65639813128e-05,
        "dvar2": 0.000174576460267,
        "max": 0.172604784369,
        "mean": 0.00890819355845,
        "median": 0.00211884151213,
        "min": 3.05131786504e-09,
        "var": 0.000226710588322
    },
    "spectral_entropy": {
        "dmean": 0.407955497503,
        "dmean2": 0.55836892128,
        "dvar": 0.300836801529,
        "dvar2": 0.486526042223,
        "max": 8.79953098297,
        "mean": 7.06714725494,
        "median": 7.20206546783,
        "min": 3.52470588684,
        "var": 1.46965301037
    },
    "spectral_flux": {
        "dmean": 0.0259860865772,
        "dmean2": 0.0390952341259,
        "dvar": 0.00113573623821,
        "dvar2": 0.00233171088621,
        "max": 0.444135755301,
        "mean": 0.0640042126179,
        "median": 0.0426561906934,
        "min": 0.000172463318449,
        "var": 0.00431954907253
    },
    "spectral_kurtosis": {
        "dmean": 2.91556930542,
        "dmean2": 4.47779130936,
        "dvar": 21.6566104889,
        "dvar2": 49.5567398071,
        "max": 52.6407661438,
        "mean": 5.07790565491,
        "median": 3.02453613281,
        "min": -1.45711863041,
        "var": 46.6506881714
    },
    "spectral_rms": {
        "dmean": 0.000906786939595,
        "dmean2": 0.0011329249246,
        "dvar": 1.44911871303e-06,
        "dvar2": 2.34667686527e-06,
        "max": 0.0182853322476,
        "mean": 0.00315719400533,
        "median": 0.00259313266724,
        "min": 7.87784574641e-06,
        "var": 7.62828904044e-06
    },
    "spectral_rolloff": {
        "dmean": 1060.18286133,
        "dmean2": 1784.71118164,
        "dvar": 4311347,
        "dvar2": 8219341,
        "max": 10422.0703125,
        "mean": 3114.71191406,
        "median": 990.52734375,
        "min": 21.533203125,
        "var": 11981551
    },
    "spectral_skewness": {
        "dmean": 0.462435871363,
        "dmean2": 0.651746690273,
        "dvar": 0.303184449673,
        "dvar2": 0.572634994984,
        "max": 6.18678760529,
        "mean": 1.53166520596,
        "median": 1.42784190178,
        "min": -1.03411829472,
        "var": 1.35881638527
    },
    "spectral_spread": {
        "dmean": 938154,
        "dmean2": 1421203.625,
        "dvar": 1.10321873715e+12,
        "dvar2": 2.42416222208e+12,
        "max": 13837309,
        "mean": 5055428,
        "median": 4768157.5,
        "min": 1219869.375,
        "var": 3.29929955738e+12
    },
    "spectral_strongpeak": {
        "dmean": 1.08008623123,
        "dmean2": 1.6369342804,
        "dvar": 6.41319465637,
        "dvar2": 14.0877189636,
        "max": 41.1750259399,
        "mean": 1.91609215736,
        "median": 0.798310279846,
        "min": 0,
        "var": 15.8871164322
    },
    "zerocrossingrate": {
        "dmean": 0.0288342926651,
        "dmean2": 0.0294299572706,
        "dvar": 0.00163914542645,
        "dvar2": 0.00150874012616,
        "max": 0.41650390625,
        "mean": 0.108153447509,
        "median": 0.0517578125,
        "min": 0,
        "var": 0.0120951943099
    },
    "barkbands": {
        "dmean": [1.6836818304e-06, 6.77656635162e-06, 3.18684783451e-06, 9.85021961242e-06, 0.00173228315543, 0.000822502188385, 0.000555039674509, 0.0012522386387, 0.000656369142234, 0.000621085288003, 0.000359500962077, 0.000364739680663, 0.000146009537275, 0.000129999258206, 0.000150055566337, 0.000109485452413, 7.26492726244e-05, 0.000100002536783, 0.000160168128787, 9.80998011073e-05, 7.78937610448e-05, 0.000367994303815, 0.00089859473519, 0.00181936018635, 0.000836918770801, 6.14335476712e-07, 8.82870054841e-10],
        "dmean2": [2.78182164948e-06, 1.21725715871e-05, 5.84574036111e-06, 1.32599388962e-05, 0.00213500997052, 0.00111813365947, 0.00086934043793, 0.00190859485883, 0.000976742245257, 0.000848108145874, 0.000544491340406, 0.000497722940054, 0.000228562304983, 0.000197626228328, 0.000228752425755, 0.000169627324794, 0.000107787062007, 0.000150895648403, 0.000233759754337, 0.000145442216308, 0.000118276002468, 0.000550189462956, 0.00130084424745, 0.00236455304548, 0.00126750697382, 9.01053965663e-07, 1.61619884143e-09],
        "dvar": [7.30836918761e-11, 8.99778473951e-09, 9.27744103763e-10, 3.38972117042e-09, 1.61534117069e-05, 8.03275906947e-06, 8.94950335351e-06, 3.2460084185e-05, 1.52775101014e-05, 1.02985877675e-05, 3.30938314619e-06, 3.730797971e-06, 1.1612793287e-06, 4.91678974868e-07, 6.09489063663e-07, 2.77676491578e-07, 1.41370421147e-07, 1.35691237801e-07, 3.43909420053e-07, 1.36944478868e-07, 7.62875984606e-08, 2.55497798207e-06, 1.5429506675e-05, 6.01543106313e-05, 2.67804407486e-05, 1.3298160316e-11, 5.28424109764e-18],
        "dvar2": [1.99001773393e-10, 2.47634837081e-08, 2.68429967143e-09, 4.34423075291e-09, 2.31546819123e-05, 1.29338632178e-05, 2.11211445276e-05, 7.31343825464e-05, 3.40292899637e-05, 1.84709224413e-05, 7.38463677408e-06, 6.49109188089e-06, 2.90513094114e-06, 1.09279812932e-06, 1.38419636642e-06, 6.87350905082e-07, 2.70425459803e-07, 3.0014115282e-07, 7.48270338136e-07, 3.11962338628e-07, 1.82646189728e-07, 5.51028188056e-06, 3.66887179553e-05, 9.56965523073e-05, 6.08229383943e-05, 2.60489286391e-11, 1.62455724589e-17],
        "max": [0.000321842846461, 0.002558094915, 0.000937287288252, 0.00343111087568, 0.126282274723, 0.0650384351611, 0.0571761056781, 0.125778406858, 0.126016095281, 0.0921941846609, 0.03574898839, 0.0611595138907, 0.0364993475378, 0.0176854524761, 0.0166639406234, 0.0121111134067, 0.0125133544207, 0.00733889359981, 0.0128472801298, 0.00744216144085, 0.00522379903123, 0.0562649220228, 0.116934388876, 0.198613375425, 0.156895279884, 0.000113990048703, 3.90079542001e-08],
        "mean": [8.74380657478e-06, 4.46680587629e-06, 2.17728324969e-06, 1.9836703359e-05, 0.00457473099232, 0.00142649875488, 0.000629978138022, 0.00142036029138, 0.000660019984934, 0.000867128837854, 0.000376655574655, 0.000533894286491, 0.000145978396176, 0.000146596314153, 0.000166448124219, 0.000119337943033, 8.85840054252e-05, 0.000123386198538, 0.000218677872908, 0.00013276138634, 0.000103758407931, 0.000571858603507, 0.00141443277244, 0.0031179417856, 0.00116098881699, 7.84168548762e-07, 1.03736863544e-09],
        "median": [5.72074077354e-06, 1.23638699279e-07, 1.29765325596e-07, 1.31183739427e-07, 0.00061147561064, 1.1888156223e-05, 3.68083351532e-06, 1.39391177072e-05, 3.56151394953e-06, 4.9793393373e-06, 4.83801431983e-06, 3.42933276443e-06, 1.57013710123e-06, 3.03935257762e-06, 5.129721103e-06, 3.9583724174e-06, 3.60855960935e-06, 5.91238585912e-06, 1.43475454024e-05, 1.22516221381e-05, 7.2118746175e-06, 1.82598842002e-06, 6.90178194418e-06, 3.4135140595e-05, 1.1023927982e-05, 6.82882683734e-09, 4.30250585159e-10],
        "min": [5.38011302176e-11, 3.35370758942e-10, 4.81074624581e-11, 3.39894987156e-11, 4.00251984334e-11, 1.24550716962e-10, 2.65066635308e-10, 2.81011408587e-10, 8.33418473123e-11, 1.61928206954e-10, 4.16662017388e-11, 3.34609701058e-11, 9.18306541919e-11, 5.82393716586e-11, 1.09709595575e-10, 8.83675008168e-11, 1.3867347548e-10, 4.37858395375e-11, 8.63554158737e-11, 9.48512726695e-11, 1.18522067161e-10, 1.38413530637e-10, 3.4671637783e-10, 7.49128203914e-10, 4.42802045031e-10, 1.05771155723e-10, 1.33540373204e-10],
        "var": [1.27380259118e-10, 5.67654501182e-09, 5.22340115605e-10, 3.58810190448e-08, 8.01829446573e-05, 2.006518298e-05, 1.0277551155e-05, 3.76352691092e-05, 1.6242491256e-05, 1.93261203094e-05, 3.88086937164e-06, 8.88901922735e-06, 1.09678819626e-06, 6.58000601561e-07, 8.49736977671e-07, 2.86068200239e-07, 2.04573936458e-07, 2.05372415962e-07, 7.78993978656e-07, 2.76732720295e-07, 1.27592784338e-07, 6.07196216151e-06, 3.80177370971e-05, 0.000209654142964, 4.33260865975e-05, 2.36985292501e-11, 4.60181833305e-18]
    },
    "erbbands": {
        "dmean": [0.000189174388652, 0.00154143257532, 0.00390717666596, 0.02174712345, 0.630174219608, 7.08023691177, 12.5861282349, 4.88404035568, 5.50969266891, 16.1852226257, 26.0724010468, 15.2309083939, 15.931139946, 18.1682109833, 14.7191123962, 12.8670549393, 6.94449710846, 5.51062488556, 5.6562962532, 8.77574443817, 5.43655490875, 4.23787546158, 4.36523199081, 8.37145328522, 6.62200593948, 4.64534473419, 2.93052840233, 4.28035783768, 11.7462558746, 19.4908790588, 24.7742347717, 36.2594795227, 33.0167236328, 15.9947404861, 1.26010036469, 0.0543467216194, 0.00255443667993, 0.000308303860947, 6.74919574521e-05, 2.99986350001e-05],
        "dmean2": [0.0003327098093, 0.00277535687201, 0.00705189397559, 0.0274901017547, 0.752032279968, 8.56642436981, 15.9188251495, 6.79086494446, 8.700548172, 24.4581985474, 39.3085823059, 22.1498584747, 21.9246673584, 24.1433086395, 19.7668991089, 17.4602165222, 10.5896921158, 8.18027305603, 8.24151039124, 13.2854604721, 8.11876487732, 6.03311729431, 6.39472770691, 12.5147638321, 9.72094917297, 6.93717765808, 4.49185991287, 6.52421331406, 17.488161087, 28.970500946, 35.6139526367, 47.9152297974, 43.4715614319, 23.335313797, 1.87700212002, 0.0802506506443, 0.00356169929728, 0.00041681129369, 8.86946436367e-05, 3.91253743146e-05],
        "dvar": [7.92047376308e-06, 0.000466891069664, 0.0017496367218, 0.00632792012766, 3.90997409821, 277.350097656, 834.742248535, 639.439941406, 1073.84130859, 6267.49023438, 13601.0849609, 9451.5625, 9221.56640625, 6546.82763672, 5040.67431641, 4084.91015625, 2378.6105957, 880.846740723, 733.698730469, 1843.48815918, 804.832763672, 550.14465332, 239.759719849, 942.485656738, 882.552429199, 331.21484375, 94.0816345215, 313.192352295, 2740.36303711, 5436.58984375, 10331.6357422, 24329.2070312, 25429.6425781, 8557.82226562, 53.3615760803, 0.097735516727, 0.000190076127183, 2.44296347773e-06, 9.80348673352e-08, 1.2419699047e-08],
        "dvar2": [2.09627451113e-05, 0.00131870561745, 0.00510420231149, 0.00853040255606, 6.22888660431, 359.619262695, 1337.24316406, 1089.03137207, 2712.92480469, 15265.5673828, 26225.1054688, 22716.9316406, 19125.1171875, 12512.9511719, 9213.03222656, 8132.39648438, 5802.20361328, 1830.4095459, 1615.49597168, 4145.19677734, 2016.04980469, 1218.09301758, 509.129608154, 2065.0324707, 2066.75195312, 780.042053223, 220.375045776, 716.471496582, 5848.67138672, 11586.9550781, 20461.7539062, 39308.203125, 43976.7382812, 17922.7675781, 100.63130188, 0.184494644403, 0.00035138631938, 4.38853749074e-06, 1.69946972051e-07, 2.07341699365e-08],
        "max": [0.100321359932, 0.649334728718, 1.33352863789, 4.05589056015, 40.8601226807, 420.714447021, 756.93145752, 790.649047852, 868.710693359, 2407.57543945, 2082.6965332, 3461.30249023, 3241.43237305, 1849.82739258, 1799.32873535, 1968.76074219, 1570.1628418, 804.336425781, 717.040405273, 995.415344238, 792.966552734, 879.573791504, 317.879150391, 495.200958252, 1026.27111816, 368.390991211, 215.300094604, 346.250396729, 1856.50231934, 1831.38037109, 2661.15014648, 5056.76708984, 4742.25488281, 2867.91040039, 201.586807251, 8.59849357605, 0.386725157499, 0.0438653863966, 0.00843155011535, 0.00278014410287],
        "mean": [0.000153976958245, 0.00106228096411, 0.0035734619014, 0.0503611750901, 1.4312441349, 18.3440513611, 29.328042984, 7.68805217743, 6.06705999374, 18.0669002533, 31.0154094696, 16.0828113556, 21.3309440613, 23.652551651, 19.8032932281, 18.2366199493, 7.77480506897, 6.60221242905, 6.94323301315, 9.78552913666, 6.35832548141, 5.12975120544, 5.6800031662, 10.7423067093, 9.73593902588, 6.30202054977, 4.05555772781, 5.84131193161, 17.4558696747, 31.3993644714, 40.781867981, 59.6747169495, 53.6235656738, 24.0106506348, 1.89955079556, 0.0828658342361, 0.00412766356021, 0.00051902490668, 0.000119647818792, 5.82937063882e-05],
        "median": [2.98646536976e-05, 8.47244737088e-05, 0.000628656358458, 0.00536227831617, 0.0953653380275, 2.1943089962, 2.30733633041, 0.431025773287, 0.277972638607, 0.625684678555, 0.462379604578, 0.207552656531, 0.263617157936, 0.299001097679, 0.346504688263, 0.158380314708, 0.0871103927493, 0.137846469879, 0.252077579498, 0.311145603657, 0.234051272273, 0.222900792956, 0.289314389229, 0.693535327911, 0.650857508183, 0.601983547211, 0.382150411606, 0.218672454357, 0.08356153965, 0.0685654655099, 0.259874641895, 0.626370489597, 0.501825332642, 0.229974478483, 0.0201760474592, 0.00089057412697, 5.46009396203e-05, 8.12538291939e-06, 7.36725314709e-06, 1.07264195321e-05],
        "min": [1.25647652283e-08, 5.70039340175e-08, 7.21225958955e-08, 9.22285678939e-08, 1.02183300044e-07, 1.67883470681e-07, 2.06018611948e-07, 1.82483893241e-06, 3.52911456503e-06, 4.76443210573e-06, 3.7116283238e-06, 2.09877907764e-06, 5.55512951905e-06, 2.32537240663e-06, 1.79289850166e-06, 1.59372075359e-06, 4.40369512944e-06, 3.13554937748e-06, 5.56491659154e-06, 3.40121323461e-06, 5.66917242395e-06, 7.22806134945e-06, 3.24881807501e-06, 3.30342641064e-06, 4.37534845332e-06, 3.666168368e-06, 4.79268874187e-06, 4.71906923849e-06, 3.87129057344e-06, 8.05658964964e-06, 1.1319609257e-05, 1.25736323753e-05, 1.43536180985e-05, 7.6178753261e-06, 1.77293964043e-06, 3.66801600649e-07, 1.8349649622e-07, 6.94530442047e-08, 2.1389674032e-08, 2.8816669051e-09],
        "var": [5.43986197954e-06, 0.000276768289041, 0.000971174333245, 0.0613808855414, 16.7216415405, 1522.12219238, 3438.69873047, 1166.13867188, 1131.02416992, 6000.6875, 19978.5957031, 9258.8046875, 14091.5732422, 11271.9160156, 9594.484375, 9053.828125, 2513.56665039, 1407.40112305, 1000.578125, 2652.1484375, 863.656005859, 647.608581543, 395.571990967, 1524.62805176, 2055.20361328, 624.175720215, 175.43397522, 506.575927734, 5791.84765625, 17074.1953125, 31207.5234375, 74853.8515625, 78961.8984375, 16970.5976562, 113.108451843, 0.211013555527, 0.000457617541542, 6.49627281746e-06, 2.86136241812e-07, 4.01364417257e-08]
    },
    "gfcc": {
        "mean": [-188.068435669, 37.868473053, -132.346633911, 28.4019947052, -107.370948792, 1.54923081398, -64.7180328369, -0.341520905495, -28.5966663361, -20.4616184235, 4.04826116562, -17.3849773407, 13.9908666611],
        "cov": [[19477.921875, -471.315734863, -2886.4375, -1949.99230957, -1612.96008301, -595.906494141, -1246.27294922, 0.444586127996, -800.11529541, -461.806854248, 274.348114014, -629.799621582, 517.997619629], [-471.315734863, 7022.45507812, -214.182510376, -2349.36206055, 19.0466918945, -1679.67053223, -365.729034424, -600.048217773, -783.646118164, -669.737548828, 283.16506958, -571.341125488, 387.243988037], [-2886.4375, -214.182510376, 2086.29760742, 460.801849365, -275.802459717, -8.66969013214, -59.1586494446, -332.270263672, 67.2500610352, -16.5473747253, -53.3461456299, 107.390602112, -96.4086456299], [-1949.99230957, -2349.36206055, 460.801849365, 1940.74499512, 328.791809082, 400.91104126, 248.419754028, 189.983825684, 442.797119141, 242.399581909, -245.736190796, 314.774963379, -285.868438721], [-1612.96008301, 19.0466918945, -275.802459717, 328.791809082, 609.947753906, 165.812774658, 129.978469849, 110.196762085, 167.046905518, 83.4130706787, -78.5882339478, 48.9581756592, -69.4051055908], [-595.906494141, -1679.67053223, -8.66969013214, 400.91104126, 165.812774658, 930.034240723, 289.186035156, 118.289718628, 224.765579224, 263.849761963, -81.024269104, 111.876800537, -176.773910522], [-1246.27294922, -365.729034424, -59.1586494446, 248.419754028, 129.978469849, 289.186035156, 466.19708252, 115.723167419, 43.6987266541, 73.1910705566, 23.6344814301, 45.0752220154, -139.550140381], [0.444586127996, -600.048217773, -332.270263672, 189.983825684, 110.196762085, 118.289718628, 115.723167419, 378.81060791, 101.162826538, 82.1078948975, -23.3851490021, 54.3724708557, -47.7767333984], [-800.11529541, -783.646118164, 67.2500610352, 442.797119141, 167.046905518, 224.765579224, 43.6987266541, 101.162826538, 365.422302246, 151.371658325, -113.372215271, 100.765174866, -79.6901016235], [-461.806854248, -669.737548828, -16.5473747253, 242.399581909, 83.4130706787, 263.849761963, 73.1910705566, 82.1078948975, 151.371658325, 246.852218628, -39.9166488647, 51.909576416, -41.7258987427], [274.348114014, 283.16506958, -53.3461456299, -245.736190796, -78.5882339478, -81.024269104, 23.6344814301, -23.3851490021, -113.372215271, -39.9166488647, 181.962905884, -1.96955895424, 21.8721370697], [-629.799621582, -571.341125488, 107.390602112, 314.774963379, 48.9581756592, 111.876800537, 45.0752220154, 54.3724708557, 100.765174866, 51.909576416, -1.96955895424, 187.171203613, -1.89840519428], [517.997619629, 387.243988037, -96.4086456299, -285.868438721, -69.4051055908, -176.773910522, -139.550140381, -47.7767333984, -79.6901016235, -41.7258987427, 21.8721370697, -1.89840519428, 202.122512817]],
        "icov": [[0.000208399185794, 8.92195748747e-05, 0.000368053180864, -0.000114040463814, 0.000534517457709, -0.000155292305863, 0.000521031150129, 3.68733199139e-05, 6.65862535243e-05, 0.000346919085132, -0.000258766172919, 0.000634775205981, -0.000142746124766], [8.92195748747e-05, 0.000833889935166, 2.1738540454e-05, 0.000812198326457, -0.000701962388121, 0.00121575314552, -0.00033000233816, 0.000693019363098, 0.000291530363029, 0.000214166662772, 0.000248652184382, 0.00059094838798, 0.00022880648612], [0.000368053180864, 2.1738540454e-05, 0.00141139898915, -0.000465509772766, 0.00149941036943, -0.000384034181479, 0.00101777573582, 0.000697446579579, -2.61799905275e-05, 0.000566545466427, -0.000282243447145, 0.000523720693309, 0.000218582892558], [-0.000114040463814, 0.000812198326457, -0.000465509772766, 0.00245492672548, -0.00149434560444, 0.0019211221952, -0.00110244064126, 0.000687362975441, 0.000151432977873, -0.000796436914243, 0.00215964298695, -0.00227323453873, 0.00219484744594], [0.000534517457709, -0.000701962388121, 0.00149941036943, -0.00149434560444, 0.00471019232646, -0.00185758469161, 0.00152569124475, -0.000546261668205, -0.000835489889141, 0.000854984275065, -0.000603428459726, 0.00117859698366, -0.000582800304983], [-0.000155292305863, 0.00121575314552, -0.000384034181479, 0.0019211221952, -0.00185758469161, 0.00440220581368, -0.00210955832154, 0.00138849590439, 0.000326883804519, -0.00204105698504, 0.0019136054907, -0.00143041962292, 0.00217365287244], [0.000521031150129, -0.00033000233816, 0.00101777573582, -0.00110244064126, 0.00152569124475, -0.00210955832154, 0.0051789036952, -0.00101891928352, 0.000688099418767, 0.000909855822101, -0.00201552570798, 0.00129197759088, 0.000926248554606], [3.68733199139e-05, 0.000693019363098, 0.000697446579579, 0.000687362975441, -0.000546261668205, 0.00138849590439, -0.00101891928352, 0.00450833700597, -0.000249083997915, -0.000590333715081, 0.000683273130562, -0.000753093860112, 0.00097045651637], [6.65862535243e-05, 0.000291530363029, -2.61799905275e-05, 0.000151432977873, -0.000835489889141, 0.000326883804519, 0.000688099418767, -0.000249083997915, 0.00586665188894, -0.00202086265199, 0.00231675477698, -0.00175404408947, 0.00151636626106], [0.000346919085132, 0.000214166662772, 0.000566545466427, -0.000796436914243, 0.000854984275065, -0.00204105698504, 0.000909855822101, -0.000590333715081, -0.00202086265199, 0.00797439273447, -0.00172874797136, 0.00262103206478, -0.00209729350172], [-0.000258766172919, 0.000248652184382, -0.000282243447145, 0.00215964298695, -0.000603428459726, 0.0019136054907, -0.00201552570798, 0.000683273130562, 0.00231675477698, -0.00172874797136, 0.0099509768188, -0.00491572869942, 0.00277650495991], [0.000634775205981, 0.00059094838798, 0.000523720693309, -0.00227323453873, 0.00117859698366, -0.00143041962292, 0.00129197759088, -0.000753093860112, -0.00175404408947, 0.00262103206478, -0.00491572869942, 0.0133707616478, -0.00534956436604], [-0.000142746124766, 0.00022880648612, 0.000218582892558, 0.00219484744594, -0.000582800304983, 0.00217365287244, 0.000926248554606, 0.00097045651637, 0.00151636626106, -0.00209729350172, 0.00277650495991, -0.00534956436604, 0.0104674752802]]
    },
    "melbands": {
        "dmean": [1.83972338164e-06, 2.02801015803e-06, 9.17493889574e-06, 0.000233911574469, 0.000449541548733, 0.000116629496915, 9.2599868367e-05, 0.000202906579943, 0.000204263866181, 9.07281355467e-05, 8.27474796097e-05, 7.91515922174e-05, 4.92700273753e-05, 4.81577735627e-05, 2.19481062231e-05, 1.2648437405e-05, 1.08570193333e-05, 9.75631246547e-06, 1.26254617498e-05, 9.61929890764e-06, 6.3501306613e-06, 4.52464109912e-06, 3.67987968275e-06, 4.92116168971e-06, 7.36090669307e-06, 6.18156400378e-06, 3.83295855499e-06, 3.18255388265e-06, 2.0053089429e-06, 1.72066495452e-06, 2.84526731775e-06, 5.97305188421e-06, 9.43687791732e-06, 1.19229171105e-05, 1.20155500554e-05, 2.27146974794e-05, 2.33544906223e-05, 2.4606286388e-05, 2.20973597607e-05, 1.16064184112e-05],
        "dmean2": [3.27428710989e-06, 3.73687043975e-06, 1.22110677694e-05, 0.00028459742316, 0.000559293781407, 0.000162352444022, 0.000144550314872, 0.000306269881548, 0.000303691515001, 0.00013524897804, 0.000114325732284, 0.000103368933196, 6.9695408456e-05, 6.61600934109e-05, 3.37017918355e-05, 1.93712403416e-05, 1.66357403941e-05, 1.49713896462e-05, 1.91921080841e-05, 1.45501880979e-05, 9.90207081486e-06, 6.65822881274e-06, 5.32128160557e-06, 7.64633568906e-06, 1.11828567242e-05, 9.06452623894e-06, 5.69951725993e-06, 4.90389447805e-06, 3.14763587994e-06, 2.58076283899e-06, 4.47153661298e-06, 9.03137970454e-06, 1.42413828144e-05, 1.82451349247e-05, 1.75217919605e-05, 3.28440037265e-05, 3.20737126458e-05, 3.19348255289e-05, 3.22246123687e-05, 1.72660493263e-05],
        "dvar": [6.61580179528e-10, 6.27241369955e-10, 1.87588411471e-09, 3.1375020626e-07, 9.85143287835e-07, 2.81558982351e-07, 2.81426054016e-07, 9.59046019489e-07, 8.34098671021e-07, 4.10726016753e-07, 2.53691325725e-07, 1.27686945461e-07, 5.8875286868e-08, 7.58166081027e-08, 1.9027678988e-08, 5.71974512198e-09, 3.95561361444e-09, 2.7375803846e-09, 4.74131889305e-09, 1.84884574317e-09, 1.62959501449e-09, 7.5072453809e-10, 1.9409279739e-10, 3.75230568839e-10, 7.73384911668e-10, 6.99404423266e-10, 2.72182970606e-10, 1.77230910503e-10, 4.65576743824e-11, 3.90893949154e-11, 1.72444503121e-10, 7.90797927142e-10, 1.52968715472e-09, 2.21421836422e-09, 2.44480813372e-09, 1.7194798474e-08, 8.91794371682e-09, 1.36973445919e-08, 1.70283893652e-08, 4.72195971213e-09],
        "dvar2": [1.780750436e-09, 1.8169581395e-09, 2.668542054e-09, 4.0202004925e-07, 1.51589131292e-06, 4.69418836246e-07, 6.95902826919e-07, 2.37606377596e-06, 1.56449266342e-06, 9.81784864962e-07, 5.28006637524e-07, 2.35938301785e-07, 1.26932050648e-07, 1.50739253968e-07, 4.74765968761e-08, 1.29052333264e-08, 8.93075213781e-09, 6.55653487058e-09, 1.10321645153e-08, 4.21630019787e-09, 4.33530855659e-09, 1.68140867896e-09, 3.54761248156e-10, 8.69598781872e-10, 1.73648295743e-09, 1.58337054579e-09, 6.16264206332e-10, 4.42650194277e-10, 1.13572679039e-10, 9.43733216574e-11, 4.10430384123e-10, 1.68545744028e-09, 3.36586247762e-09, 5.01352159787e-09, 4.71876093755e-09, 3.71272292909e-08, 1.51896966116e-08, 2.18735074498e-08, 3.85636269584e-08, 9.60093160529e-09],
        "max": [0.000791087048128, 0.000796058156993, 0.00155596481636, 0.0150011256337, 0.030782757327, 0.0152486963198, 0.0117625957355, 0.0299847852439, 0.0205113235861, 0.0237297322601, 0.0170281641185, 0.00901667308062, 0.00524198589846, 0.00875898264349, 0.00405815569684, 0.00177105574403, 0.00165958923753, 0.00123996031471, 0.00150078244042, 0.00103056768421, 0.0012148412643, 0.00103442196269, 0.000361853657523, 0.000419913674705, 0.000448392325779, 0.000760013645049, 0.000559429347049, 0.000262980523985, 0.000127717445139, 0.000149436178617, 0.000294896395644, 0.00090709712822, 0.00132349738851, 0.00105985067785, 0.00111279368866, 0.00578301306814, 0.00187682360411, 0.00375836505555, 0.0035699242726, 0.00209608394653],
        "mean": [1.57855049565e-06, 1.34925903694e-06, 1.91637700482e-05, 0.000578001257963, 0.00111775076948, 0.00018199760234, 0.00010175359057, 0.000224712421186, 0.000239698114456, 9.10703165573e-05, 0.000110121101898, 0.000102432910353, 5.80893538427e-05, 6.84874248691e-05, 2.45876817644e-05, 1.37556826303e-05, 1.22862857097e-05, 1.10537084765e-05, 1.37204069688e-05, 1.01391078715e-05, 6.9922266448e-06, 5.21289712196e-06, 4.6604804993e-06, 5.9686253735e-06, 9.01439670997e-06, 8.36622621136e-06, 5.29707995156e-06, 3.95114238927e-06, 2.57755300481e-06, 2.23113511311e-06, 3.61747834177e-06, 8.21933554107e-06, 1.45509611684e-05, 1.85013068403e-05, 1.91220660781e-05, 3.49117217411e-05, 3.66857530025e-05, 3.97548465116e-05, 3.15685465466e-05, 1.65018973348e-05],
        "median": [3.5214461036e-07, 5.29188497467e-08, 1.08673098964e-07, 2.53547514149e-05, 0.000136782240588, 1.99118107957e-06, 8.34661420868e-07, 4.47026604888e-06, 1.66941481439e-06, 6.06462890573e-07, 9.01581188373e-07, 9.74214913185e-07, 9.57062070484e-07, 5.13947213676e-07, 2.16180438883e-07, 1.59839487424e-07, 2.48368792199e-07, 3.19249579661e-07, 3.96065246377e-07, 3.14965461712e-07, 2.29732691537e-07, 2.09449723343e-07, 2.08451695016e-07, 2.78112793239e-07, 5.13960685566e-07, 4.82091820686e-07, 3.75326266067e-07, 3.62035905255e-07, 2.30265086998e-07, 1.51276012161e-07, 8.83448763034e-08, 3.71984683056e-08, 2.19824514147e-08, 2.85260082222e-08, 8.66991882731e-08, 2.44068985467e-07, 3.96006839765e-07, 3.21238474044e-07, 2.62501117732e-07, 1.62254394809e-07],
        "min": [1.05309441722e-10, 5.46264006251e-11, 1.5756902727e-11, 1.02245035355e-11, 5.95284325305e-12, 2.42483567947e-11, 6.8402748743e-11, 5.16391304717e-11, 2.56580659497e-11, 1.26715729923e-11, 2.79444245521e-11, 9.42779361524e-12, 6.2481807922e-12, 4.28411299491e-12, 7.81553294305e-12, 7.40368270163e-12, 5.88121738809e-12, 8.18954279391e-12, 6.64485263688e-12, 3.87690010303e-12, 6.72048918252e-12, 7.78232426418e-12, 4.50920247322e-12, 1.90687006116e-12, 2.53057210603e-12, 4.03682642869e-12, 2.15365247337e-12, 2.67541436054e-12, 2.74101488035e-12, 4.14211113325e-12, 2.03855769071e-12, 1.83545344722e-12, 2.92719776369e-12, 4.41032496981e-12, 7.63484414579e-12, 4.97589990045e-12, 8.20134932189e-12, 1.17577336756e-11, 6.60739778863e-12, 6.59103067263e-12],
        "var": [4.38440228567e-10, 3.49401785282e-10, 1.37664386557e-08, 1.68574263171e-06, 4.5199935812e-06, 5.62745526622e-07, 3.09446022584e-07, 8.90743933724e-07, 1.25466726786e-06, 3.82988048386e-07, 3.9014196318e-07, 2.27817011478e-07, 8.13102332131e-08, 1.52731644221e-07, 2.14796234133e-08, 7.21883663957e-09, 5.4470015165e-09, 3.12743386743e-09, 6.40264552487e-09, 2.19880891272e-09, 1.43469669478e-09, 8.37813651788e-10, 3.32152527704e-10, 5.24638499311e-10, 1.12612363878e-09, 1.5360922534e-09, 6.02873140298e-10, 2.57623422595e-10, 7.46663980644e-11, 6.47614600835e-11, 2.37273034553e-10, 1.35415156866e-09, 4.23403623273e-09, 6.1078702096e-09, 6.6442931157e-09, 3.69005839218e-08, 2.68032849249e-08, 4.69910013123e-08, 2.87418995271e-08, 9.20104614721e-09]
    },
    "mfcc": {
        "mean": [-817.17010498, 45.9482002258, 11.0746459961, -6.51235198975, -7.23146057129, -28.9815673828, -8.00479030609, -13.9838342667, -15.465265274, -5.6763625145, -19.2412090302, -6.83196020126, -7.64256286621],
        "cov": [[16267.8193359, -806.563049316, -1970.93383789, -1658.33996582, -726.583435059, -1425.52209473, -213.346466064, -569.773498535, -544.872192383, 171.20501709, -647.274475098, -301.65625, -376.231719971], [-806.563049316, 6844.01611328, -1027.50769043, -1010.84326172, -530.718811035, -1443.92004395, 152.089523315, -958.919311523, -669.085449219, -444.28503418, -853.288208008, -56.716053009, -716.335449219], [-1970.93383789, -1027.50769043, 2041.10778809, 406.355255127, -34.1850204468, 414.46875, -255.009765625, 31.7907924652, -62.6461334229, -170.181106567, 109.454536438, -17.1648674011, 72.1056747437], [-1658.33996582, -1010.84326172, 406.355255127, 1348.82409668, 273.211425781, 265.960174561, -185.383728027, 268.909759521, 182.279296875, -93.8728561401, 219.919799805, 0.38293042779, 177.343460083], [-726.583435059, -530.718811035, -34.1850204468, 273.211425781, 503.300598145, 243.574737549, -135.968429565, 108.226982117, 185.882705688, 39.329662323, 111.887489319, 36.4202575684, 92.2961120605], [-1425.52209473, -1443.92004395, 414.46875, 265.960174561, 243.574737549, 968.193664551, 37.7751731873, 290.465087891, 252.832351685, 131.833404541, 345.430725098, 3.00300550461, 216.751480103], [-213.346466064, 152.089523315, -255.009765625, -185.383728027, -135.968429565, 37.7751731873, 434.090209961, 90.3701782227, -29.0321216583, 71.4206390381, 46.5962638855, 12.2394599915, 8.87415504456], [-569.773498535, -958.919311523, 31.7907924652, 268.909759521, 108.226982117, 290.465087891, 90.3701782227, 421.903961182, 150.231063843, 89.2161026001, 211.985214233, 28.0669193268, 158.994476318], [-544.872192383, -669.085449219, -62.6461334229, 182.279296875, 185.882705688, 252.832351685, -29.0321216583, 150.231063843, 354.425354004, 120.134735107, 139.515258789, 42.8921508789, 125.362915039], [171.20501709, -444.28503418, -170.181106567, -93.8728561401, 39.329662323, 131.833404541, 71.4206390381, 89.2161026001, 120.134735107, 252.567596436, 116.565330505, 19.135641098, 93.7556762695], [-647.274475098, -853.288208008, 109.454536438, 219.919799805, 111.887489319, 345.430725098, 46.5962638855, 211.985214233, 139.515258789, 116.565330505, 332.550048828, 31.8435077667, 157.236282349], [-301.65625, -56.716053009, -17.1648674011, 0.38293042779, 36.4202575684, 3.00300550461, 12.2394599915, 28.0669193268, 42.8921508789, 19.135641098, 31.8435077667, 155.587371826, 20.7019767761], [-376.231719971, -716.335449219, 72.1056747437, 177.343460083, 92.2961120605, 216.751480103, 8.87415504456, 158.994476318, 125.362915039, 93.7556762695, 157.236282349, 20.7019767761, 236.279815674]],
