{
"lowlevel": {
    "average_loudness": 0.976562321186,
    "barkbands_crest": {
        "dmean": 3.07481050491,
        "dmean2": 5.08655738831,
        "dvar": 9.14486312866,
        "dvar2": 21.1250114441,
        "max": 23.9694690704,
        "mean": 9.28300762177,
        "median": 7.97528791428,
        "min": 2.39048647881,
        "var": 20.7355442047
    },
    "barkbands_flatness_db": {
        "dmean": 0.0221321228892,
        "dmean2": 0.0361275151372,
        "dvar": 0.000486112228828,
        "dvar2": 0.00126476190053,
        "max": 0.30591583252,
        "mean": 0.142950281501,
        "median": 0.135286509991,
        "min": 0.0732083693147,
        "var": 0.00124449608847
    },
    "barkbands_kurtosis": {
        "dmean": 2.30096745491,
        "dmean2": 3.76466393471,
        "dvar": 15.4079685211,
        "dvar2": 38.1686973572,
        "max": 51.838973999,
        "mean": 1.59488356113,
        "median": -0.160645484924,
        "min": -1.80715954304,
        "var": 23.6969432831
    },
    "barkbands_skewness": {
        "dmean": 0.578759670258,
        "dmean2": 0.917350530624,
        "dvar": 0.371103852987,
        "dvar2": 0.879896819592,
        "max": 6.33770179749,
        "mean": 1.30929160118,
        "median": 1.07679331303,
        "min": -0.629699110985,
        "var": 0.970717191696
    },
    "barkbands_spread": {
        "dmean": 7.17537069321,
        "dmean2": 11.6152610779,
        "dvar": 52.1442832947,
        "dvar2": 128.812759399,
        "max": 87.647064209,
        "mean": 34.3017272949,
        "median": 34.8271369934,
        "min": 2.5244603157,
        "var": 145.066833496
    },
    "dissonance": {
        "dmean": 0.0076842168346,
        "dmean2": 0.013378852047,
        "dvar": 6.43625753582e-05,
        "dvar2": 0.000176402361831,
        "max": 0.499967902899,
        "mean": 0.488374978304,
        "median": 0.491234213114,
        "min": 0.401272803545,
        "var": 9.51472538873e-05
    },
    "dynamic_complexity": 1.36874699593,
    "erbbands_crest": {
        "dmean": 1.91049075127,
        "dmean2": 3.21530580521,
        "dvar": 3.38983297348,
        "dvar2": 9.08921813965,
        "max": 22.1502151489,
        "mean": 6.59806871414,
        "median": 5.9197473526,
        "min": 2.32373213768,
        "var": 7.46074390411
    },
    "erbbands_flatness_db": {
        "dmean": 0.0124513385817,
        "dmean2": 0.0190456453711,
        "dvar": 0.000125644204672,
        "dvar2": 0.000281356769847,
        "max": 0.26368033886,
        "mean": 0.167099535465,
        "median": 0.165959641337,
        "min": 0.0943481624126,
        "var": 0.000490471022204
    },
    "erbbands_kurtosis": {
        "dmean": 0.555801868439,
        "dmean2": 0.919558942318,
        "dvar": 0.327651619911,
        "dvar2": 0.843145370483,
        "max": 4.5781083107,
        "mean": -0.016677742824,
        "median": -0.163543701172,
        "min": -1.65144395828,
        "var": 0.813926339149
    },
    "erbbands_skewness": {
        "dmean": 0.283227443695,
        "dmean2": 0.463807165623,
        "dvar": 0.0617557987571,
        "dvar2": 0.154321938753,
        "max": 2.13458871841,
        "mean": -0.521240651608,
        "median": -0.552365899086,
        "min": -1.90334296227,
        "var": 0.308478325605
    },
    "erbbands_spread": {
        "dmean": 7.36280298233,
        "dmean2": 11.7272920609,
        "dvar": 44.3847503662,
        "dvar2": 113.604385376,
        "max": 106.411178589,
        "mean": 42.7073059082,
        "median": 41.628780365,
        "min": 16.0969009399,
        "var": 143.927047729
    },
    "hfc": {
        "dmean": 7.57409381866,
        "dmean2": 11.8532142639,
        "dvar": 98.7660903931,
        "dvar2": 239.787307739,
        "max": 115.632919312,
        "mean": 31.0261821747,
        "median": 28.7653045654,
        "min": 0.00030782687827,
        "var": 221.977035522
    },
    "melbands_crest": {
        "dmean": 4.32681846619,
        "dmean2": 7.02840900421,
        "dvar": 12.9018602371,
        "dvar2": 31.4117584229,
        "max": 33.3734664917,
        "mean": 16.0495986938,
        "median": 15.1383590698,
        "min": 4.17586278915,
        "var": 33.30834198
    },
    "melbands_flatness_db": {
        "dmean": 0.0290870983154,
        "dmean2": 0.0459470637143,
        "dvar": 0.000762960175052,
        "dvar2": 0.00183325994294,
        "max": 0.372206568718,
        "mean": 0.169358864427,
        "median": 0.1586112082,
        "min": 0.05444483459,
        "var": 0.00277957669459
    },
    "melbands_kurtosis": {
        "dmean": 8.69825267792,
        "dmean2": 14.1946277618,
        "dvar": 185.380157471,
        "dvar2": 464.66104126,
        "max": 131.947555542,
        "mean": 12.8348007202,
        "median": 6.97435665131,
        "min": -1.02193129063,
        "var": 277.557098389
    },
    "melbands_skewness": {
        "dmean": 0.940660953522,
        "dmean2": 1.50120031834,
        "dvar": 1.02103614807,
        "dvar2": 2.41920852661,
        "max": 10.2296762466,
        "mean": 3.01706576347,
        "median": 2.60693502426,
        "min": 0.330236107111,
        "var": 2.58476853371
    },
    "melbands_spread": {
        "dmean": 9.72479820251,
        "dmean2": 15.5399627686,
        "dvar": 84.9377288818,
        "dvar2": 204.009429932,
        "max": 110.698631287,
        "mean": 31.9375400543,
        "median": 31.3994235992,
        "min": 1.69432926178,
        "var": 265.684906006
    },
    "pitch_salience": {
        "dmean": 0.0929029360414,
        "dmean2": 0.152667865157,
        "dvar": 0.00706184981391,
        "dvar2": 0.0177029632032,
        "max": 0.835547924042,
        "mean": 0.578758716583,
        "median": 0.599438309669,
        "min": 0.161875471473,
        "var": 0.014506559819
    },
    "silence_rate_20dB": {
        "dmean": 0,
        "dmean2": 0,
        "dvar": 0,
        "dvar2": 0,
        "max": 1,
        "mean": 1,
        "median": 1,
        "min": 1,
        "var": 0
    },
    "silence_rate_30dB": {
        "dmean": 0.0425696596503,
        "dmean2": 0.0851722806692,
        "dvar": 0.0407585166395,
        "dvar2": 0.106564700603,
        "max": 1,
        "mean": 0.97176015377,
        "median": 1,
        "min": 0,
        "var": 0.0274424385279
    },
    "silence_rate_60dB": {
        "dmean": 0.00232198135927,
        "dmean2": 0.00464576063678,
        "dvar": 0.00231668003835,
        "dvar2": 0.00694740237668,
        "max": 1,
        "mean": 0.0154738882557,
        "median": 0,
        "min": 0,
        "var": 0.0152343781665
    },
    "spectral_centroid": {
        "dmean": 247.499664307,
        "dmean2": 391.684814453,
        "dvar": 47233.0703125,
        "dvar2": 111620.96875,
        "max": 3511.76220703,
        "mean": 2172.34399414,
        "median": 2220.53857422,
        "min": 305.662750244,
        "var": 236957.9375
    },
    "spectral_complexity": {
        "dmean": 4.51625394821,
        "dmean2": 7.02903604507,
        "dvar": 14.2187318802,
        "dvar2": 30.4509716034,
        "max": 59,
        "mean": 39.5052223206,
        "median": 41,
        "min": 0,
        "var": 104.501449585
    },
    "spectral_decrease": {
        "dmean": 4.51381554356e-09,
        "dmean2": 7.3747745688e-09,
        "dvar": 4.33704691796e-17,
        "dvar2": 1.08755298189e-16,
        "max": -9.23124356361e-14,
        "mean": -1.03613713165e-08,
        "median": -8.36142710625e-09,
        "min": -6.14928481468e-08,
        "var": 5.29525955698e-17
    },
    "spectral_energy": {
        "dmean": 0.0173799581826,
        "dmean2": 0.0283073876053,
        "dvar": 0.000631523842458,
        "dvar2": 0.00157868932001,
        "max": 0.239171460271,
        "mean": 0.0419203601778,
        "median": 0.0344103313982,
        "min": 3.76328955554e-07,
        "var": 0.000781106296927
    },
    "spectral_energyband_high": {
        "dmean": 0.000682784244418,
        "dmean2": 0.00106713734567,
        "dvar": 1.19953392641e-06,
        "dvar2": 2.99911562252e-06,
        "max": 0.0115512050688,
        "mean": 0.0018101981841,
        "median": 0.00137067597825,
        "min": 1.67977418641e-08,
        "var": 2.10349048757e-06
    },
    "spectral_energyband_low": {
        "dmean": 0.0157754700631,
        "dmean2": 0.0261725094169,
        "dvar": 0.000619459548034,
        "dvar2": 0.00155716552399,
        "max": 0.21114487946,
        "mean": 0.0241752155125,
        "median": 0.0151176890358,
        "min": 1.84349914889e-07,
        "var": 0.000711680040695
    },
    "spectral_energyband_middle_high": {
        "dmean": 0.00210196967237,
        "dmean2": 0.00337777636014,
        "dvar": 6.05208879279e-06,
        "dvar2": 1.49642519318e-05,
        "max": 0.0334636829793,
        "mean": 0.0082796709612,
        "median": 0.00696168048307,
        "min": 7.0251815032e-08,
        "var": 2.30216373893e-05
    },
    "spectral_energyband_middle_low": {
        "dmean": 0.00378165231086,
        "dmean2": 0.00606342544779,
        "dvar": 2.03809013328e-05,
        "dvar2": 5.15838000865e-05,
        "max": 0.057565100491,
        "mean": 0.00941893644631,
        "median": 0.00768815446645,
        "min": 9.41024964618e-08,
        "var": 4.11227701989e-05
    },
    "spectral_entropy": {
        "dmean": 0.0835754200816,
        "dmean2": 0.127918735147,
        "dvar": 0.00746632739902,
        "dvar2": 0.0167750250548,
        "max": 8.43114948273,
        "mean": 7.89736318588,
        "median": 7.91161108017,
        "min": 6.76730442047,
        "var": 0.0311160497367
    },
    "spectral_flux": {
        "dmean": 0.0306933112442,
        "dmean2": 0.0502662360668,
        "dvar": 0.00154837942682,
        "dvar2": 0.00375084159896,
        "max": 0.395852595568,
        "mean": 0.116286449134,
        "median": 0.105240896344,
        "min": 0.000914562784601,
        "var": 0.00247443257831
    },
    "spectral_kurtosis": {
        "dmean": 1.15684378147,
        "dmean2": 2.05456161499,
        "dvar": 1.16559910774,
        "dvar2": 3.59026026726,
        "max": 9.63401985168,
        "mean": 1.93497109413,
        "median": 1.64373493195,
        "min": -0.438622236252,
        "var": 1.5843269825
    },
    "spectral_rms": {
        "dmean": 0.00117436132859,
        "dmean2": 0.00186780805234,
        "dvar": 1.89367312942e-06,
        "dvar2": 4.53743268736e-06,
        "max": 0.0152754057199,
        "mean": 0.00611026166007,
        "median": 0.0057940534316,
        "min": 1.91611634364e-05,
        "var": 3.56247960553e-06
    },
    "spectral_rolloff": {
        "dmean": 679.18762207,
        "dmean2": 1121.1282959,
        "dvar": 539952.9375,
        "dvar2": 1177077.875,
        "max": 9173.14453125,
        "mean": 1971.64367676,
        "median": 2067.1875,
        "min": 64.599609375,
        "var": 1499566.25
    },
    "spectral_skewness": {
        "dmean": 0.159159630537,
        "dmean2": 0.27276712656,
        "dvar": 0.0187299083918,
        "dvar2": 0.05394442752,
        "max": 1.95341491699,
        "mean": 0.733698785305,
        "median": 0.714481830597,
        "min": 0.120933540165,
        "var": 0.0517536699772
    },
    "spectral_spread": {
        "dmean": 347453.90625,
        "dmean2": 541297.0625,
        "dvar": 149783740416,
        "dvar2": 359417937920,
        "max": 8242494,
        "mean": 3567893.75,
        "median": 3482327,
        "min": 2254860.5,
        "var": 339674365952
    },
    "spectral_strongpeak": {
        "dmean": 0.284488886595,
        "dmean2": 0.502485334873,
        "dvar": 0.242234840989,
        "dvar2": 0.693431079388,
        "max": 8.65787887573,
        "mean": 0.417972236872,
        "median": 0.311704277992,
        "min": 0,
        "var": 0.216470643878
    },
    "zerocrossingrate": {
        "dmean": 0.00960935186595,
        "dmean2": 0.011976595968,
        "dvar": 7.71905979491e-05,
        "dvar2": 0.000112499023089,
        "max": 0.244140625,
        "mean": 0.0668036714196,
        "median": 0.06640625,
        "min": 0.00830078125,
        "var": 0.000564104353543
    },
    "barkbands": {
        "dmean": [0.00102654669899, 0.0126738417894, 0.0042685624212, 0.00205508526415, 0.00166818732396, 0.000848483352456, 0.000542858091649, 0.000421239587013, 0.000561897526495, 0.000834121776279, 0.000638465920929, 0.000421189295594, 0.00029495448689, 0.000270724151051, 0.000246410781983, 0.00034567565308, 0.000298775004921, 0.000400592864025, 0.000504438765347, 0.000259217660641, 0.000242566893576, 0.00020600843709, 0.000129657972138, 9.86593295238e-05, 2.41527905018e-05, 2.77150071781e-08, 1.37636044784e-08],
        "dmean2": [0.00172536203172, 0.0212787706405, 0.00713450135663, 0.00344770331867, 0.00271373149008, 0.00139636686072, 0.000896904210094, 0.00071614945773, 0.000926326960325, 0.00140706263483, 0.00106558040716, 0.000709419429768, 0.000483385869302, 0.000453775719507, 0.000410423090216, 0.000587546674069, 0.000507785822265, 0.000681605481077, 0.000851736287586, 0.0004326228227, 0.000390283035813, 0.000330373557517, 0.0002125963656, 0.000163963792147, 3.98434640374e-05, 4.90738294445e-08, 2.63729376115e-08],
        "dvar": [4.36991513197e-06, 0.000546294497326, 2.22896942432e-05, 7.69419602875e-06, 3.79500875169e-06, 1.80446204467e-06, 1.34609672386e-06, 5.59492946195e-07, 9.07719652332e-07, 2.34569552049e-06, 1.50900893914e-06, 6.26418113825e-07, 2.33972826891e-07, 1.61578199709e-07, 1.9843234611e-07, 1.79261903099e-07, 1.27688409179e-07, 3.20839944834e-07, 4.85634245706e-07, 9.52227097173e-08, 7.50514885794e-08, 1.26557949898e-07, 7.34448377671e-08, 7.07852123583e-08, 6.88823886819e-09, 2.00254326603e-14, 2.2582520096e-14],
        "dvar2": [1.13959358714e-05, 0.00139501714148, 6.48058849038e-05, 2.05857668334e-05, 9.61217938311e-06, 4.51180130767e-06, 3.48891603608e-06, 1.442492362e-06, 2.23935990107e-06, 6.31046350463e-06, 3.87908767152e-06, 1.69671068306e-06, 5.98737585733e-07, 4.18617275955e-07, 5.20103753843e-07, 5.04094998632e-07, 3.60100898433e-07, 8.86710665782e-07, 1.16437956876e-06, 2.57819550598e-07, 1.87267460205e-07, 3.27766912278e-07, 1.9425911546e-07, 1.63075313253e-07, 1.55310750927e-08, 5.75519178755e-14, 6.66913152849e-14],
        "max": [0.014876069501, 0.198066458106, 0.0547317788005, 0.0290039516985, 0.0272971652448, 0.0254031680524, 0.0188133344054, 0.0089781563729, 0.0126905869693, 0.0191840045154, 0.0198334585875, 0.0134401470423, 0.00722746737301, 0.00463761761785, 0.00868918281049, 0.00583347911015, 0.00730421207845, 0.00961529649794, 0.0189144946635, 0.00604479433969, 0.003858206328, 0.00369348446839, 0.00338022876531, 0.00535236485302, 0.00297547876835, 3.4886766116e-06, 3.5794332689e-06],
        "mean": [0.00113733671606, 0.0147979548201, 0.00665713520721, 0.00257256114855, 0.0028502093628, 0.00129155698232, 0.000724681129213, 0.000617689394858, 0.00106944295112, 0.00128147471696, 0.000988932093605, 0.000732115644496, 0.000581746571697, 0.000509405566845, 0.000462512223748, 0.000735722482204, 0.000654508650769, 0.000861030945089, 0.00126205722336, 0.000680387835018, 0.000712930690497, 0.0003929946688, 0.000184899035958, 0.000129924097564, 3.11050207529e-05, 2.74303904035e-08, 7.95832288958e-09],
        "median": [0.000147993705468, 0.00606043078005, 0.00538086751476, 0.00158846087288, 0.00211764010601, 0.00070936960401, 0.000343149236869, 0.000395173556171, 0.000367122818716, 0.00039389525773, 0.00036161323078, 0.000286692258669, 0.000288616720354, 0.000322579580825, 0.00031660211971, 0.00060150702484, 0.000566531030927, 0.00068670627661, 0.00113421620335, 0.000598514336161, 0.000628771609627, 0.000236858060816, 8.13620717963e-05, 5.57714520255e-05, 1.33394460136e-05, 1.02414263736e-08, 6.15261508408e-10],
        "min": [2.08559752801e-10, 3.30464260401e-08, 4.70449350587e-08, 1.08095665752e-08, 4.33404778732e-08, 1.58671618067e-08, 9.59162704817e-09, 4.22934753885e-09, 4.53936044309e-09, 3.12601322605e-09, 4.74924211069e-10, 4.10497813519e-09, 5.37681765778e-09, 2.36745578697e-09, 2.3787745107e-09, 5.9606728442e-09, 3.04664538042e-09, 1.56376867011e-08, 1.13897584697e-08, 4.99540764309e-09, 7.52707762786e-09, 3.2429792185e-09, 1.31450872409e-09, 8.61237747785e-10, 2.87248391739e-10, 4.11809735618e-12, 6.99909748214e-12],
        "var": [4.94623191116e-06, 0.000551462871954, 2.93134671665e-05, 9.56817711995e-06, 7.01244243828e-06, 2.83883923657e-06, 1.56935982432e-06, 6.26032488071e-07, 3.16930868394e-06, 4.02806290367e-06, 2.71312251243e-06, 1.31489673549e-06, 7.2799315376e-07, 3.29622480422e-07, 2.60088341975e-07, 3.14349478003e-07, 1.95888262056e-07, 4.5058331466e-07, 7.3249259458e-07, 1.8106887012e-07, 1.92865968529e-07, 1.85408069342e-07, 7.79340112445e-08, 8.68463345682e-08, 9.0169516298e-09, 1.2414322398e-14, 1.19546672637e-14]
    },
    "erbbands": {
        "dmean": [0.519368052483, 2.36687731743, 4.38313913345, 6.0289106369, 6.04724264145, 5.21406841278, 6.47665452957, 6.56545972824, 7.87741041183, 8.73117160797, 8.77645969391, 13.5324544907, 18.5887298584, 29.1699771881, 19.8212413788, 17.1093730927, 12.3249521255, 13.5901765823, 11.0393190384, 16.1384658813, 15.8777742386, 16.5366325378, 18.4766387939, 30.3764457703, 17.7791976929, 12.268535614, 11.2918405533, 8.98142051697, 7.53086853027, 5.44263744354, 3.54719090462, 2.21245002747, 1.55418252945, 0.513340055943, 0.0497748889029, 0.00217337463982, 0.000122056342661, 2.23987517529e-05, 1.1631272173e-05, 1.9758082999e-05],
        "dmean2": [0.866332888603, 4.0456867218, 7.35983610153, 10.1214742661, 9.97019290924, 8.549700737, 10.7216424942, 10.7875947952, 13.0505332947, 14.794585228, 14.7314186096, 22.0149726868, 30.9992866516, 49.0113372803, 32.2263870239, 28.773891449, 19.9895114899, 22.5749664307, 18.1891765594, 26.9571990967, 26.7160491943, 28.0570201874, 31.47382164, 50.9810829163, 29.5687675476, 20.5755310059, 18.5126247406, 14.4268054962, 12.0099992752, 8.96182250977, 5.88730621338, 3.65163707733, 2.58995199203, 0.849367201328, 0.0796176940203, 0.00349125056528, 0.000198678681045, 3.79579432774e-05, 1.85525950656e-05, 3.17915473715e-05],
        "dvar": [1.08315181732, 16.9147777557, 22.8838005066, 57.0900840759, 53.1895904541, 47.0606880188, 87.6065139771, 115.120475769, 288.287414551, 315.623016357, 233.257064819, 577.673156738, 1199.41992188, 2757.6105957, 1362.88598633, 1103.33251953, 411.583648682, 414.992462158, 416.421630859, 441.211639404, 367.446929932, 402.767730713, 916.242370605, 1251.24841309, 635.766662598, 239.214248657, 148.889312744, 127.344055176, 154.140655518, 113.134780884, 60.2455368042, 28.6617851257, 22.113527298, 2.71818518639, 0.0596614889801, 0.000100868775917, 2.02281754014e-07, 1.18091989521e-08, 7.25311866123e-10, 8.05653987968e-10],
        "dvar2": [2.72253513336, 45.0208091736, 66.2549057007, 160.048690796, 142.809265137, 116.239776611, 239.035430908, 276.403747559, 748.722290039, 814.34777832, 606.680480957, 1389.6151123, 3066.86352539, 7527.97216797, 3471.66772461, 3086.04858398, 1050.56872559, 1063.90795898, 1125.51074219, 1173.45581055, 1018.21881104, 1135.75537109, 2598.15209961, 3249.14672852, 1508.68615723, 657.237243652, 387.623504639, 312.915527344, 394.291503906, 298.274780273, 160.741317749, 68.207244873, 50.1323242188, 5.68089199066, 0.139133125544, 0.000234100327361, 4.79309221646e-07, 3.33468506142e-08, 1.93894544864e-09, 1.98771887838e-09],
        "max": [6.53235912323, 44.4856033325, 48.280670166, 80.5345001221, 78.7939300537, 144.469497681, 160.636810303, 178.710754395, 305.671325684, 293.043640137, 233.324707031, 397.214538574, 544.148071289, 611.330200195, 713.805480957, 534.817871094, 315.024291992, 287.465148926, 403.114898682, 375.227630615, 267.415588379, 400.928375244, 616.690002441, 575.496459961, 667.508178711, 332.509674072, 157.410644531, 144.965393066, 143.463607788, 105.900016785, 91.9069137573, 102.670471191, 131.140441895, 61.2551193237, 8.49734592438, 0.35181504488, 0.0141102783382, 0.0026108645834, 0.000502390379552, 0.000313182681566],
        "mean": [0.559325993061, 2.80851459503, 7.30258464813, 8.98426628113, 9.35273551941, 8.48952865601, 9.7392282486, 9.7107334137, 10.3626499176, 11.8678073883, 14.1253108978, 28.5376262665, 30.1715583801, 47.3400421143, 34.780216217, 31.1132125854, 26.9996490479, 27.5488357544, 22.600025177, 34.9206008911, 37.2444152832, 37.9467010498, 41.8649597168, 71.8729934692, 47.5321426392, 32.6956481934, 32.2011184692, 23.4172286987, 15.1311864853, 8.36241436005, 4.9540719986, 2.97874808311, 1.95615851879, 0.68043923378, 0.0613368563354, 0.00274564465508, 0.00017388764536, 3.26124863932e-05, 2.92484255624e-05, 5.16765394423e-05],
        "median": [0.11145529151, 1.50020897388, 6.16594696045, 6.42160654068, 6.6226773262, 5.87203741074, 6.63933181763, 4.90801906586, 4.7173204422, 6.52772855759, 9.2018032074, 8.94183349609, 12.4367837906, 15.4319114685, 14.5557126999, 12.8008527756, 13.3935995102, 16.7336483002, 14.5638923645, 27.6537647247, 31.432100296, 32.7559890747, 32.7944145203, 64.1103515625, 42.917301178, 28.8726444244, 29.1795749664, 18.7157096863, 9.74890995026, 3.9968817234, 2.16053152084, 1.28054893017, 0.819624483585, 0.295023232698, 0.021698590368, 0.00102573062759, 8.21325738798e-05, 1.69840877788e-05, 2.34815888689e-05, 4.36520531366e-05],
        "min": [3.98322953288e-07, 1.07457981358e-05, 5.22188784089e-05, 5.35688741365e-05, 6.34765310679e-05, 0.000167285470525, 0.000212010112591, 7.14878697181e-05, 6.35751202935e-05, 8.3720216935e-05, 8.69350333232e-05, 0.000120893440908, 8.53580786497e-05, 8.06431780802e-05, 2.36530158872e-05, 0.000191253391677, 0.00024744097027, 0.0001726160408, 7.13798071956e-05, 0.000270854274277, 0.000310478761094, 0.000205723423278, 0.000694508897141, 0.00105381954927, 0.0003459364234, 0.000245190080022, 0.000276058970485, 0.0002184540499, 0.000129508654936, 5.15316132805e-05, 4.30637192039e-05, 1.84629316209e-05, 1.30485541376e-05, 7.49700939195e-06, 2.52306620041e-07, 2.83571139903e-08, 1.0254993299e-08, 3.40470318605e-09, 1.31442257079e-09, 5.73319447472e-10],
        "var": [1.12156510353, 15.6919059753, 30.7740535736, 74.9601364136, 76.7522583008, 97.4948501587, 113.553230286, 179.451263428, 308.480377197, 355.571014404, 291.37310791, 2785.84350586, 2070.19042969, 5169.49414062, 2660.50927734, 2246.16577148, 1475.1036377, 986.353088379, 637.814331055, 760.961853027, 690.304382324, 640.731994629, 1170.47900391, 2086.20922852, 997.619934082, 422.475616455, 351.746673584, 298.198272705, 240.544784546, 133.098983765, 60.1237106323, 32.7816734314, 28.1637172699, 3.95297503471, 0.0713275969028, 0.000121742639749, 2.33614812828e-07, 7.97570987032e-09, 6.37365771272e-10, 1.02334662966e-09]
    },
    "gfcc": {
        "mean": [24.8553657532, 118.066703796, -156.264923096, 83.8302536011, -62.2638282776, 20.2293376923, -21.6168041229, 2.63035702705, -11.8615989685, -17.7984542847, 1.20952475071, -19.6534481049, 6.53329515457],
        "cov": [[1754.359375, -283.893798828, 30.7547836304, 56.6104698181, -126.894844055, 149.310409546, -74.2733306885, 74.600982666, 28.7176704407, 39.6997451782, 5.96188926697, 71.5077896118, 0.957015097141], [-283.893798828, 429.835174561, -50.7910270691, -102.71219635, 140.726242065, -82.5184707642, 156.658203125, -57.360004425, 20.7814617157, -56.4767494202, 36.2186203003, -31.6753158569, 26.8785667419], [30.7547836304, -50.7910270691, 253.254379272, 97.1482162476, 5.55935144424, 34.2251853943, -43.1705741882, 45.1403999329, 34.5962791443, 31.9312725067, 15.3415689468, 12.0990867615, 7.77846860886], [56.6104698181, -102.71219635, 97.1482162476, 159.363861084, 28.8485774994, -1.3084423542, -36.0774765015, 11.9048366547, 48.5304832458, 45.424697876, 14.064034462, 10.0091218948, 5.39713573456], [-126.894844055, 140.726242065, 5.55935144424, 28.8485774994, 185.650131226, 29.5709724426, 93.3982696533, -16.9444847107, 16.9639606476, 2.62304544449, 39.9557266235, -0.811793208122, 26.5424690247], [149.310409546, -82.5184707642, 34.2251853943, -1.3084423542, 29.5709724426, 142.621154785, 36.0381660461, 19.1014194489, -14.5649204254, -6.19658708572, 11.3303661346, 25.257276535, 5.22215557098], [-74.2733306885, 156.658203125, -43.1705741882, -36.0774765015, 93.3982696533, 36.0381660461, 175.081481934, 22.470703125, 26.0309085846, -41.5214920044, 17.2579193115, 6.28431797028, 33.844165802], [74.600982666, -57.360004425, 45.1403999329, 11.9048366547, -16.9444847107, 19.1014194489, 22.470703125, 100.722351074, 35.7092247009, 13.3428354263, -11.4302616119, 11.3012456894, 23.700466156], [28.7176704407, 20.7814617157, 34.5962791443, 48.5304832458, 16.9639606476, -14.5649204254, 26.0309085846, 35.7092247009, 89.1949310303, 34.1685600281, 14.8919792175, -1.59622180462, 10.3932247162], [39.6997451782, -56.4767494202, 31.9312725067, 45.424697876, 2.62304544449, -6.19658708572, -41.5214920044, 13.3428354263, 34.1685600281, 82.1726913452, 33.5385475159, 4.74847984314, -8.18068790436], [5.96188926697, 36.2186203003, 15.3415689468, 14.064034462, 39.9557266235, 11.3303661346, 17.2579193115, -11.4302616119, 14.8919792175, 33.5385475159, 68.4588394165, 25.5983524323, 3.70226216316], [71.5077896118, -31.6753158569, 12.0990867615, 10.0091218948, -0.811793208122, 25.257276535, 6.28431797028, 11.3012456894, -1.59622180462, 4.74847984314, 25.5983524323, 52.257019043, 27.2661457062], [0.957015097141, 26.8785667419, 7.77846860886, 5.39713573456, 26.5424690247, 5.22215557098, 33.844165802, 23.700466156, 10.3932247162, -8.18068790436, 3.70226216316, 27.2661457062, 54.0699424744]],
        "icov": [[0.000797784887254, -0.00105001346674, 0.000819437031168, -0.00123478844762, 0.00106383359525, -0.00189059681725, 0.0010847641388, -0.0010012134444, -0.000135660491651, -0.000162192198331, 0.000270644581178, -0.0010088076815, 0.000425183272455], [-0.00105001346674, 0.0281983856112, -0.0118775423616, 0.0248896759003, -0.0146326264367, 0.0235393960029, -0.0162389874458, 0.0181494746357, -0.0115217473358, 0.00985986273736, -0.0119897359982, 0.0124754086137, -0.0094197653234], [0.000819437031168, -0.0118775423616, 0.0118042146787, -0.0140044605359, 0.00616478454322, -0.0124577106908, 0.0105008371174, -0.01135938894, 0.0036479246337, -0.000829680880997, 0.000825292081572, -0.00264781946316, 0.00262493244372], [-0.00123478844762, 0.0248896759003, -0.0140044605359, 0.0342808291316, -0.0170780532062, 0.0217368770391, -0.0115569243208, 0.0182013791054, -0.0160963404924, 0.00555257964879, -0.00546331005171, 0.00523185636848, -0.00654851133004], [0.00106383359525, -0.0146326264367, 0.00616478454322, -0.0170780532062, 0.0204366836697, -0.0150375291705, 0.00207373430021, -0.00566846365109, 0.00863182358444, -0.00731428619474, -0.000384031241992, 0.00308281113394, -0.00361434416845], [-0.00189059681725, 0.0235393960029, -0.0124577106908, 0.0217368770391, -0.0150375291705, 0.0313450209796, -0.0175125282258, 0.0136705581099, -0.00532103283331, 0.00622814986855, -0.00646925531328, 0.00264161755331, -0.00164584175218], [0.0010847641388, -0.0162389874458, 0.0105008371174, -0.0115569243208, 0.00207373430021, -0.0175125282258, 0.0275401212275, -0.0163008775562, -0.00211047101766, 0.00766153493896, -0.00139442912769, -0.00390838924795, 0.00190778775141], [-0.0010012134444, 0.0181494746357, -0.01135938894, 0.0182013791054, -0.00566846365109, 0.0136705581099, -0.0163008775562, 0.0309029221535, -0.0117383645847, -0.00210602092557, 0.00188773870468, 0.0052055879496, -0.0118839349598], [-0.000135660491651, -0.0115217473358, 0.0036479246337, -0.0160963404924, 0.00863182358444, -0.00532103283331, -0.00211047101766, -0.0117383645847, 0.0284775123, -0.0131157143041, 0.00285210181028, 0.0008292197017, 0.00148304819595], [-0.000162192198331, 0.00985986273736, -0.000829680880997, 0.00555257964879, -0.00731428619474, 0.00622814986855, 0.00766153493896, -0.00210602092557, -0.0131157143041, 0.035459626466, -0.0236556977034, 0.0108379265293, -0.00217640469782], [0.000270644581178, -0.0119897359982, 0.000825292081572, -0.00546331005171, -0.000384031241992, -0.00646925531328, -0.00139442912769, 0.00188773870468, 0.00285210181028, -0.0236556977034, 0.0462192706764, -0.0329489670694, 0.0165640506893], [-0.0010088076815, 0.0124754086137, -0.00264781946316, 0.00523185636848, 0.00308281113394, 0.00264161755331, -0.00390838924795, 0.0052055879496, 0.0008292197017, 0.0108379265293, -0.0329489670694, 0.0585886836052, -0.0337373055518], [0.000425183272455, -0.0094197653234, 0.00262493244372, -0.00654851133004, -0.00361434416845, -0.00164584175218, 0.00190778775141, -0.0118839349598, 0.00148304819595, -0.00217640469782, 0.0165640506893, -0.0337373055518, 0.0446582250297]]
    },
    "melbands": {
        "dmean": [0.00396550865844, 0.00233756285161, 0.000971401343122, 0.000423107179813, 0.000205228716368, 0.000151413158164, 0.000116475857794, 9.39747988014e-05, 7.26817524992e-05, 8.74002653291e-05, 9.73204150796e-05, 0.000122433790239, 7.78341418481e-05, 5.07783297508e-05, 3.59563564416e-05, 2.98575123452e-05, 2.67476789304e-05, 1.93007617781e-05, 1.93625401153e-05, 2.71743065241e-05, 1.83420052053e-05, 1.91779763554e-05, 1.75518725882e-05, 1.95044067368e-05, 2.82970686385e-05, 1.74337073986e-05, 1.11122744784e-05, 9.23469360714e-06, 7.67527671997e-06, 6.84170254317e-06, 5.5953764786e-06, 4.79846494272e-06, 3.82256803277e-06, 2.85879400508e-06, 2.23455526793e-06, 1.57198076067e-06, 1.35653215239e-06, 1.2326054275e-06, 7.49693242597e-07, 3.57989762279e-07],
        "dmean2": [0.00665640318766, 0.00394484074786, 0.00162711751182, 0.000689060369041, 0.00033916454413, 0.000248205586104, 0.000192522420548, 0.000159591130796, 0.000122150944662, 0.000142573437188, 0.000162623124197, 0.000206516735489, 0.000127350140247, 8.45528338687e-05, 5.99464365223e-05, 4.91197315569e-05, 4.46272024419e-05, 3.24021566485e-05, 3.21504921885e-05, 4.63857431896e-05, 3.09123424813e-05, 3.27192101395e-05, 3.01994623442e-05, 3.28731948684e-05, 4.78123874927e-05, 2.93713601422e-05, 1.85954504559e-05, 1.57371996465e-05, 1.28245155793e-05, 1.1147702935e-05, 9.02144529391e-06, 7.74055115471e-06, 6.32463206784e-06, 4.76161130791e-06, 3.74718911189e-06, 2.61154900727e-06, 2.2468525458e-06, 2.07801781471e-06, 1.25581607335e-06, 5.84428960337e-07],
        "dvar": [5.9706166212e-05, 8.14549184724e-06, 1.40314898545e-06, 2.7164512062e-07, 7.53982050128e-08, 5.96319367219e-08, 6.2572304671e-08, 3.46648505456e-08, 1.54701744748e-08, 2.40043522837e-08, 3.31568728029e-08, 5.00442745022e-08, 2.35489743261e-08, 9.39574551495e-09, 4.52587389788e-09, 2.41088282671e-09, 1.6461435548e-09, 1.07976760866e-09, 1.16085685509e-09, 1.19009269106e-09, 4.54929593996e-10, 4.5487191791e-10, 9.62973811802e-10, 6.26631357914e-10, 1.04681097124e-09, 9.92418813794e-10, 1.54886825587e-10, 1.58749069445e-10, 7.08018157991e-11, 5.34104982464e-11, 5.20636103674e-11, 5.6143967947e-11, 5.03494919368e-11, 3.12445590234e-11, 2.46988696856e-11, 1.34245774219e-11, 1.16604833428e-11, 1.39521528011e-11, 5.91613737166e-12, 1.83044876999e-12],
        "dvar2": [0.000151537096826, 2.24087398237e-05, 3.89450815419e-06, 6.82565996613e-07, 2.05609765658e-07, 1.43479894632e-07, 1.6302621475e-07, 8.92987230827e-08, 4.01756530266e-08, 5.8313855078e-08, 8.50526973295e-08, 1.37234380304e-07, 6.07881887049e-08, 2.5657950431e-08, 1.26866588346e-08, 6.19177464856e-09, 4.1967038733e-09, 2.90096502376e-09, 2.99775337886e-09, 3.33096994432e-09, 1.24880106256e-09, 1.26891774865e-09, 2.75049805154e-09, 1.74757752713e-09, 2.73490785574e-09, 2.26465113329e-09, 4.03977518104e-10, 4.56745086197e-10, 1.86733184471e-10, 1.38726835575e-10, 1.28778848696e-10, 1.43954945186e-10, 1.3185469383e-10, 8.31046759187e-11, 6.73116007377e-11, 3.33786401296e-11, 2.78388249952e-11, 3.26671502349e-11, 1.2692502431e-11, 4.16318238564e-12],
        "max": [0.0532134585083, 0.032334908843, 0.0116941835731, 0.00741855986416, 0.00443960726261, 0.00427378667518, 0.00444586202502, 0.00272917584516, 0.00206711143255, 0.0024668732658, 0.0026876446791, 0.00270337983966, 0.00283986120485, 0.00183268240653, 0.00092111248523, 0.000781040231232, 0.000522882677615, 0.000638500088826, 0.000775513239205, 0.000439356837887, 0.000309649651172, 0.000408354331739, 0.000528172357008, 0.000381982477847, 0.000549641612452, 0.000992229441181, 0.000174211512785, 0.00029691591044, 0.000104184335214, 9.18069054023e-05, 8.53397868923e-05, 8.41211149236e-05, 6.83590842527e-05, 6.13466690993e-05, 5.6390548707e-05, 6.52538001304e-05, 6.14814052824e-05, 8.57279737829e-05, 8.77257261891e-05, 4.96806169394e-05],
        "mean": [0.00444689067081, 0.00380635261536, 0.00156876735855, 0.000682438025251, 0.000333050207701, 0.000228863224038, 0.000154905836098, 0.000130144399009, 0.00011656658171, 0.000177478854312, 0.000148172795889, 0.000193937055883, 0.000127123610582, 8.5158913862e-05, 6.85774430167e-05, 5.75829071749e-05, 5.00326386828e-05, 3.56597374775e-05, 3.71486021322e-05, 5.53588106413e-05, 3.99015225412e-05, 4.0394905227e-05, 3.36888406309e-05, 4.17588926211e-05, 6.21884682914e-05, 4.09598687838e-05, 2.60792257905e-05, 2.06441800401e-05, 1.94991407625e-05, 1.76857229235e-05, 1.251068079e-05, 9.29700127017e-06, 5.96563268118e-06, 4.04759566663e-06, 3.00375563711e-06, 2.08630012821e-06, 1.73552700744e-06, 1.51485710376e-06, 9.27484904878e-07, 4.63472531465e-07],
        "median": [0.00133584591094, 0.00309937307611, 0.00117650278844, 0.000477572728414, 0.000240874476731, 0.000117916380987, 7.16251452104e-05, 7.25279533071e-05, 7.3348346632e-05, 5.26303665538e-05, 5.5161628552e-05, 6.01745850872e-05, 4.80565759062e-05, 3.35503609676e-05, 2.85140722553e-05, 3.0130991945e-05, 3.08533562929e-05, 2.25146177399e-05, 2.64419759333e-05, 4.46486737928e-05, 3.3128362702e-05, 3.50512527802e-05, 2.48809683399e-05, 3.336249938e-05, 5.44074537174e-05, 3.64240513591e-05, 2.27655218623e-05, 1.74643428181e-05, 1.72957352333e-05, 1.57011527335e-05, 9.26569555304e-06, 6.20593891654e-06, 2.86939052785e-06, 1.85364820027e-06, 1.31037313622e-06, 8.73427609349e-07, 7.22756283267e-07, 6.25530617526e-07, 3.98682828973e-07, 1.89002989259e-07],
        "min": [6.26214324839e-09, 2.80324972124e-08, 8.81692763244e-09, 8.65371152514e-09, 7.52118012315e-09, 1.8240866595e-09, 1.24022181414e-09, 7.29179994163e-10, 5.22041965212e-10, 7.72032660024e-10, 4.30321417388e-10, 3.65813823677e-10, 6.24438903363e-11, 2.00050892518e-10, 6.25962448542e-10, 4.94095264703e-10, 2.7583044182e-10, 8.55280152257e-11, 2.17186338358e-10, 4.65858740473e-10, 3.46655121275e-10, 2.26672430825e-10, 1.69468369893e-10, 7.95568555478e-10, 8.79867123604e-10, 2.91627971771e-10, 1.22257481916e-10, 1.37450606452e-10, 1.98788832617e-10, 8.34760455204e-11, 1.03203799673e-10, 8.70050836932e-11, 3.83747443544e-11, 2.34207184896e-11, 2.50998371393e-11, 1.91765284208e-11, 8.91283054305e-12, 9.23806430658e-12, 9.09862896831e-12, 3.20982086396e-12],
        "var": [6.03630360274e-05, 9.76976116362e-06, 1.89255604255e-06, 5.06642663822e-07, 1.04080271512e-07, 9.57090406928e-08, 6.86623735646e-08, 3.83540097459e-08, 2.0571022219e-08, 1.07478427935e-07, 5.6050250663e-08, 9.09528097282e-08, 4.23928980808e-08, 1.81082526751e-08, 1.08698925416e-08, 6.83574397087e-09, 3.38651662268e-09, 1.74293735e-09, 1.53743040521e-09, 1.95828975258e-09, 8.35192748294e-10, 7.28220372892e-10, 1.04034425519e-09, 9.98235161198e-10, 1.68530511768e-09, 1.237358771e-09, 2.6851706969e-10, 2.31649130433e-10, 1.48015252832e-10, 1.23216228887e-10, 1.11387100932e-10, 8.75476427464e-11, 6.45682812772e-11, 3.41874063781e-11, 2.3214624667e-11, 1.43939755948e-11, 1.30318290881e-11, 1.67637240894e-11, 7.91759453139e-12, 2.36579354197e-12]
    },
    "mfcc": {
        "mean": [-585.122131348, 102.831542969, -12.6556043625, 48.3129920959, 1.86379957199, 12.9091997147, 9.92389583588, 10.7262077332, 4.27153205872, 2.9145026207, -1.65005326271, -0.0386998355389, -4.01465892792],
        "cov": [[1768.0994873, -323.031555176, 67.9691467285, -102.269859314, -18.2281284332, 17.5178489685, -64.781791687, 45.7678985596, -2.54069256783, 0.345168977976, 5.63652086258, 12.0835380554, 38.3892745972], [-323.031555176, 510.921783447, -164.626937866, 14.1990671158, -50.2025642395, 12.9373455048, 91.5419998169, 30.8956260681, 7.7958688736, -0.534132003784, -7.89129924774, -10.7810220718, -24.1458053589], [67.9691467285, -164.626937866, 268.345672607, 21.864654541, 54.0307044983, -20.7461585999, -55.5826835632, 1.81012868881, -4.29631757736, 24.2561836243, 12.3429737091, 5.77428722382, 19.3572311401], [-102.269859314, 14.1990671158, 21.864654541, 164.601348877, 48.2386817932, -6.02427101135, -30.8065376282, -28.2169475555, 20.7869873047, 24.4383621216, 17.5664196014, 22.8034152985, 12.0356826782], [-18.2281284332, -50.2025642395, 54.0307044983, 48.2386817932, 109.749504089, 37.8574333191, 4.21060180664, -19.8517417908, -5.30880022049, 13.4062318802, 17.5514316559, 16.6720657349, 12.1988677979], [17.5178489685, 12.9373455048, -20.7461585999, -6.02427101135, 37.8574333191, 110.216926575, 52.4618034363, 19.270160675, -15.7193002701, -1.92362105846, 10.5701828003, 9.27147388458, 5.0761384964], [-64.781791687, 91.5419998169, -55.5826835632, -30.8065376282, 4.21060180664, 52.4618034363, 117.79548645, 56.2260551453, 15.2172727585, -10.5311279297, -7.07845544815, 3.1083214283, 3.12087440491], [45.7678985596, 30.8956260681, 1.81012868881, -28.2169475555, -19.8517417908, 19.270160675, 56.2260551453, 107.895751953, 46.8497848511, 8.26876068115, -15.4170131683, -15.8484649658, -0.159677177668], [-2.54069256783, 7.7958688736, -4.29631757736, 20.7869873047, -5.30880022049, -15.7193002701, 15.2172727585, 46.8497848511, 87.4245376587, 30.7852020264, -1.07451403141, -6.79906988144, -0.741965830326], [0.345168977976, -0.534132003784, 24.2561836243, 24.4383621216, 13.4062318802, -1.92362105846, -10.5311279297, 8.26876068115, 30.7852020264, 57.3436965942, 26.8856658936, 9.78207492828, -2.11430644989], [5.63652086258, -7.89129924774, 12.3429737091, 17.5664196014, 17.5514316559, 10.5701828003, -7.07845544815, -15.4170131683, -1.07451403141, 26.8856658936, 56.3640556335, 29.8712177277, 8.50812339783], [12.0835380554, -10.7810220718, 5.77428722382, 22.8034152985, 16.6720657349, 9.27147388458, 3.1083214283, -15.8484649658, -6.79906988144, 9.78207492828, 29.8712177277, 54.7280387878, 24.7636413574], [38.3892745972, -24.1458053589, 19.3572311401, 12.0356826782, 12.1988677979, 5.0761384964, 3.12087440491, -0.159677177668, -0.741965830326, -2.11430644989, 8.50812339783, 24.7636413574, 44.2928237915]],
