{
"lowlevel": {
    "average_loudness": 0.722053229809,
    "barkbands_crest": {
        "dmean": 2.063839674,
        "dmean2": 3.37165141106,
        "dvar": 4.01939535141,
        "dvar2": 10.2974100113,
        "max": 25.2716197968,
        "mean": 6.76786708832,
        "median": 5.7623500824,
        "min": 2.49066066742,
        "var": 12.2351360321
    },
    "barkbands_flatness_db": {
        "dmean": 0.0151695022359,
        "dmean2": 0.0240489728749,
        "dvar": 0.000183465439477,
        "dvar2": 0.000481026188936,
        "max": 0.30234336853,
        "mean": 0.137070655823,
        "median": 0.133298739791,
        "min": 0.0798849090934,
        "var": 0.000689506356139
    },
    "barkbands_kurtosis": {
        "dmean": 0.613724052906,
        "dmean2": 1.00557291508,
        "dvar": 1.08127808571,
        "dvar2": 2.83204007149,
        "max": 21.2558727264,
        "mean": -0.620237350464,
        "median": -1.00130057335,
        "min": -1.80625009537,
        "var": 1.89848470688
    },
    "barkbands_skewness": {
        "dmean": 0.362245410681,
        "dmean2": 0.561979413033,
        "dvar": 0.112189628184,
        "dvar2": 0.288913160563,
        "max": 3.98141050339,
        "mean": -0.201090231538,
        "median": -0.26537284255,
        "min": -1.88422739506,
        "var": 0.368778467178
    },
    "barkbands_spread": {
        "dmean": 5.40097808838,
        "dmean2": 8.28723049164,
        "dvar": 28.0838794708,
        "dvar2": 58.232334137,
        "max": 64.3366088867,
        "mean": 30.552947998,
        "median": 30.0394611359,
        "min": 2.91759896278,
        "var": 121.895576477
    },
    "dissonance": {
        "dmean": 0.00789550691843,
        "dmean2": 0.0132762668654,
        "dvar": 7.02986799297e-05,
        "dvar2": 0.000178972928552,
        "max": 0.499858260155,
        "mean": 0.484248965979,
        "median": 0.486753791571,
        "min": 0.394921898842,
        "var": 0.000131189459353
    },
    "dynamic_complexity": 2.32563209534,
    "erbbands_crest": {
        "dmean": 2.31406092644,
        "dmean2": 3.83282804489,
        "dvar": 6.11636209488,
        "dvar2": 15.498374939,
        "max": 29.6544094086,
        "mean": 8.22894668579,
        "median": 6.7645201683,
        "min": 3.30882883072,
        "var": 19.1871070862
    },
    "erbbands_flatness_db": {
        "dmean": 0.0141866002232,
        "dmean2": 0.0210682190955,
        "dvar": 0.000169259074028,
        "dvar2": 0.000372630223865,
        "max": 0.359107404947,
        "mean": 0.21808886528,
        "median": 0.214463740587,
        "min": 0.152557745576,
        "var": 0.000901422870811
    },
    "erbbands_kurtosis": {
        "dmean": 0.938326299191,
        "dmean2": 1.47681593895,
        "dvar": 0.9558121562,
        "dvar2": 2.39289855957,
        "max": 15.4411621094,
        "mean": 1.23772251606,
        "median": 1.06814908981,
        "min": -1.54170358181,
        "var": 2.23872542381
    },
    "erbbands_skewness": {
        "dmean": 0.274158477783,
        "dmean2": 0.434365570545,
        "dvar": 0.0718670040369,
        "dvar2": 0.183345839381,
        "max": 3.58504128456,
        "mean": -0.714015126228,
        "median": -0.835210502148,
        "min": -2.10930228233,
        "var": 0.411201149225
    },
    "erbbands_spread": {
        "dmean": 5.51921701431,
        "dmean2": 8.42035388947,
        "dvar": 25.7881793976,
        "dvar2": 61.8728866577,
        "max": 75.8592834473,
        "mean": 26.0425987244,
        "median": 24.9671955109,
        "min": 4.17490911484,
        "var": 87.9501037598
    },
    "hfc": {
        "dmean": 5.09677553177,
        "dmean2": 7.47345018387,
        "dvar": 40.5547828674,
        "dvar2": 82.7598114014,
        "max": 219.938583374,
        "mean": 24.9438915253,
        "median": 18.763551712,
        "min": 0.000541357381735,
        "var": 398.989257812
    },
    "melbands_crest": {
        "dmean": 3.51409173012,
        "dmean2": 5.5829668045,
        "dvar": 11.3817119598,
        "dvar2": 25.6473083496,
        "max": 32.6856880188,
        "mean": 10.6770944595,
        "median": 9.27869033813,
        "min": 2.71789503098,
        "var": 28.538394928
    },
    "melbands_flatness_db": {
        "dmean": 0.0169264823198,
        "dmean2": 0.0267182011157,
        "dvar": 0.000275062775472,
        "dvar2": 0.000737855909392,
        "max": 0.270844608545,
        "mean": 0.0999489054084,
        "median": 0.0978083536029,
        "min": 0.0280253235251,
        "var": 0.000844750611577
    },
    "melbands_kurtosis": {
        "dmean": 1.24422907829,
        "dmean2": 2.01851797104,
        "dvar": 5.41695404053,
        "dvar2": 15.0011777878,
        "max": 41.7996559143,
        "mean": 0.310207635164,
        "median": -0.525856256485,
        "min": -1.60594928265,
        "var": 7.40399456024
    },
    "melbands_skewness": {
        "dmean": 0.45889544487,
        "dmean2": 0.706776976585,
        "dvar": 0.197448611259,
        "dvar2": 0.489292293787,
        "max": 5.35151433945,
        "mean": 0.757986485958,
        "median": 0.654395163059,
        "min": -1.62163925171,
        "var": 0.574931621552
    },
    "melbands_spread": {
        "dmean": 10.0743703842,
        "dmean2": 16.2085380554,
        "dvar": 88.9811859131,
        "dvar2": 229.637451172,
        "max": 137.811035156,
        "mean": 59.8903274536,
        "median": 60.4133071899,
        "min": 3.79128646851,
        "var": 351.308776855
    },
    "pitch_salience": {
        "dmean": 0.0626016110182,
        "dmean2": 0.101633511484,
        "dvar": 0.00335554918274,
        "dvar2": 0.00900602713227,
        "max": 0.82686829567,
        "mean": 0.637615859509,
        "median": 0.653180003166,
        "min": 0.144557192922,
        "var": 0.00921098422259
    },
    "silence_rate_20dB": {
        "dmean": 0,
        "dmean2": 0,
        "dvar": 0,
        "dvar2": 0,
        "max": 1,
        "mean": 1,
        "median": 1,
        "min": 1,
        "var": 0
    },
    "silence_rate_30dB": {
        "dmean": 0,
        "dmean2": 0,
        "dvar": 0,
        "dvar2": 0,
        "max": 1,
        "mean": 1,
        "median": 1,
        "min": 1,
        "var": 0
    },
    "silence_rate_60dB": {
        "dmean": 0.00619674660265,
        "dmean2": 0.0123982951045,
        "dvar": 0.00615813722834,
        "dvar2": 0.015344792977,
        "max": 1,
        "mean": 0.0243902429938,
        "median": 0,
        "min": 0,
        "var": 0.0237955469638
    },
    "spectral_centroid": {
        "dmean": 205.452728271,
        "dmean2": 335.764678955,
        "dvar": 34352.4101562,
        "dvar2": 90577.609375,
        "max": 4003.80639648,
        "mean": 2594.42675781,
        "median": 2589.99780273,
        "min": 1089.38671875,
        "var": 142973.5
    },
    "spectral_complexity": {
        "dmean": 4.17738199234,
        "dmean2": 6.72220087051,
        "dvar": 14.6989583969,
        "dvar2": 31.7914924622,
        "max": 53,
        "mean": 29.0247764587,
        "median": 29,
        "min": 0,
        "var": 73.1911087036
    },
    "spectral_decrease": {
        "dmean": 7.93939192167e-10,
        "dmean2": 1.24558019454e-09,
        "dvar": 1.41318348263e-18,
        "dvar2": 3.78924862525e-18,
        "max": -5.94353667845e-14,
        "mean": -2.9125242218e-09,
        "median": -2.1830219854e-09,
        "min": -1.92099989249e-08,
        "var": 5.07302218258e-18
    },
    "spectral_energy": {
        "dmean": 0.00336936395615,
        "dmean2": 0.00523974327371,
        "dvar": 2.40917361225e-05,
        "dvar2": 6.36638651486e-05,
        "max": 0.0798961818218,
        "mean": 0.0132550410926,
        "median": 0.0100600933656,
        "min": 2.73424291208e-07,
        "var": 0.000100573262898
    },
    "spectral_energyband_high": {
        "dmean": 0.000444851990324,
        "dmean2": 0.000632781127933,
        "dvar": 5.70398697164e-07,
        "dvar2": 9.50416790602e-07,
        "max": 0.0287630297244,
        "mean": 0.00142440956552,
        "median": 0.000794169260189,
        "min": 1.93704927653e-08,
        "var": 4.34853564002e-06
    },
    "spectral_energyband_low": {
        "dmean": 0.00100953516085,
        "dmean2": 0.00158421893138,
        "dvar": 4.85716373078e-06,
        "dvar2": 1.1490925317e-05,
        "max": 0.0194752253592,
        "mean": 0.00110900495201,
        "median": 0.000205997959711,
        "min": 3.5939879961e-09,
        "var": 5.42380257684e-06
    },
    "spectral_energyband_middle_high": {
        "dmean": 0.00211010221392,
        "dmean2": 0.00333610200323,
        "dvar": 1.60314539244e-05,
        "dvar2": 4.69042824989e-05,
        "max": 0.0772344321012,
        "mean": 0.00805157143623,
        "median": 0.00544478418306,
        "min": 1.60836222562e-07,
        "var": 6.99336305843e-05
    },
    "spectral_energyband_middle_low": {
        "dmean": 0.00153441482689,
        "dmean2": 0.00239394092932,
        "dvar": 5.3970911722e-06,
        "dvar2": 1.36060853038e-05,
        "max": 0.0391117483377,
        "mean": 0.00340529344976,
        "median": 0.00243253982626,
        "min": 9.26729200046e-08,
        "var": 9.93399135041e-06
    },
    "spectral_entropy": {
        "dmean": 0.0853574499488,
        "dmean2": 0.131919875741,
        "dvar": 0.00696690939367,
        "dvar2": 0.0150243071839,
        "max": 8.25722122192,
        "mean": 7.80656671524,
        "median": 7.81576871872,
        "min": 6.96201992035,
        "var": 0.0309887994081
    },
    "spectral_flux": {
        "dmean": 0.013842606917,
        "dmean2": 0.022127635777,
        "dvar": 0.000246511830483,
        "dvar2": 0.000636957935058,
        "max": 0.204289823771,
        "mean": 0.0700329989195,
        "median": 0.0641802698374,
        "min": 0.000522899907082,
        "var": 0.000846201903187
    },
    "spectral_kurtosis": {
        "dmean": 1.55000567436,
        "dmean2": 2.70947957039,
        "dvar": 2.14834737778,
        "dvar2": 6.21051216125,
        "max": 17.9330062866,
        "mean": 3.07870602608,
        "median": 2.60339164734,
        "min": 0.0787470340729,
        "var": 3.64415812492
    },
    "spectral_rms": {
        "dmean": 0.000426867190981,
        "dmean2": 0.000656855816487,
        "dvar": 2.54648455211e-07,
        "dvar2": 6.04179831498e-07,
        "max": 0.00882878806442,
        "mean": 0.00338907167315,
        "median": 0.00313284620643,
        "min": 1.63326476468e-05,
        "var": 1.44593514051e-06
    },
    "spectral_rolloff": {
        "dmean": 378.208312988,
        "dmean2": 629.117614746,
        "dvar": 155712.15625,
        "dvar2": 404283.8125,
        "max": 7084.42382812,
        "mean": 3426.38647461,
        "median": 3316.11328125,
        "min": 710.595703125,
        "var": 632246.25
    },
    "spectral_skewness": {
        "dmean": 0.196011736989,
        "dmean2": 0.335112959146,
        "dvar": 0.0307681038976,
        "dvar2": 0.0824463292956,
        "max": 3.28683257103,
        "mean": 0.868308842182,
        "median": 0.852931380272,
        "min": 0.0962803661823,
        "var": 0.0869663208723
    },
    "spectral_spread": {
        "dmean": 232944.65625,
        "dmean2": 348480.1875,
        "dvar": 41266212864,
        "dvar2": 85260247040,
        "max": 5995069.5,
        "mean": 3051422,
        "median": 3046676.25,
        "min": 1885427.125,
        "var": 253948362752
    },
    "spectral_strongpeak": {
        "dmean": 0.841430544853,
        "dmean2": 1.4563267231,
        "dvar": 1.23003554344,
        "dvar2": 3.23901414871,
        "max": 13.9201583862,
        "mean": 1.40413236618,
        "median": 0.56881994009,
        "min": 0.000994020490907,
        "var": 2.77368164062
    },
    "zerocrossingrate": {
        "dmean": 0.00763908633962,
        "dmean2": 0.00964435841888,
        "dvar": 4.61781201011e-05,
        "dvar2": 6.76137133269e-05,
        "max": 0.21826171875,
        "mean": 0.108196169138,
        "median": 0.10546875,
        "min": 0.033203125,
        "var": 0.000469885591883
    },
    "barkbands": {
        "dmean": [9.76626506599e-06, 9.98261457426e-05, 0.000400445482228, 0.000805444607977, 0.000392692978494, 0.000342690182151, 0.000159251751029, 0.000163146149134, 0.000278061750578, 0.000489564437885, 0.000615783734247, 0.000225636496907, 0.000250407319982, 0.000284766429104, 0.000626896333415, 0.000691976165399, 0.000337653211318, 0.000341207720339, 0.000334523734637, 0.00029120920226, 0.000159079485456, 0.000114454327559, 9.10962990019e-05, 3.44306281477e-05, 5.07277536599e-06, 3.75689523935e-09, 5.4004922756e-10],
        "dmean2": [1.42495746331e-05, 0.000166848389199, 0.000694195390679, 0.00123386236373, 0.00065074156737, 0.000549286080059, 0.00026399383205, 0.000270468503004, 0.000421312637627, 0.000844056077767, 0.00105005619116, 0.000362883904018, 0.00039802948595, 0.000460035080323, 0.00100837694481, 0.00111875985749, 0.000544456765056, 0.000558816595003, 0.000554000143893, 0.00048131326912, 0.000248358817771, 0.000161179792485, 0.000134581729071, 4.87522884214e-05, 7.61347519074e-06, 6.00386718119e-09, 9.90361459507e-10],
        "dvar": [2.77998624121e-10, 3.98955570802e-08, 8.244323908e-07, 3.36046218763e-06, 2.55742889976e-07, 2.0766881903e-07, 6.72999647122e-08, 1.83081951377e-07, 9.34889271775e-07, 8.51768345456e-06, 9.2472837423e-06, 6.3124633698e-07, 2.18312209199e-07, 3.58936944167e-07, 1.28836722979e-06, 1.48008541601e-06, 1.65630311244e-07, 1.59484827122e-07, 1.79460755589e-07, 1.52927569275e-07, 8.37593105985e-08, 5.51338885657e-08, 4.80137636316e-08, 1.05443600518e-08, 1.09113947044e-10, 7.22933554582e-17, 1.87611924834e-18],
        "dvar2": [5.50814338585e-10, 9.92243158748e-08, 2.18875220526e-06, 7.56005010771e-06, 6.64652134219e-07, 5.25777579696e-07, 1.61997633086e-07, 4.61812987851e-07, 1.89570118891e-06, 2.59190455836e-05, 2.67376453849e-05, 1.58939178618e-06, 4.45321092002e-07, 8.93070421171e-07, 3.19498667523e-06, 3.96317182094e-06, 3.84224421168e-07, 3.94481673993e-07, 4.68745497528e-07, 3.81236759495e-07, 1.84704276762e-07, 1.01326705249e-07, 1.14835266629e-07, 2.08321893069e-08, 2.4711288571e-10, 1.82604805372e-16, 5.60888591341e-18],
        "max": [0.000264305475866, 0.00184161716606, 0.00784439314157, 0.015882294625, 0.00671545788646, 0.00819143466651, 0.00521385576576, 0.00866437703371, 0.0291435215622, 0.0732705369592, 0.0698977410793, 0.026961889118, 0.0133631974459, 0.0112928207964, 0.0248522385955, 0.0199882313609, 0.00889128446579, 0.00659223180264, 0.00607648631558, 0.00829263404012, 0.00688696559519, 0.00661901105195, 0.00809757597744, 0.00588103476912, 0.000471862702398, 3.25126819689e-07, 4.22235402198e-08],
        "mean": [1.17755607789e-05, 9.44182247622e-05, 0.000377430871595, 0.000865048496053, 0.000778618792538, 0.000678017968312, 0.00027454062365, 0.000205010437639, 0.000445972982561, 0.000814244383946, 0.00103372207377, 0.000382208032534, 0.00048344564857, 0.000479219772387, 0.00112475838978, 0.00124333472922, 0.000696002331097, 0.000744020217098, 0.000800735200755, 0.000740196963307, 0.000388950429624, 0.000264530914137, 0.00021987137734, 9.67901214608e-05, 1.21676721392e-05, 6.99639368662e-09, 4.3777298453e-10],
        "median": [2.2574090508e-06, 1.83953361557e-05, 6.89346270519e-05, 0.000132771907374, 0.000564747140743, 0.000474810804008, 0.000186648976523, 6.85027334839e-05, 9.98455725494e-05, 0.000133057721541, 0.000104418577394, 0.000185327633517, 0.000287949631456, 0.000255270366324, 0.000580308435019, 0.000664842315018, 0.000508990837261, 0.000559841864742, 0.00057951931376, 0.000539362081327, 0.000194412350538, 9.34709096327e-05, 0.000104572056443, 4.00136050303e-05, 6.83925873091e-06, 3.37394379102e-09, 1.70917627274e-10],
        "min": [9.00459047604e-12, 9.68980867766e-11, 1.54961543597e-09, 4.03551547734e-09, 6.6988259384e-09, 5.51602319376e-08, 1.08865472193e-09, 9.49602840805e-10, 9.89350290581e-09, 1.25369270521e-09, 1.82798154391e-09, 1.57153001723e-09, 3.39725203524e-09, 2.56722021419e-09, 4.20359924647e-08, 2.24343263966e-08, 2.19218296849e-08, 2.16455724455e-08, 3.00415834431e-08, 2.22695621943e-08, 3.70431951779e-09, 1.29386845682e-09, 3.34324234963e-09, 4.77018757827e-10, 1.8880620678e-10, 1.87206630406e-12, 2.67273551381e-12],
        "var": [4.49583203999e-10, 3.9166767607e-08, 7.13675433417e-07, 3.83534552384e-06, 5.44627027921e-07, 4.73513836141e-07, 1.06058180904e-07, 2.73092183534e-07, 2.32956426771e-06, 1.83065403689e-05, 2.20493348024e-05, 1.11320355245e-06, 7.25743291241e-07, 6.62594402456e-07, 3.5075836422e-06, 3.2717268823e-06, 4.3576486064e-07, 3.79792425065e-07, 5.04790591549e-07, 5.29677265604e-07, 3.49660439269e-07, 2.60633413518e-07, 1.71058147203e-07, 6.72124826906e-08, 5.57832502412e-10, 2.46312813548e-16, 1.18810918891e-18]
    },
    "erbbands": {
        "dmean": [0.00340382754803, 0.0250080563128, 0.285978853703, 2.09796857834, 1.27945446968, 1.42267107964, 2.8986928463, 2.40132308006, 2.51930117607, 2.29138350487, 3.9709482193, 6.42952775955, 10.902557373, 18.4851894379, 21.9122047424, 8.81020450592, 10.7512702942, 11.8094882965, 22.2760219574, 39.2273483276, 26.7593345642, 17.0905590057, 14.2544717789, 21.4052410126, 13.4438619614, 14.6591815948, 8.10308837891, 6.2073225975, 4.27715063095, 3.80416703224, 2.12102484703, 1.07034182549, 0.417297303677, 0.104475282133, 0.00676952907816, 0.000313248223392, 2.19264202315e-05, 4.52168569609e-06, 2.87011789624e-06, 4.49178787676e-06],
        "dmean2": [0.00546303018928, 0.0432576797903, 0.489198774099, 3.23193645477, 2.08989334106, 2.32935237885, 4.6356716156, 3.89333891869, 4.15722703934, 3.76474571228, 6.4690747261, 9.64808654785, 18.2535800934, 31.0494747162, 37.2661819458, 14.4156045914, 16.8911876678, 18.7476768494, 36.5337524414, 63.0485649109, 43.6135902405, 27.1335334778, 23.3024921417, 35.5746154785, 22.2658519745, 24.3521385193, 13.0392942429, 9.43186950684, 6.19419384003, 5.45769691467, 3.16717123985, 1.57529163361, 0.586782991886, 0.150314539671, 0.00976668577641, 0.000444134930149, 2.89834897558e-05, 5.79684683544e-06, 4.02398609367e-06, 6.7863034019e-06],
        "dvar": [4.3370113417e-05, 0.00248676259071, 0.398981839418, 22.8351154327, 5.5155043602, 4.94949436188, 19.935213089, 12.0447912216, 19.4532871246, 16.4833507538, 122.24987793, 639.727355957, 4342.59277344, 7429.33398438, 14061.3916016, 363.9112854, 583.925415039, 460.32131958, 2466.96582031, 4399.97851562, 1619.9798584, 425.091705322, 281.007537842, 770.486694336, 327.748413086, 428.786651611, 148.066955566, 194.39390564, 85.1002349854, 86.0737991333, 17.4064502716, 7.18073892593, 2.46656155586, 0.0627759248018, 0.000275431812042, 6.20372702542e-07, 2.66142441419e-09, 8.8320920022e-11, 1.81701268614e-11, 3.93047955294e-11],
        "dvar2": [9.91400083876e-05, 0.00649736216292, 1.03806555271, 52.953338623, 13.3484630585, 12.0275001526, 51.9047164917, 29.2427711487, 45.7346305847, 42.0249404907, 303.388031006, 1327.97351074, 14545.2539062, 20542.0078125, 39879.4960938, 991.838134766, 1275.92675781, 1027.65551758, 6396.90478516, 10971.5351562, 4174.97070312, 952.502685547, 718.028869629, 1973.10986328, 836.142272949, 1096.87670898, 355.566467285, 435.508666992, 175.263931274, 171.542175293, 37.6168670654, 14.4931774139, 5.80179929733, 0.136552959681, 0.000557297258638, 1.23484051073e-06, 4.67053062891e-09, 1.31264277226e-10, 3.31950300581e-11, 9.60323834343e-11],
        "max": [0.0517076440156, 0.561383545399, 5.62258625031, 40.9893760681, 28.4577884674, 32.2392654419, 113.673416138, 54.6702842712, 90.6323547363, 73.8285293579, 217.497467041, 901.848937988, 2010.5904541, 2212.87426758, 2650.10888672, 413.067749023, 698.969543457, 445.191741943, 1731.79284668, 1211.296875, 808.290588379, 372.801727295, 321.005187988, 357.391204834, 430.733978271, 354.335845947, 331.987243652, 352.732269287, 307.330963135, 359.331176758, 164.272842407, 128.780426025, 90.9518890381, 12.7883682251, 0.932496488094, 0.0458764955401, 0.00322046456859, 0.000575127778575, 0.000194024090888, 0.000142005534144],
        "mean": [0.00355558888987, 0.0218236222863, 0.279263108969, 2.25468397141, 1.85719883442, 2.73606395721, 5.61682128906, 4.50346040726, 4.53121709824, 3.54742765427, 5.72585535049, 10.2684707642, 18.1686973572, 33.6998329163, 38.0480499268, 16.3310947418, 21.4272441864, 24.8058280945, 44.3485679626, 71.2943115234, 57.862411499, 38.4651908875, 35.7785835266, 50.0115966797, 35.5355834961, 36.260799408, 20.4743900299, 14.3749771118, 9.73122501373, 8.69136142731, 5.47813940048, 2.84074044228, 1.13352775574, 0.284648060799, 0.0178774408996, 0.000883899978362, 7.66334560467e-05, 1.79637499969e-05, 1.32695631692e-05, 1.9476043235e-05],
        "median": [0.000531964120455, 0.00518941087648, 0.0563092641532, 0.316328257322, 0.893726944923, 1.44776129723, 4.05750370026, 2.98519086838, 2.83736848831, 2.12338972092, 1.89217674732, 2.29332542419, 4.26387500763, 4.67655038834, 5.10900354385, 9.01552009583, 13.1407299042, 15.7422037125, 25.9988307953, 35.9266586304, 36.6312637329, 29.0518264771, 28.3934898376, 36.320941925, 26.8629894257, 26.3094520569, 13.2867650986, 5.71018648148, 3.73798131943, 3.24716591835, 2.66464233398, 1.26616060734, 0.456259131432, 0.149562820792, 0.00915336795151, 0.000457483547507, 4.34762878285e-05, 1.10483933895e-05, 9.46021827986e-06, 1.45489948409e-05],
        "min": [2.89155033251e-09, 4.40718146422e-08, 1.18494881463e-06, 8.66168829816e-06, 1.56274963956e-05, 1.65670007846e-05, 0.000200383641641, 0.000528840639163, 9.48355736909e-05, 1.15454904517e-05, 5.72640019527e-05, 0.000218669170863, 0.000230873964028, 6.20928258286e-05, 4.28339917562e-05, 7.53972199163e-05, 0.000137018345413, 0.000169650433236, 0.000582667940762, 0.00267235073261, 0.0013381075114, 0.00144938682206, 0.00127299199812, 0.00176751660183, 0.00118284020573, 0.00102853216231, 0.000346136337612, 9.8778255051e-05, 4.89254889544e-05, 5.96914978814e-05, 0.000112832130981, 2.37727817876e-05, 6.1316764004e-06, 3.53116342922e-06, 1.66824321468e-07, 1.29749766486e-08, 4.29747970543e-09, 1.71509972891e-09, 5.49717826814e-10, 4.391925712e-10],
        "var": [5.2675823099e-05, 0.00209329649806, 0.3599178195, 25.4839992523, 6.79428529739, 12.4221849442, 35.5105323792, 26.9401702881, 34.8609580994, 22.4133911133, 211.13583374, 1508.71655273, 8212.43945312, 18854.3769531, 33178.1796875, 707.828857422, 1576.2322998, 1362.61303711, 7963.47900391, 11023.9140625, 4333.88330078, 1189.88781738, 734.380004883, 1938.67736816, 1010.13098145, 1330.40209961, 534.917541504, 723.650878906, 352.123382568, 343.080718994, 88.4995422363, 43.2814216614, 11.8820495605, 0.383633434772, 0.00163950852584, 3.93285426981e-06, 2.24984955111e-08, 8.82839079619e-10, 1.70350192286e-10, 2.29898003412e-10]
    },
    "gfcc": {
        "mean": [-29.0709171295, 80.3119888306, -198.573760986, 64.9275131226, -77.4199066162, 4.14950942993, -48.4066772461, -16.1428527832, -16.3719501495, -23.4187240601, 0.839362442493, -20.4645881653, 4.18057537079],
        "cov": [[1797.63378906, -156.733383179, 244.099517822, 182.693328857, 38.2017822266, 316.989532471, 133.162521362, 93.8238830566, 11.7091360092, -34.7838020325, -79.8112487793, 36.6243057251, 12.5574121475], [-156.733383179, 356.034484863, 7.8462100029, 21.8096427917, 114.165847778, -99.2979507446, 20.9332351685, -14.4710159302, 58.0228805542, -4.47695493698, 29.4350128174, -8.98751354218, -18.7569141388], [244.099517822, 7.8462100029, 296.480499268, 235.397705078, 5.38436222076, 120.912582397, 36.2516021729, 33.5705108643, -8.05866336823, 16.2573432922, -42.1177635193, -6.21033477783, -35.0061988831], [182.693328857, 21.8096427917, 235.397705078, 289.581115723, 54.6368293762, 70.5775527954, 43.8693008423, -5.19100666046, 4.87910890579, 16.6871452332, -44.8814849854, -12.2081899643, -52.1471252441], [38.2017822266, 114.165847778, 5.38436222076, 54.6368293762, 142.766189575, 30.5570030212, 19.6755619049, 6.73069953918, 32.2778244019, 9.03789710999, 29.0281581879, 25.3372516632, 7.87708330154], [316.989532471, -99.2979507446, 120.912582397, 70.5775527954, 30.5570030212, 208.506561279, 61.8532752991, 50.5906066895, -7.24039173126, 12.2276144028, -4.76321411133, 31.7934646606, 14.6285829544], [133.162521362, 20.9332351685, 36.2516021729, 43.8693008423, 19.6755619049, 61.8532752991, 110.690734863, 39.7696990967, 17.5414142609, -14.6887664795, -18.7727146149, -0.396021544933, -0.785584628582], [93.8238830566, -14.4710159302, 33.5705108643, -5.19100666046, 6.73069953918, 50.5906066895, 39.7696990967, 112.1667099, 50.6886634827, 17.1099681854, -0.0476070530713, 7.66382646561, 11.2256574631], [11.7091360092, 58.0228805542, -8.05866336823, 4.87910890579, 32.2778244019, -7.24039173126, 17.5414142609, 50.6886634827, 88.816078186, 33.5965003967, 5.48348140717, -3.73281550407, -8.93852233887], [-34.7838020325, -4.47695493698, 16.2573432922, 16.6871452332, 9.03789710999, 12.2276144028, -14.6887664795, 17.1099681854, 33.5965003967, 72.2248382568, 36.6375350952, 1.93394362926, -7.06485939026], [-79.8112487793, 29.4350128174, -42.1177635193, -44.8814849854, 29.0281581879, -4.76321411133, -18.7727146149, -0.0476070530713, 5.48348140717, 36.6375350952, 84.7047958374, 46.9504241943, 21.4262580872], [36.6243057251, -8.98751354218, -6.21033477783, -12.2081899643, 25.3372516632, 31.7934646606, -0.396021544933, 7.66382646561, -3.73281550407, 1.93394362926, 46.9504241943, 74.058631897, 49.0197944641], [12.5574121475, -18.7569141388, -35.0061988831, -52.1471252441, 7.87708330154, 14.6285829544, -0.785584628582, 11.2256574631, -8.93852233887, -7.06485939026, 21.4262580872, 49.0197944641, 80.3274688721]],
        "icov": [[0.000837890955154, 0.000245175790042, -0.000323574495269, 1.93399082491e-05, -0.0001053053129, -0.000962615769822, -0.000184461445315, 0.000159237664775, -0.00070782302646, 0.000737884547561, 0.000371322996216, -0.00027759745717, 1.58727671078e-05], [0.000245175790042, 0.0155411008745, -0.019618626684, 0.015398981981, -0.0174587983638, 0.0152481803671, -0.0105848899111, 0.00965380482376, -0.00974512659013, 0.00457682739943, -0.00566375115886, 0.00300732767209, 0.00151386449579], [-0.000323574495269, -0.019618626684, 0.0428269691765, -0.0360913425684, 0.0286717116833, -0.0260740891099, 0.018578806892, -0.0187382958829, 0.0130414552987, -0.000764145923313, 0.00111859012395, 0.00186440953985, -0.0046115857549], [1.93399082491e-05, 0.015398981981, -0.0360913425684, 0.038854546845, -0.0280898846686, 0.0225199870765, -0.0181972701102, 0.0161845739931, -0.00526762288064, -0.0103832958266, 0.0131237367168, -0.0130080599338, 0.0122398752719], [-0.0001053053129, -0.0174587983638, 0.0286717116833, -0.0280898846686, 0.0344463437796, -0.0229521151632, 0.0147310169414, -0.0103279892355, 0.0016698052641, 0.00650402763858, -0.00835182704031, 0.00513647543266, -0.00756034906954], [-0.000962615769822, 0.0152481803671, -0.0260740891099, 0.0225199870765, -0.0229521151632, 0.0289767757058, -0.0168764069676, 0.00746330944821, -0.000944962259382, -0.00738953519613, 0.00500394543633, -0.00847293343395, 0.00581414811313], [-0.000184461445315, -0.0105848899111, 0.018578806892, -0.0181972701102, 0.0147310169414, -0.0168764069676, 0.0234109573066, -0.0110570657998, 0.00151754741091, 0.00810473039746, -0.00343546993099, 0.00589998625219, -0.00455901632085], [0.000159237664775, 0.00965380482376, -0.0187382958829, 0.0161845739931, -0.0103279892355, 0.00746330944821, -0.0110570657998, 0.0251262951642, -0.0175197944045, 0.00243516918272, -0.00292455474846, 0.00167664664332, -0.00137429626193], [-0.00070782302646, -0.00974512659013, 0.0130414552987, -0.00526762288064, 0.0016698052641, -0.000944962259382, 0.00151754741091, -0.0175197944045, 0.0363423079252, -0.024347608909, 0.0204409398139, -0.0147545989603, 0.0080246841535], [0.000737884547561, 0.00457682739943, -0.000764145923313, -0.0103832958266, 0.00650402763858, -0.00738953519613, 0.00810473039746, 0.00243516918272, -0.024347608909, 0.0487403608859, -0.041024710983, 0.0304149333388, -0.0117138884962], [0.000371322996216, -0.00566375115886, 0.00111859012395, 0.0131237367168, -0.00835182704031, 0.00500394543633, -0.00343546993099, -0.00292455474846, 0.0204409398139, -0.041024710983, 0.0618335530162, -0.0472334101796, 0.0189067609608], [-0.00027759745717, 0.00300732767209, 0.00186440953985, -0.0130080599338, 0.00513647543266, -0.00847293343395, 0.00589998625219, 0.00167664664332, -0.0147545989603, 0.0304149333388, -0.0472334101796, 0.0622836574912, -0.0304002705961], [1.58727671078e-05, 0.00151386449579, -0.0046115857549, 0.0122398752719, -0.00756034906954, 0.00581414811313, -0.00455901632085, -0.00137429626193, 0.0080246841535, -0.0117138884962, 0.0189067609608, -0.0304002705961, 0.0319376252592]]
    },
    "melbands": {
        "dmean": [2.78356874333e-05, 0.000108676060336, 0.000315745885018, 8.68558636284e-05, 9.11692259251e-05, 5.70019583392e-05, 3.63302315236e-05, 2.60551423708e-05, 3.46152482962e-05, 4.22433695348e-05, 5.72425233258e-05, 7.51972329454e-05, 8.22163638077e-05, 3.02738608298e-05, 2.024269088e-05, 2.8367017876e-05, 2.35076786339e-05, 3.77673204639e-05, 4.78589499835e-05, 6.17223267909e-05, 2.97435162793e-05, 1.99051028176e-05, 1.48842736962e-05, 1.68157803273e-05, 1.97856625164e-05, 1.11483395813e-05, 9.98509858618e-06, 1.14431868496e-05, 6.50488345855e-06, 4.04955289923e-06, 3.84173881685e-06, 2.7685105124e-06, 2.09715585697e-06, 2.37994686358e-06, 1.47194930378e-06, 8.91070897069e-07, 6.06855167007e-07, 3.56539317181e-07, 1.90205369677e-07, 6.35840535779e-08],
        "dmean2": [4.49878316431e-05, 0.000188726175111, 0.000486232194817, 0.000144470192026, 0.000145982383401, 9.17139477679e-05, 5.97341058892e-05, 4.30629843322e-05, 5.67889837839e-05, 6.29705973552e-05, 9.66405859799e-05, 0.000127085964778, 0.000139087540447, 5.02606599184e-05, 3.28492060362e-05, 4.491386062e-05, 3.75504168915e-05, 6.24859603704e-05, 7.58938331273e-05, 9.95060254354e-05, 4.8380192311e-05, 3.18857746606e-05, 2.44974708039e-05, 2.74832036666e-05, 3.3118922147e-05, 1.85400185728e-05, 1.65763522091e-05, 1.9080549464e-05, 1.05699318738e-05, 6.46159332973e-06, 5.9632943703e-06, 4.16576085627e-06, 2.96789903587e-06, 3.56567898052e-06, 2.26039196605e-06, 1.34521314976e-06, 9.1342980113e-07, 5.14024975473e-07, 2.81086812493e-07, 9.43994180602e-08],
        "dvar": [2.97706348462e-09, 5.42483604704e-08, 5.0174531907e-07, 1.6827684135e-08, 1.63928071117e-08, 5.77000536239e-09, 3.57105389703e-09, 2.78102652018e-09, 9.66063407049e-09, 2.71996736245e-08, 1.25719736843e-07, 1.39449937819e-07, 1.9216700764e-07, 1.73605361198e-08, 1.55337254171e-09, 3.26066773582e-09, 2.11585682308e-09, 7.98127786084e-09, 7.73555353106e-09, 1.30532571418e-08, 1.71846115116e-09, 6.61269594637e-10, 3.19498649759e-10, 4.32121560756e-10, 7.12782943779e-10, 1.92871343896e-10, 2.19199908225e-10, 2.64155752827e-10, 1.0330061806e-10, 5.64321957219e-11, 7.83029127649e-11, 3.25684097746e-11, 2.22419565404e-11, 3.58815407941e-11, 7.67085527043e-12, 3.61019048857e-12, 2.84491505874e-12, 2.60025269545e-12, 1.57837745695e-13, 2.69031453744e-14],
        "dvar2": [7.07694347568e-09, 1.42836157124e-07, 1.16146350138e-06, 4.2981600501e-08, 4.26654693797e-08, 1.42639500211e-08, 8.44753422768e-09, 7.13454939572e-09, 2.40976554267e-08, 5.44091811605e-08, 4.18359263676e-07, 3.84785153074e-07, 5.36138315965e-07, 4.89995812814e-08, 3.73147335253e-09, 7.28978077902e-09, 4.7978461204e-09, 2.0499737019e-08, 1.81027104418e-08, 3.53362779038e-08, 4.36181446517e-09, 1.48507028896e-09, 8.40039815486e-10, 1.05071962242e-09, 1.83526338571e-09, 5.04215891262e-10, 5.73705527529e-10, 6.79367173628e-10, 2.6167601419e-10, 1.35447056349e-10, 1.78517270411e-10, 7.29107191288e-11, 4.05048182495e-11, 8.38168562334e-11, 1.84956511912e-11, 7.01210617349e-12, 6.17713042175e-12, 6.43588611224e-12, 3.31339068595e-13, 6.32663002932e-14],
        "max": [0.000462531199446, 0.00205477979034, 0.00632681325078, 0.00146704632789, 0.00323500391096, 0.00120677484665, 0.00119810656179, 0.00129096303135, 0.00184092042036, 0.00582422083244, 0.0104958135635, 0.0100832795724, 0.0114769237116, 0.00380250066519, 0.00117962714285, 0.00163412920665, 0.000843922141939, 0.00343696866184, 0.00177446880843, 0.00194169546012, 0.000702482182533, 0.000573639234062, 0.000341829669196, 0.000346118438756, 0.000349887821358, 0.000228069577133, 0.000333755044267, 0.00030383063131, 0.000274872640148, 0.000151161410031, 0.00021449601627, 0.000145569298184, 0.000162735275808, 0.00020803877851, 9.78013486019e-05, 7.17770599294e-05, 7.86010277807e-05, 9.07666035346e-05, 1.52863558469e-05, 8.1624084487e-06],
        "mean": [2.8327023756e-05, 0.0001043213706, 0.000355212891009, 0.000150668725837, 0.000182277653948, 0.000110328219307, 6.65934348945e-05, 3.76934003725e-05, 4.94947416882e-05, 6.65090992698e-05, 9.2726033472e-05, 0.000134110756335, 0.000139251438668, 5.3200412367e-05, 3.73704642698e-05, 5.2817445976e-05, 4.25089347118e-05, 6.53385359328e-05, 8.35144310258e-05, 0.00010340368317, 5.87517715758e-05, 3.9299549826e-05, 3.2032308809e-05, 3.58186625817e-05, 4.19453572249e-05, 2.64096543106e-05, 2.29922588915e-05, 2.52229838225e-05, 1.41749533213e-05, 8.89111015567e-06, 8.06916887086e-06, 5.61662636755e-06, 4.67985864816e-06, 4.90025195177e-06, 3.40658584719e-06, 2.22592893806e-06, 1.48658773469e-06, 8.69773998602e-07, 4.72474084745e-07, 1.55475092356e-07],
        "median": [4.73126146971e-06, 2.32157799473e-05, 7.39890165278e-05, 9.1187263024e-05, 0.000143259501783, 7.74520813138e-05, 4.47430757049e-05, 1.99997575692e-05, 1.4505711988e-05, 1.41846658153e-05, 1.95008342416e-05, 1.73513708432e-05, 1.44261157402e-05, 1.9947941837e-05, 2.34877734329e-05, 3.17436351907e-05, 2.43964641413e-05, 3.50223854184e-05, 4.01069555664e-05, 5.11658290634e-05, 3.74188930437e-05, 2.73772402579e-05, 2.4874756491e-05, 2.6809888368e-05, 2.90777934424e-05, 1.98518046091e-05, 1.68258684425e-05, 1.75899604073e-05, 9.20498405321e-06, 4.17425462729e-06, 3.07323102788e-06, 2.2903639092e-06, 1.4386340581e-06, 1.99867508854e-06, 1.67434700415e-06, 1.04846594695e-06, 6.09864741818e-07, 3.0150567909e-07, 2.55525776538e-07, 7.77214239633e-08],
        "min": [2.37217554627e-11, 4.16230772071e-10, 1.76257697326e-09, 8.78228156864e-10, 5.77505021582e-09, 1.11597522334e-08, 1.19318588343e-09, 9.73693348172e-11, 5.83773474006e-10, 1.26778065823e-09, 1.03240349603e-09, 2.03842748236e-10, 1.93610072419e-10, 7.43506367584e-11, 3.34756916631e-10, 3.3472793981e-10, 2.78703005119e-10, 4.86516271714e-10, 3.47538553491e-09, 2.70926348023e-09, 1.18026022289e-09, 1.822257234e-09, 7.90850163135e-10, 1.04853059568e-09, 1.53716617213e-09, 8.55920168075e-10, 7.82954256984e-10, 6.49815978804e-10, 2.72915412491e-10, 7.82919631903e-11, 5.04825833914e-11, 2.83912997279e-11, 2.27746172615e-11, 3.45305659066e-11, 6.69471839077e-11, 3.97026439503e-11, 7.27316644411e-12, 3.81526754634e-12, 4.84437750331e-12, 2.04799328538e-12],
        "var": [3.34406102809e-09, 4.77788795195e-08, 5.6616937627e-07, 3.14726236184e-08, 2.95492661451e-08, 1.37998954486e-08, 6.50015774539e-09, 3.81669185145e-09, 1.74986212187e-08, 6.58622028027e-08, 2.39402680791e-07, 3.47736204276e-07, 4.56937129911e-07, 3.56597169571e-08, 3.57860430178e-09, 9.15201070484e-09, 5.05695929576e-09, 2.34013892708e-08, 1.97183727124e-08, 2.77769469648e-08, 4.11752321128e-09, 1.64268121328e-09, 7.27826077185e-10, 9.58843893173e-10, 1.63953184362e-09, 5.66928282097e-10, 5.71615255129e-10, 7.4529510341e-10, 2.69596983626e-10, 1.97753063924e-10, 2.57428689476e-10, 1.04844140314e-10, 1.07832805185e-10, 1.05268287143e-10, 3.04965844244e-11, 2.0086534866e-11, 1.42960253011e-11, 9.9006540813e-12, 8.54723247474e-13, 1.3139133065e-13]
    },
    "mfcc": {
        "mean": [-627.632202148, 69.8734588623, -45.5938949585, 29.7280864716, -3.38024234772, 2.65267658234, -13.8759012222, -4.64188528061, -16.9038219452, -1.81851875782, -16.0970420837, -7.36074972153, -5.52707052231],
        "cov": [[1652.31994629, -200.454193115, 219.155334473, 10.0438537598, 50.4304847717, 190.177520752, 102.602867126, 176.333251953, 134.826828003, 16.6868095398, 24.7332878113, -29.295085907, 20.8644256592], [-200.454193115, 362.21786499, -152.317733765, 40.9600257874, 33.0607795715, -59.8538017273, -37.4728012085, -10.8849668503, -25.5363178253, 8.14052772522, 17.7831897736, 26.8194255829, 14.5559616089], [219.155334473, -152.317733765, 346.551574707, 102.169548035, 29.4498653412, 107.443054199, 60.7941894531, 50.8433761597, 55.3084754944, 7.68759965897, 37.9968338013, -3.50375413895, -13.4220924377], [10.0438537598, 40.9600257874, 102.169548035, 227.001327515, 34.1070747375, 58.6422538757, 0.245517298579, 10.1880722046, 22.9418983459, 1.45009624958, 18.7073688507, 18.1429233551, 3.73716807365], [50.4304847717, 33.0607795715, 29.4498653412, 34.1070747375, 121.6979599, 44.9762077332, 17.9880390167, 23.8085193634, 8.84450054169, -2.72809267044, 19.1261978149, 15.3924751282, 39.0847053528], [190.177520752, -59.8538017273, 107.443054199, 58.6422538757, 44.9762077332, 147.797134399, 59.3942070007, 38.582824707, 21.014705658, -3.13975334167, 10.1099977493, -3.21594524384, 10.7660856247], [102.602867126, -37.4728012085, 60.7941894531, 0.245517298579, 17.9880390167, 59.3942070007, 88.5175704956, 45.7000961304, 16.9604434967, -3.04274153709, 1.54123580456, -2.5857231617, 10.2740831375], [176.333251953, -10.8849668503, 50.8433761597, 10.1880722046, 23.8085193634, 38.582824707, 45.7000961304, 102.689422607, 59.8404655457, 8.71752166748, 10.6514930725, 1.55213487148, 17.7151355743], [134.826828003, -25.5363178253, 55.3084754944, 22.9418983459, 8.84450054169, 21.014705658, 16.9604434967, 59.8404655457, 97.8378448486, 37.7304420471, 21.0154438019, 0.0324562527239, -0.678005814552], [16.6868095398, 8.14052772522, 7.68759965897, 1.45009624958, -2.72809267044, -3.13975334167, -3.04274153709, 8.71752166748, 37.7304420471, 73.0498123169, 41.031288147, 9.44950866699, -5.81513690948], [24.7332878113, 17.7831897736, 37.9968338013, 18.7073688507, 19.1261978149, 10.1099977493, 1.54123580456, 10.6514930725, 21.0154438019, 41.031288147, 86.5360412598, 37.6720161438, 2.00020384789], [-29.295085907, 26.8194255829, -3.50375413895, 18.1429233551, 15.3924751282, -3.21594524384, -2.5857231617, 1.55213487148, 0.0324562527239, 9.44950866699, 37.6720161438, 67.0890960693, 35.7693939209], [20.8644256592, 14.5559616089, -13.4220924377, 3.73716807365, 39.0847053528, 10.7660856247, 10.2740831375, 17.7151355743, -0.678005814552, -5.81513690948, 2.00020384789, 35.7693939209, 84.1566619873]],
