{
"lowlevel": {
    "average_loudness": 0.92860096693,
    "barkbands_crest": {
        "dmean": 2.79640078545,
        "dmean2": 4.513235569,
        "dvar": 6.51095819473,
        "dvar2": 16.1464443207,
        "max": 26.0637760162,
        "mean": 10.0022439957,
        "median": 9.13904476166,
        "min": 2.68793964386,
        "var": 17.1859436035
    },
    "barkbands_flatness_db": {
        "dmean": 0.0229136254638,
        "dmean2": 0.0344597697258,
        "dvar": 0.000485473050503,
        "dvar2": 0.00105567998253,
        "max": 0.37993362546,
        "mean": 0.146622955799,
        "median": 0.136222913861,
        "min": 0.0360983535647,
        "var": 0.00261445087381
    },
    "barkbands_kurtosis": {
        "dmean": 4.03386211395,
        "dmean2": 6.39690113068,
        "dvar": 71.4944915771,
        "dvar2": 163.005004883,
        "max": 159.211608887,
        "mean": 5.72961330414,
        "median": 1.54520082474,
        "min": -1.95477509499,
        "var": 133.812011719
    },
    "barkbands_skewness": {
        "dmean": 0.669080853462,
        "dmean2": 1.01091456413,
        "dvar": 0.626321971416,
        "dvar2": 1.32365739346,
        "max": 11.3254699707,
        "mean": 1.51710808277,
        "median": 1.28025269508,
        "min": -3.77391982079,
        "var": 2.22771549225
    },
    "barkbands_spread": {
        "dmean": 7.37589597702,
        "dmean2": 11.2578611374,
        "dvar": 118.228553772,
        "dvar2": 247.430496216,
        "max": 119.538841248,
        "mean": 23.1213188171,
        "median": 19.5551280975,
        "min": 0.971777617931,
        "var": 309.470001221
    },
    "dissonance": {
        "dmean": 0.023132737726,
        "dmean2": 0.0392600484192,
        "dvar": 0.000596409954596,
        "dvar2": 0.00151309801731,
        "max": 0.499647587538,
        "mean": 0.453079134226,
        "median": 0.461564034224,
        "min": 0,
        "var": 0.00121334812138
    },
    "dynamic_complexity": 2.30654621124,
    "erbbands_crest": {
        "dmean": 3.02587461472,
        "dmean2": 4.88093042374,
        "dvar": 8.01901912689,
        "dvar2": 19.9324035645,
        "max": 30.5973072052,
        "mean": 10.1464014053,
        "median": 9.09869194031,
        "min": 2.34716081619,
        "var": 22.3117809296
    },
    "erbbands_flatness_db": {
        "dmean": 0.0203449334949,
        "dmean2": 0.0285288337618,
        "dvar": 0.000390924629755,
        "dvar2": 0.000769139092881,
        "max": 0.339356511831,
        "mean": 0.15520131588,
        "median": 0.150805234909,
        "min": 0.042741291225,
        "var": 0.00212013768032
    },
    "erbbands_kurtosis": {
        "dmean": 1.38236665726,
        "dmean2": 2.22258400917,
        "dvar": 7.36753034592,
        "dvar2": 17.7632522583,
        "max": 54.3898582458,
        "mean": 0.996537923813,
        "median": 0.100175857544,
        "min": -1.82405972481,
        "var": 11.0174331665
    },
    "erbbands_skewness": {
        "dmean": 0.482345968485,
        "dmean2": 0.721275806427,
        "dvar": 0.279344469309,
        "dvar2": 0.578547000885,
        "max": 6.89629983902,
        "mean": 0.458209991455,
        "median": 0.411591291428,
        "min": -2.99978685379,
        "var": 1.01138055325
    },
    "erbbands_spread": {
        "dmean": 9.73973464966,
        "dmean2": 14.5906572342,
        "dvar": 144.961898804,
        "dvar2": 303.916503906,
        "max": 177.893096924,
        "mean": 38.8238143921,
        "median": 34.078666687,
        "min": 4.1822180748,
        "var": 519.374633789
    },
    "hfc": {
        "dmean": 10.2466058731,
        "dmean2": 14.8640985489,
        "dvar": 480.85848999,
        "dvar2": 896.270568848,
        "max": 325.490905762,
        "mean": 26.4140167236,
        "median": 17.8823986053,
        "min": 1.13860762808e-16,
        "var": 1010.88641357
    },
    "melbands_crest": {
        "dmean": 3.5069000721,
        "dmean2": 5.68480205536,
        "dvar": 9.97308826447,
        "dvar2": 24.1929683685,
        "max": 32.7947692871,
        "mean": 14.1776094437,
        "median": 12.895529747,
        "min": 1.60069572926,
        "var": 35.4870033264
    },
    "melbands_flatness_db": {
        "dmean": 0.0277964603156,
        "dmean2": 0.0417669825256,
        "dvar": 0.000715145084541,
        "dvar2": 0.00152927683666,
        "max": 0.442979037762,
        "mean": 0.193246901035,
        "median": 0.178931713104,
        "min": 0.00302282813936,
        "var": 0.00448041316122
    },
    "melbands_kurtosis": {
        "dmean": 8.42779636383,
        "dmean2": 13.5632009506,
        "dvar": 288.265106201,
        "dvar2": 687.858093262,
        "max": 261.24005127,
        "mean": 14.3845701218,
        "median": 6.71671295166,
        "min": -1.91912722588,
        "var": 533.169921875
    },
    "melbands_skewness": {
        "dmean": 0.804487705231,
        "dmean2": 1.24526524544,
        "dvar": 0.929064631462,
        "dvar2": 2.11916851997,
        "max": 11.9779396057,
        "mean": 2.48006820679,
        "median": 2.15492916107,
        "min": -1.43354582787,
        "var": 3.19450974464
    },
    "melbands_spread": {
        "dmean": 9.56555271149,
        "dmean2": 14.4390420914,
        "dvar": 291.178741455,
        "dvar2": 558.208496094,
        "max": 255.184204102,
        "mean": 26.3502464294,
        "median": 20.6173591614,
        "min": 0.895233571529,
        "var": 654.400085449
    },
    "pitch_salience": {
        "dmean": 0.0726832300425,
        "dmean2": 0.117305934429,
        "dvar": 0.00431368220598,
        "dvar2": 0.0106908380985,
        "max": 0.986018955708,
        "mean": 0.533460259438,
        "median": 0.539260447025,
        "min": 0.0914098694921,
        "var": 0.0127906287089
    },
    "silence_rate_20dB": {
        "dmean": 0,
        "dmean2": 0,
        "dvar": 0,
        "dvar2": 0,
        "max": 1,
        "mean": 1,
        "median": 1,
        "min": 1,
        "var": 0
    },
    "silence_rate_30dB": {
        "dmean": 0,
        "dmean2": 0,
        "dvar": 0,
        "dvar2": 0,
        "max": 1,
        "mean": 1,
        "median": 1,
        "min": 1,
        "var": 0
    },
    "silence_rate_60dB": {
        "dmean": 0.00927357003093,
        "dmean2": 0.018554309383,
        "dvar": 0.00918740779161,
        "dvar2": 0.0228477232158,
        "max": 1,
        "mean": 0.0451911948621,
        "median": 0,
        "min": 0,
        "var": 0.0431476160884
    },
    "spectral_centroid": {
        "dmean": 305.517059326,
        "dmean2": 445.233123779,
        "dvar": 199703.375,
        "dvar2": 312230.84375,
        "max": 11308.9990234,
        "mean": 1307.15966797,
        "median": 1196.20800781,
        "min": 212.784729004,
        "var": 601091.75
    },
    "spectral_complexity": {
        "dmean": 3.43894910812,
        "dmean2": 5.20216464996,
        "dvar": 13.1041574478,
        "dvar2": 26.5814266205,
        "max": 50,
        "mean": 17.9544219971,
        "median": 17,
        "min": 0,
        "var": 88.9434204102
    },
    "spectral_decrease": {
        "dmean": 2.17763296284e-09,
        "dmean2": 3.46638806548e-09,
        "dvar": 7.20817179898e-18,
        "dvar2": 1.80414709043e-17,
        "max": 5.18008590086e-29,
        "mean": -6.46556319595e-09,
        "median": -6.21206064366e-09,
        "min": -2.58046970458e-08,
        "var": 1.53426171392e-17
    },
    "spectral_energy": {
        "dmean": 0.00861522834748,
        "dmean2": 0.0137338982895,
        "dvar": 0.000106349783891,
        "dvar2": 0.000269030861091,
        "max": 0.099016174674,
        "mean": 0.0267983525991,
        "median": 0.0259685702622,
        "min": 1.04280519172e-20,
        "var": 0.000231820260524
    },
    "spectral_energyband_high": {
        "dmean": 0.000733066524845,
        "dmean2": 0.00102991878521,
        "dvar": 4.55869076177e-06,
        "dvar2": 8.05912168289e-06,
        "max": 0.0329153984785,
        "mean": 0.00127297162544,
        "median": 0.000421998265665,
        "min": 7.86785198871e-21,
        "var": 8.98434518604e-06
    },
    "spectral_energyband_low": {
        "dmean": 0.00444744713604,
        "dmean2": 0.00736999092624,
        "dvar": 5.94986449869e-05,
        "dvar2": 0.000149870640598,
        "max": 0.0852781310678,
        "mean": 0.00823147967458,
        "median": 0.00500628631562,
        "min": 5.70640584929e-23,
        "var": 0.000102609570604
    },
    "spectral_energyband_middle_high": {
        "dmean": 0.0021737953648,
        "dmean2": 0.0032816848252,
        "dvar": 1.20627992146e-05,
        "dvar2": 2.86239410343e-05,
        "max": 0.0409699194133,
        "mean": 0.00594040937722,
        "median": 0.00367257767357,
        "min": 1.28251779134e-21,
        "var": 4.23335986852e-05
    },
    "spectral_energyband_middle_low": {
        "dmean": 0.00559862470254,
        "dmean2": 0.00879194587469,
        "dvar": 5.25529358129e-05,
        "dvar2": 0.000129015708808,
        "max": 0.0824500769377,
        "mean": 0.012271925807,
        "median": 0.00931638572365,
        "min": 3.25805385116e-22,
        "var": 0.000110875393148
    },
    "spectral_entropy": {
        "dmean": 0.210908353329,
        "dmean2": 0.296144545078,
        "dvar": 0.0487859658897,
        "dvar2": 0.0888107344508,
        "max": 9.81757354736,
        "mean": 7.550532341,
        "median": 7.58571815491,
        "min": 5.31449842453,
        "var": 0.246750712395
    },
    "spectral_flux": {
        "dmean": 0.0269042085856,
        "dmean2": 0.0424884445965,
        "dvar": 0.000711322354618,
        "dvar2": 0.0016868483508,
        "max": 0.262702614069,
        "mean": 0.0889552533627,
        "median": 0.0850534588099,
        "min": 1.02117835021e-10,
        "var": 0.00177666766103
    },
    "spectral_kurtosis": {
        "dmean": 1.44713699818,
        "dmean2": 2.2338051796,
        "dvar": 2.55861186981,
        "dvar2": 5.84047746658,
        "max": 25.2663345337,
        "mean": 4.43536758423,
        "median": 4.10954189301,
        "min": -1.57700371742,
        "var": 7.90423297882
    },
    "spectral_rms": {
        "dmean": 0.000795395695604,
        "dmean2": 0.00124116055667,
        "dvar": 7.36443155347e-07,
        "dvar2": 1.78131176654e-06,
        "max": 0.00982858799398,
        "mean": 0.00485080480576,
        "median": 0.00503340736032,
        "min": 3.18962521326e-12,
        "var": 2.61440504801e-06
    },
    "spectral_rolloff": {
        "dmean": 754.959899902,
        "dmean2": 1260.97009277,
        "dvar": 3204011.75,
        "dvar2": 6135691,
        "max": 19207.6171875,
        "mean": 1929.83312988,
        "median": 1184.32617188,
        "min": 86.1328125,
        "var": 6560277
    },
    "spectral_skewness": {
        "dmean": 0.23011367023,
        "dmean2": 0.342697292566,
        "dvar": 0.057075239718,
        "dvar2": 0.110037989914,
        "max": 4.12730741501,
        "mean": 1.62571632862,
        "median": 1.60474550724,
        "min": -0.353240191936,
        "var": 0.221125230193
    },
    "spectral_spread": {
        "dmean": 876880.625,
        "dmean2": 1165216.25,
        "dvar": 2.30628891034e+12,
        "dvar2": 3.00116973978e+12,
        "max": 41414880,
        "mean": 5455716.5,
        "median": 4753237,
        "min": 1867206.375,
        "var": 8.36965970739e+12
    },
    "spectral_strongpeak": {
        "dmean": 0.74484795332,
        "dmean2": 1.27717888355,
        "dvar": 1.57721018791,
        "dvar2": 4.17538166046,
        "max": 14.4479799271,
        "mean": 1.19593596458,
        "median": 0.724501788616,
        "min": 0,
        "var": 2.16320943832
    },
    "zerocrossingrate": {
        "dmean": 0.0165691114962,
        "dmean2": 0.0183695293963,
        "dvar": 0.000920572085306,
        "dvar2": 0.000973688031081,
        "max": 0.517578125,
        "mean": 0.0723580345511,
        "median": 0.05859375,
        "min": 0.0068359375,
        "var": 0.0039082816802
    },
    "barkbands": {
        "dmean": [0.000151147629367, 0.00177556963172, 0.00258720223792, 0.00127424148377, 0.00221635191701, 0.0021061215084, 0.000970200286247, 0.000546205090359, 0.000855024321936, 0.000847660237923, 0.000454944791272, 0.000382485130103, 0.00028026488144, 0.00029832898872, 0.000246988231083, 0.000310972740408, 0.000532575126272, 0.000343800114933, 0.000158936920343, 0.000138918665471, 8.2733175077e-05, 5.85049856454e-05, 7.27076185285e-05, 0.000146035439684, 0.000284123903839, 0.000138872128446, 3.89647141219e-08],
        "dmean2": [0.000263088557404, 0.00295351678506, 0.00433116499335, 0.0021888113115, 0.0035673873499, 0.00325744133443, 0.00158673606347, 0.000886993599124, 0.00133815256413, 0.00136406556703, 0.00075486273272, 0.000619123398792, 0.000435633788584, 0.000492632214446, 0.000406780192861, 0.000491250073537, 0.000842061592266, 0.000526579446159, 0.000256340368651, 0.000222184025915, 0.000126292536152, 8.72772870935e-05, 0.000109502594569, 0.000215394684346, 0.000404117221478, 0.000206321463338, 6.75463027733e-08],
        "dvar": [2.41449839677e-07, 8.33742706163e-06, 2.5277815439e-05, 5.54382813789e-06, 1.92942898138e-05, 1.4067988559e-05, 4.68224425276e-06, 1.40597660447e-06, 3.68012297258e-06, 4.10028314946e-06, 2.43387739829e-06, 1.68285134805e-06, 4.04591958159e-07, 5.56953693831e-07, 3.66031628118e-07, 5.8270501313e-07, 1.84395116776e-06, 1.09612892629e-06, 1.50041728375e-07, 8.53212114293e-08, 2.88671149207e-08, 2.58602543823e-08, 4.5190571285e-08, 2.89754211735e-07, 1.2911630165e-06, 3.53875890369e-07, 2.96658314233e-14],
        "dvar2": [6.34101184005e-07, 2.26543033932e-05, 6.26881446806e-05, 1.47609407577e-05, 4.59502662125e-05, 3.21012375935e-05, 1.16039063869e-05, 3.54500821231e-06, 9.77584568318e-06, 1.08214026113e-05, 7.0398182288e-06, 4.22167659053e-06, 9.26290226744e-07, 1.39353983286e-06, 9.39144740641e-07, 1.27469172639e-06, 4.4096836973e-06, 2.2771832846e-06, 3.72031735196e-07, 2.2126873489e-07, 6.51574936228e-08, 5.31728794329e-08, 1.0401463868e-07, 5.58006377105e-07, 2.45608248406e-06, 7.82025836088e-07, 8.16170590313e-14],
        "max": [0.00505256187171, 0.0344892442226, 0.0588904246688, 0.030406460166, 0.0623044781387, 0.0477266684175, 0.0319518223405, 0.026239797473, 0.0302082449198, 0.0314582064748, 0.0259605888277, 0.0266909152269, 0.0133414389566, 0.0140166794881, 0.0111162848771, 0.016080699861, 0.0206677317619, 0.026688657701, 0.00661351718009, 0.00500861275941, 0.00361654558219, 0.00319190323353, 0.0042114239186, 0.0116231972352, 0.0189042501152, 0.00925229396671, 3.40493261319e-06],
        "mean": [0.000122551675304, 0.00315051735379, 0.00411987537518, 0.00139265088364, 0.00371606741101, 0.0033673865255, 0.00138655654155, 0.000849806529004, 0.00140366342384, 0.00128315354232, 0.000631817732938, 0.000513426144607, 0.000486385077238, 0.000448972656159, 0.000378858792828, 0.000445301906439, 0.000874950608704, 0.000607623660471, 0.00024248099362, 0.000238502892898, 0.000157187372679, 9.91917549982e-05, 0.00011758897017, 0.000225123076234, 0.000374212366296, 0.000164517216035, 3.16949844148e-08],
        "median": [1.07961168396e-05, 0.00197379756719, 0.0012714555487, 0.000518580898643, 0.00105047097895, 0.00115321052726, 0.000534079794306, 0.000338716927217, 0.000578720122576, 0.000522152404301, 0.000167639693245, 0.0001403617498, 0.000233490049141, 0.000152969616465, 0.000127496634377, 0.000172058105818, 0.000234304243349, 0.000147935905261, 9.91900160443e-05, 9.95264854282e-05, 7.33477863832e-05, 3.89882261516e-05, 4.30246363976e-05, 4.17085320805e-05, 3.89169872506e-05, 1.07697778731e-05, 1.94185378888e-09],
        "min": [1.64362893026e-23, 3.04316978141e-23, 1.4143944709e-24, 6.94668940985e-24, 4.81536599983e-23, 5.8514193096e-23, 3.49376776156e-23, 2.93484781953e-23, 8.10175232682e-23, 5.29204435259e-23, 5.76505418661e-23, 6.42038302868e-23, 6.97166616606e-23, 1.11430275799e-22, 1.15208768074e-22, 6.16672259579e-23, 1.02077465176e-22, 1.19448990102e-22, 2.06814767376e-22, 1.89697028469e-22, 3.42819234197e-22, 5.45573829157e-22, 6.35156974528e-22, 8.66014985361e-22, 1.14050101798e-21, 1.72630251238e-21, 2.21683232864e-21],
        "var": [1.78348415147e-07, 1.45781059473e-05, 4.61553936475e-05, 5.78566869081e-06, 4.20446049247e-05, 2.98820541502e-05, 6.77885054756e-06, 2.1100088361e-06, 5.6739449974e-06, 5.84005874771e-06, 3.03845558847e-06, 2.37673225456e-06, 7.48267495965e-07, 7.55771850436e-07, 5.51848131636e-07, 8.84125654466e-07, 4.17782030127e-06, 2.5245813049e-06, 2.00900743152e-07, 1.55751379793e-07, 6.51988329992e-08, 4.52566162323e-08, 6.84992969013e-08, 5.75862998176e-07, 2.13081125366e-06, 4.52637920034e-07, 2.23710583207e-14]
    },
    "erbbands": {
        "dmean": [0.0376459099352, 0.479150563478, 2.68032073975, 3.7241230011, 3.21755981445, 7.84563302994, 18.9768924713, 16.9361000061, 15.4555959702, 10.128900528, 11.6190671921, 18.0427761078, 20.6855659485, 25.6845626831, 18.1071109772, 11.9160060883, 11.6740722656, 12.545835495, 15.0088272095, 11.3432941437, 19.0674419403, 28.5903568268, 19.7974777222, 10.0534801483, 7.7174706459, 6.49320173264, 4.94441747665, 2.1034886837, 1.96565365791, 2.28498768806, 2.19951629639, 2.36022734642, 3.05648708344, 3.64078569412, 1.77913105488, 0.712751030922, 0.23669950664, 0.029655078426, 0.000535732484423, 3.14602802973e-05],
        "dmean2": [0.0628819316626, 0.802672445774, 4.46329212189, 6.24122047424, 5.42569637299, 12.6423892975, 29.3857784271, 26.5261726379, 24.8662796021, 16.5414142609, 18.7266864777, 28.3206195831, 33.5990371704, 41.5479850769, 29.5857048035, 18.9822883606, 18.0257377625, 20.3817939758, 24.5992183685, 18.2289962769, 29.8223381042, 44.7445869446, 29.6935005188, 15.7852258682, 12.5122041702, 10.4000310898, 7.55658483505, 3.24650549889, 2.92012166977, 3.37401938438, 3.39357495308, 3.42036890984, 4.54792881012, 5.20487976074, 2.52244520187, 1.06126308441, 0.345282226801, 0.0450593493879, 0.000802954717074, 4.63301039417e-05],
        "dvar": [0.00522957043722, 0.638700783253, 27.4018764496, 40.9657821655, 52.6513404846, 264.762451172, 1410.17614746, 1257.6237793, 1337.26757812, 392.023468018, 495.697845459, 1473.09838867, 3057.57397461, 4134.83544922, 2635.48291016, 1243.34619141, 510.654663086, 948.387817383, 1432.62158203, 863.176513672, 2222.40771484, 5898.39257812, 3760.94213867, 554.633300781, 405.955963135, 167.132446289, 102.211807251, 22.2606945038, 26.2607135773, 47.8451766968, 48.5013084412, 67.7192764282, 127.634033203, 210.136154175, 56.6576156616, 9.24218177795, 1.13553988934, 0.016723793, 5.08744369654e-06, 8.75818528812e-09],
        "dvar2": [0.0134480763227, 1.76489889622, 67.8875808716, 105.6095047, 139.184555054, 641.909240723, 3180.83081055, 2919.82910156, 3305.05419922, 989.647766113, 1241.30029297, 3716.06176758, 8267.85644531, 11420.1992188, 7120.23046875, 3063.26708984, 1159.84936523, 2250.22387695, 3673.5222168, 2175.55102539, 4893.19921875, 13363.3740234, 8061.03222656, 1261.68579102, 1026.54724121, 424.527893066, 236.265853882, 52.5032081604, 52.6688842773, 110.995689392, 117.46307373, 135.096359253, 244.917663574, 420.257110596, 115.948356628, 19.7516593933, 2.5439748764, 0.0371004007757, 1.11327799459e-05, 1.83417370181e-08],
        "max": [0.782249510288, 8.70877075195, 60.9619178772, 93.8909454346, 101.440483093, 208.917831421, 592.129089355, 569.620300293, 503.605194092, 353.700439453, 436.608795166, 547.355834961, 1230.94458008, 1219.67333984, 1065.23425293, 650.466430664, 381.086334229, 457.177154541, 754.336608887, 682.692077637, 1111.64501953, 1440.67224121, 1882.21813965, 415.067871094, 303.114746094, 203.853607178, 248.745376587, 106.178115845, 114.621803284, 157.03944397, 140.36769104, 142.815200806, 245.037765503, 227.086959839, 171.162765503, 60.6567268372, 21.8025722504, 2.27734971046, 0.0371942259371, 0.00139454763848],
        "mean": [0.0598263181746, 0.86121994257, 4.53593683243, 4.75714159012, 4.184923172, 12.2604618073, 32.1608848572, 26.2615699768, 22.8447799683, 15.9280900955, 19.9727954865, 31.6513156891, 31.0917072296, 41.4654273987, 28.3239631653, 18.2073764801, 22.4594402313, 20.6373977661, 23.9724693298, 18.4156780243, 29.5588493347, 48.8357429504, 36.7092781067, 19.4324703217, 11.9334669113, 11.3622941971, 9.70937919617, 4.04214763641, 3.36880111694, 3.69703769684, 3.40484380722, 3.59978842735, 4.52714300156, 4.70998001099, 2.2185022831, 0.85784548521, 0.270856827497, 0.0342943742871, 0.00064610253321, 6.14657255937e-05],
        "median": [0.0279610678554, 0.543613195419, 1.59163141251, 2.2244656086, 1.87430727482, 3.5766749382, 8.56489944458, 9.18408679962, 8.82198619843, 8.37117195129, 10.9879322052, 13.8006162643, 14.3005695343, 17.0235309601, 9.87246608734, 7.41569900513, 11.6386709213, 7.90385007858, 8.42966556549, 7.5177989006, 12.5812416077, 13.8965358734, 9.76381778717, 6.46339988708, 5.41330385208, 4.95896100998, 3.76082396507, 2.11755681038, 1.40656924248, 1.36215162277, 1.19563210011, 0.717272102833, 0.791480183601, 0.468694806099, 0.248227074742, 0.0676421374083, 0.0162410642952, 0.00170605175663, 5.25513823959e-05, 3.76718453481e-05],
        "min": [1.42344343755e-21, 4.6025520778e-21, 4.9977424622e-21, 1.02713779315e-20, 3.08749267227e-20, 1.6301807971e-19, 2.55448650148e-19, 5.96776690757e-19, 6.00761323165e-19, 6.24475402255e-19, 7.98584668584e-19, 1.95087631659e-18, 1.51398391887e-18, 2.02446416504e-18, 2.34328438854e-18, 2.87765691952e-18, 2.61873842765e-18, 6.50962687066e-18, 6.69078728303e-18, 6.0099489829e-18, 7.90962426714e-18, 6.44291682221e-18, 7.682375419e-18, 8.6972706095e-18, 9.91493175638e-18, 9.73788780833e-18, 1.26811461475e-17, 1.68003045931e-17, 1.84495273723e-17, 1.85806404624e-17, 1.68673757059e-17, 1.30896062796e-17, 1.55121362252e-17, 1.0731546791e-17, 8.05366536311e-18, 6.07454723925e-18, 3.13589505534e-18, 1.24817511589e-18, 2.74928753574e-19, 3.44413676325e-20],
        "var": [0.00780722592026, 1.12754929066, 51.5772361755, 47.5889053345, 53.017665863, 483.670806885, 3593.96606445, 2304.42358398, 1945.36572266, 588.989685059, 769.431091309, 2566.42797852, 3457.5859375, 6501.15722656, 4184.74414062, 1821.08752441, 1279.515625, 1562.30493164, 2089.03857422, 1415.51208496, 3358.51171875, 12935.0957031, 8442.16015625, 1653.60717773, 476.248199463, 301.265319824, 301.097625732, 44.1918525696, 46.903137207, 70.7874450684, 65.6336135864, 123.864936829, 252.773895264, 347.164215088, 79.5604858398, 12.4313898087, 1.38537251949, 0.0213598310947, 6.69510927764e-06, 1.3108409469e-08]
    },
    "gfcc": {
        "mean": [4.92146492004, 83.7402267456, -111.405708313, 25.52302742, -61.6255264282, 14.2901830673, -44.8430709839, 16.5079574585, -28.2713527679, 3.67824816704, -17.7704772949, 1.93427217007, -9.03599071503],
        "cov": [[7482.87255859, -677.702453613, -254.523208618, 410.704101562, 14.7925338745, 234.784347534, -22.5543174744, 313.292327881, -139.901809692, -38.1523666382, -128.40612793, 117.317260742, -42.6051025391], [-677.702453613, 1178.40356445, -195.744766235, 115.510116577, 62.7458457947, -120.719558716, 119.898704529, -119.394226074, 59.6424102783, -77.4775543213, 102.455299377, -30.1249485016, 129.529083252], [-254.523208618, -195.744766235, 1152.66918945, 113.993247986, -48.3121185303, 247.326538086, -72.9079360962, -71.3347930908, 25.0250606537, 46.0638389587, -25.7482433319, 38.9255867004, -70.0430374146], [410.704101562, 115.510116577, 113.993247986, 411.870941162, 96.6698989868, 33.6752166748, 52.6436729431, 56.7337303162, 46.2244262695, -34.9176521301, 14.9335546494, 15.7188510895, 22.1599674225], [14.7925338745, 62.7458457947, -48.3121185303, 96.6698989868, 191.587417603, 37.887336731, 62.614566803, 43.4609451294, 5.04565238953, 2.82320451736, 17.6075134277, -2.6220035553, 6.30822181702], [234.784347534, -120.719558716, 247.326538086, 33.6752166748, 37.887336731, 282.720367432, 67.3889923096, -12.0974588394, 4.18672084808, 24.9640636444, -25.6736507416, -18.1928710938, -56.346157074], [-22.5543174744, 119.898704529, -72.9079360962, 52.6436729431, 62.614566803, 67.3889923096, 148.728317261, 42.4448204041, 10.8504123688, -9.83782291412, 11.0307264328, -16.1315059662, -3.71331882477], [313.292327881, -119.394226074, -71.3347930908, 56.7337303162, 43.4609451294, -12.0974588394, 42.4448204041, 173.374969482, 36.2895050049, -11.5456523895, 1.07593429089, 10.6350955963, 3.7692463398], [-139.901809692, 59.6424102783, 25.0250606537, 46.2244262695, 5.04565238953, 4.18672084808, 10.8504123688, 36.2895050049, 94.3699951172, 19.5253391266, 11.6957616806, -0.676908910275, 8.26463985443], [-38.1523666382, -77.4775543213, 46.0638389587, -34.9176521301, 2.82320451736, 24.9640636444, -9.83782291412, -11.5456523895, 19.5253391266, 88.6513748169, 20.1249027252, 0.594134509563, -16.7515506744], [-128.40612793, 102.455299377, -25.7482433319, 14.9335546494, 17.6075134277, -25.6736507416, 11.0307264328, 1.07593429089, 11.6957616806, 20.1249027252, 95.537147522, 28.9874725342, 31.8654155731], [117.317260742, -30.1249485016, 38.9255867004, 15.7188510895, -2.6220035553, -18.1928710938, -16.1315059662, 10.6350955963, -0.676908910275, 0.594134509563, 28.9874725342, 79.5518188477, 37.0605278015], [-42.6051025391, 129.529083252, -70.0430374146, 22.1599674225, 6.30822181702, -56.346157074, -3.71331882477, 3.7692463398, 8.26463985443, -16.7515506744, 31.8654155731, 37.0605278015, 109.562835693]],
        "icov": [[0.000221665657591, -0.000104130915133, 0.000209098521736, -0.000361626443919, 0.000277732935501, -0.000497427245136, 0.000480856077047, -0.000640096783172, 0.000726272992324, -0.000365222018445, 0.000388855754863, -0.000513232022058, 0.000132516768645], [-0.000104130915133, 0.00220986152999, -0.000222363625653, 6.17243276793e-05, -0.00067075714469, 0.00146446749568, -0.00252807163633, 0.00311234407127, -0.00254664337263, 0.00244481628761, -0.00203406694345, 0.00197297474369, -0.00171858037356], [0.000209098521736, -0.000222363625653, 0.00163784332108, -0.000889222428668, 0.00071574136382, -0.00195516669191, 0.00174628314562, -0.000366080348613, 0.000426639075158, -0.000677488453221, 0.000544621085282, -0.00162535742857, 0.000851804099511], [-0.000361626443919, 6.17243276793e-05, -0.000889222428668, 0.00403563259169, -0.00202966667712, 0.000915528915357, -0.00124119827524, 0.000593433913309, -0.00268521625549, 0.00239783292636, -0.000845259113703, 0.000466870260425, -0.000416011025663], [0.000277732935501, -0.00067075714469, 0.00071574136382, -0.00202966667712, 0.00766772869974, -0.0017849864671, -0.000432535423897, -0.00267777987756, 0.00286988122389, -0.00241526425816, 8.5809850134e-05, -0.000509458070155, 4.86854660267e-05], [-0.000497427245136, 0.00146446749568, -0.00195516669191, 0.000915528915357, -0.0017849864671, 0.00817276164889, -0.00607468746603, 0.00380203896202, -0.00275406148285, 0.0007318793796, -0.000270844844636, 0.00205877795815, 0.000311331416015], [0.000480856077047, -0.00252807163633, 0.00174628314562, -0.00124119827524, -0.000432535423897, -0.00607468746603, 0.014386347495, -0.00613944465294, 0.00352348410524, -0.00138576130848, 0.000394365430111, -0.000910263683181, 0.00185834267177], [-0.000640096783172, 0.00311234407127, -0.000366080348613, 0.000593433913309, -0.00267777987756, 0.00380203896202, -0.00613944465294, 0.0131573565304, -0.00811714027077, 0.00500341225415, -0.00235993531533, 0.00127486896235, -0.00120130053256], [0.000726272992324, -0.00254664337263, 0.000426639075158, -0.00268521625549, 0.00286988122389, -0.00275406148285, 0.00352348410524, -0.00811714027077, 0.0184732284397, -0.0077638621442, 0.00235612108372, -0.00110906129703, 3.54292460543e-05], [-0.000365222018445, 0.00244481628761, -0.000677488453221, 0.00239783292636, -0.00241526425816, 0.0007318793796, -0.00138576130848, 0.00500341225415, -0.0077638621442, 0.0183561891317, -0.00686001451686, 0.00231363531202, 0.000950670568272], [0.000388855754863, -0.00203406694345, 0.000544621085282, -0.000845259113703, 8.5809850134e-05, -0.000270844844636, 0.000394365430111, -0.00235993531533, 0.00235612108372, -0.00686001451686, 0.0168267078698, -0.00679600099102, -0.000796272885054], [-0.000513232022058, 0.00197297474369, -0.00162535742857, 0.000466870260425, -0.000509458070155, 0.00205877795815, -0.000910263683181, 0.00127486896235, -0.00110906129703, 0.00231363531202, -0.00679600099102, 0.0206989385188, -0.00723982136697], [0.000132516768645, -0.00171858037356, 0.000851804099511, -0.000416011025663, 4.86854660267e-05, 0.000311331416015, 0.00185834267177, -0.00120130053256, 3.54292460543e-05, 0.000950670568272, -0.000796272885054, -0.00723982136697, 0.0149239944294]]
    },
    "melbands": {
        "dmean": [0.000398430798668, 0.0011098633986, 0.000611167750321, 0.000327390822349, 0.000626423046924, 0.000377540825866, 0.000222978094826, 0.000114282927825, 9.71919580479e-05, 0.000119259442727, 0.000109774111479, 0.000112909241579, 6.70578083373e-05, 4.84525371576e-05, 2.53714151768e-05, 2.64475893346e-05, 2.43726317422e-05, 2.75112397503e-05, 1.70507264556e-05, 1.6332269297e-05, 2.45128303504e-05, 3.20090148307e-05, 2.58360232692e-05, 1.83148968063e-05, 7.61749834055e-06, 6.42182112642e-06, 5.04904028276e-06, 4.48071523351e-06, 4.0709296627e-06, 1.8911425741e-06, 1.16877902201e-06, 1.14055308131e-06, 1.25597205169e-06, 1.31079229959e-06, 1.33722357987e-06, 1.23298730159e-06, 1.62113065016e-06, 2.12434815694e-06, 2.75812203654e-06, 3.26634517478e-06],
        "dmean2": [0.000663082697429, 0.00185523717664, 0.00102087575942, 0.000533449579962, 0.00097631092649, 0.000585378089454, 0.000360080273822, 0.000185153039638, 0.000154631372425, 0.000187588739209, 0.000177333247848, 0.000181519499165, 0.00011050588364, 7.91618658695e-05, 4.08286032325e-05, 4.10671382269e-05, 4.00844292017e-05, 4.54295950476e-05, 2.81934517261e-05, 2.62840276264e-05, 3.9174909034e-05, 5.0916652981e-05, 4.08478772442e-05, 2.82798027911e-05, 1.21179145935e-05, 1.05507797343e-05, 8.22351012175e-06, 7.25252948541e-06, 6.32858336758e-06, 2.95422523777e-06, 1.83621568794e-06, 1.73610499132e-06, 1.89961190245e-06, 1.97798613044e-06, 2.11349947676e-06, 1.83051770364e-06, 2.41526799982e-06, 3.2033374282e-06, 4.0730424189e-06, 4.78834454043e-06],
        "dvar": [4.40485706577e-07, 4.32127581007e-06, 1.184637199e-06, 4.22956389912e-07, 1.49241247982e-06, 5.50524362097e-07, 2.59109526723e-07, 4.90389702179e-08, 2.84757160074e-08, 7.22073778547e-08, 8.08908495742e-08, 7.89306824345e-08, 4.49761863308e-08, 2.94781852261e-08, 4.77441197688e-09, 3.4939560134e-09, 3.52904439005e-09, 5.52372325657e-09, 2.11331174782e-09, 1.72999525816e-09, 3.99060917644e-09, 7.99681565411e-09, 6.17983531015e-09, 3.91464061167e-09, 3.26411536689e-10, 2.89083673666e-10, 1.76682307673e-10, 7.8179948626e-11, 8.41947206398e-11, 1.93128048276e-11, 7.29433614205e-12, 8.18591028295e-12, 1.54382062689e-11, 1.3116889519e-11, 1.76300224419e-11, 1.67283652208e-11, 3.5294860784e-11, 6.13583558962e-11, 1.20865289999e-10, 1.82971485185e-10],
        "dvar2": [1.15628813546e-06, 1.0989850125e-05, 3.10401992465e-06, 1.01738464764e-06, 3.45930470758e-06, 1.28672422761e-06, 6.37716311758e-07, 1.24099145182e-07, 7.08510228264e-08, 1.8914765576e-07, 2.1761357516e-07, 2.1583521459e-07, 1.28103110342e-07, 7.36380840749e-08, 1.04591642014e-08, 7.73904584861e-09, 8.5714981779e-09, 1.42841685147e-08, 5.50751133588e-09, 3.89193477446e-09, 8.92899709726e-09, 1.87366602233e-08, 1.56362212067e-08, 8.1912165939e-09, 7.44992179058e-10, 7.33766714056e-10, 4.54884546697e-10, 2.01142422163e-10, 2.07479339265e-10, 4.84443700433e-11, 1.74675031384e-11, 1.7539077829e-11, 3.37348100843e-11, 3.01401230363e-11, 4.50982445832e-11, 3.4812982358e-11, 7.41422340189e-11, 1.25454285849e-10, 2.39866626561e-10, 3.76267184077e-10],
        "max": [0.00885378662497, 0.0245550591499, 0.0140068577603, 0.00975245051086, 0.018461573869, 0.0112109202892, 0.00750145874918, 0.00398674514145, 0.00315046776086, 0.00367377977818, 0.00601245509461, 0.00534037407488, 0.00404114322737, 0.00369189842604, 0.00178119260818, 0.00132522557396, 0.000744547287468, 0.00159900786821, 0.000971159315668, 0.000860051601194, 0.0013720310526, 0.00151031219866, 0.00144633313175, 0.00142140756361, 0.000338811252732, 0.00028847460635, 0.000253235688433, 0.000122377750813, 0.000188260382856, 9.69250904745e-05, 4.46205194748e-05, 5.79561856284e-05, 8.17947584437e-05, 7.58795431466e-05, 9.19492231333e-05, 7.43106866139e-05, 9.98053801595e-05, 0.000159153452842, 0.000234241320868, 0.000220887057367],
        "mean": [0.000695796392392, 0.00196314416826, 0.000817494408693, 0.000488741672598, 0.00107930088416, 0.000594204640947, 0.000327329704305, 0.000182089934242, 0.000171106585185, 0.000196366658201, 0.000159265444381, 0.000178322472493, 9.77566014626e-05, 6.61449885229e-05, 4.46992526122e-05, 4.56158450106e-05, 3.66415733879e-05, 4.04980019084e-05, 2.5513516448e-05, 2.44085676968e-05, 3.52098250005e-05, 4.86654789711e-05, 4.47018901468e-05, 3.02493263007e-05, 1.36784028655e-05, 9.33795854507e-06, 7.41602434573e-06, 7.47438707549e-06, 7.45801025914e-06, 3.19477521771e-06, 2.00704448616e-06, 1.85998567304e-06, 1.95729762709e-06, 2.05902460948e-06, 1.976131216e-06, 1.85999851965e-06, 2.30242130783e-06, 3.05874618789e-06, 3.71683722733e-06, 4.08730420531e-06],
        "median": [0.000438755581854, 0.000956432078965, 0.000393161928514, 0.000195324639208, 0.000290694180876, 0.000207251869142, 0.000127156614326, 9.13023613975e-05, 9.57418378675e-05, 8.04813025752e-05, 6.93877882441e-05, 7.05521524651e-05, 2.98237155221e-05, 1.75484437932e-05, 2.18503701035e-05, 2.04066764127e-05, 1.26783388623e-05, 1.28554520415e-05, 9.31643171498e-06, 9.12070572667e-06, 1.40444981298e-05, 1.3818982552e-05, 9.43456325331e-06, 6.73217618896e-06, 4.30232694271e-06, 3.6734254536e-06, 3.34429819304e-06, 3.01042678075e-06, 2.40364420279e-06, 1.55746226937e-06, 9.13479425435e-07, 7.3115916166e-07, 7.31994248326e-07, 7.54442453399e-07, 7.29685268652e-07, 4.58523174984e-07, 4.0973486648e-07, 5.82312111419e-07, 4.54068441513e-07, 3.63650030977e-07],
        "min": [1.29600688053e-23, 6.44422721729e-24, 2.56756218899e-24, 5.58290825463e-24, 1.03903244298e-23, 1.30239894156e-23, 9.71714760975e-24, 6.58876783437e-24, 7.95373740855e-24, 1.18650012845e-23, 7.50771860818e-24, 7.76172314219e-24, 8.00776254764e-24, 6.44415464208e-24, 4.35426488893e-24, 9.72766391447e-24, 1.19864408988e-23, 1.1460702182e-23, 8.39712378007e-24, 6.01044798829e-24, 8.49155200815e-24, 5.48743636357e-24, 6.71187155078e-24, 6.67480297684e-24, 6.39207562284e-24, 7.6490864267e-24, 5.57555370441e-24, 6.51437509556e-24, 7.46950381935e-24, 8.46746335155e-24, 9.78494468252e-24, 9.3022067736e-24, 1.13283415773e-23, 8.77842443178e-24, 9.5212387371e-24, 8.28499824645e-24, 7.63656325983e-24, 9.36121120273e-24, 9.82136165735e-24, 7.1447794829e-24],
        "var": [7.31920408725e-07, 7.91215006757e-06, 1.35442689952e-06, 6.91327500135e-07, 3.78883532903e-06, 1.06625827812e-06, 3.82996148574e-07, 7.65082504017e-08, 4.90729021863e-08, 1.12097623628e-07, 9.22912875012e-08, 1.25098409853e-07, 6.1659363837e-08, 4.31583266902e-08, 7.93125209952e-09, 6.43606146156e-09, 5.32548627419e-09, 7.09278769051e-09, 2.81960099713e-09, 2.87383228326e-09, 5.30447641367e-09, 1.35058364492e-08, 1.45062726276e-08, 8.46379677455e-09, 9.24334497832e-10, 3.41944222937e-10, 1.91842083885e-10, 1.40476935639e-10, 2.30238730858e-10, 3.31013098875e-11, 1.29726368536e-11, 1.44974050126e-11, 2.38360685356e-11, 1.97532233626e-11, 2.07627994658e-11, 2.89516709218e-11, 5.78550506114e-11, 1.1141389894e-10, 2.16759235561e-10, 2.81711015626e-10]
    },
    "mfcc": {
        "mean": [-639.465270996, 116.916717529, 5.08660078049, 14.7974319458, 5.91776227951, -4.11762714386, -0.114366725087, 1.6371973753, 0.63928180933, -0.870025038719, -3.05717182159, 0.467863351107, -1.86701214314],
        "cov": [[5513.85400391, -511.026184082, -420.655426025, 222.943023682, 105.583404541, -71.9230957031, 170.036819458, 273.789489746, 173.308135986, 35.8505172729, -90.0577011108, 3.38164043427, 72.8872528076], [-511.026184082, 865.358764648, -97.2070770264, 87.1101531982, -65.9091033936, 40.5422096252, -5.63772439957, -25.8007640839, -49.4813156128, -23.3247909546, -8.35562610626, -18.925567627, -28.2995548248], [-420.655426025, -97.2070770264, 1010.94195557, -18.6226596832, 141.221405029, 211.404830933, -22.2593746185, 3.06710648537, -15.5765762329, -9.64769744873, 51.8365097046, -23.5304813385, 9.63558483124], [222.943023682, 87.1101531982, -18.6226596832, 356.704467773, 78.3853149414, -25.1157150269, 16.2388629913, 65.5794830322, 34.6887741089, -17.2262420654, -13.46118927, 46.9588241577, 7.93111896515], [105.583404541, -65.9091033936, 141.221405029, 78.3853149414, 167.691177368, 46.0325431824, 28.2034111023, 32.0859069824, 25.0808734894, 10.3689641953, 7.228931427, 15.0778264999, 22.8721752167], [-71.9230957031, 40.5422096252, 211.404830933, -25.1157150269, 46.0325431824, 264.891296387, 60.8916931152, 11.0631599426, -11.0135889053, 43.9487571716, 25.9158191681, -37.9387512207, 11.5786724091], [170.036819458, -5.63772439957, -22.2593746185, 16.2388629913, 28.2034111023, 60.8916931152, 149.508453369, 60.1348762512, 15.6593999863, 25.3153629303, 9.19196128845, 5.00575685501, 16.364315033], [273.789489746, -25.8007640839, 3.06710648537, 65.5794830322, 32.0859069824, 11.0631599426, 60.1348762512, 143.719024658, 55.638923645, 22.0890522003, 0.880477666855, 18.4314746857, 9.89652442932], [173.308135986, -49.4813156128, -15.5765762329, 34.6887741089, 25.0808734894, -11.0135889053, 15.6593999863, 55.638923645, 102.825561523, 34.5496902466, -3.56870770454, 13.8270597458, 8.00761508942], [35.8505172729, -23.3247909546, -9.64769744873, -17.2262420654, 10.3689641953, 43.9487571716, 25.3153629303, 22.0890522003, 34.5496902466, 107.219413757, 39.5813026428, -3.45135831833, 6.9239282608], [-90.0577011108, -8.35562610626, 51.8365097046, -13.46118927, 7.228931427, 25.9158191681, 9.19196128845, 0.880477666855, -3.56870770454, 39.5813026428, 84.7278289795, 20.6464881897, -6.76672840118], [3.38164043427, -18.925567627, -23.5304813385, 46.9588241577, 15.0778264999, -37.9387512207, 5.00575685501, 18.4314746857, 13.8270597458, -3.45135831833, 20.6464881897, 80.1960220337, 17.6168308258], [72.8872528076, -28.2995548248, 9.63558483124, 7.93111896515, 22.8721752167, 11.5786724091, 16.364315033, 9.89652442932, 8.00761508942, 6.9239282608, -6.76672840118, 17.6168308258, 69.6426086426]],
