{
"lowlevel": {
    "average_loudness": 0.971875607967,
    "barkbands_crest": {
        "dmean": 3.0870859623,
        "dmean2": 4.90044689178,
        "dvar": 7.7984380722,
        "dvar2": 17.1061439514,
        "max": 25.5387992859,
        "mean": 11.0251169205,
        "median": 10.2945375443,
        "min": 3.61030459404,
        "var": 19.4429149628
    },
    "barkbands_flatness_db": {
        "dmean": 0.0254630092531,
        "dmean2": 0.0396696142852,
        "dvar": 0.000500385300256,
        "dvar2": 0.0011612722883,
        "max": 0.341326415539,
        "mean": 0.166144862771,
        "median": 0.163138791919,
        "min": 0.0751022994518,
        "var": 0.00172862631734
    },
    "barkbands_kurtosis": {
        "dmean": 3.20101714134,
        "dmean2": 5.08922529221,
        "dvar": 29.8357791901,
        "dvar2": 78.3165893555,
        "max": 112.187843323,
        "mean": 3.6110367775,
        "median": 0.904357910156,
        "min": -1.93299114704,
        "var": 56.4980926514
    },
    "barkbands_skewness": {
        "dmean": 0.671732664108,
        "dmean2": 1.00161147118,
        "dvar": 0.418731600046,
        "dvar2": 0.982163786888,
        "max": 9.00720024109,
        "mean": 1.53403520584,
        "median": 1.34900403023,
        "min": -1.21898388863,
        "var": 1.69638848305
    },
    "barkbands_spread": {
        "dmean": 7.58654069901,
        "dmean2": 11.3608407974,
        "dvar": 85.1943283081,
        "dvar2": 155.033905029,
        "max": 109.856147766,
        "mean": 28.3736534119,
        "median": 25.2544822693,
        "min": 1.44145917892,
        "var": 312.004089355
    },
    "dissonance": {
        "dmean": 0.014401126653,
        "dmean2": 0.0244518313557,
        "dvar": 0.000205822740099,
        "dvar2": 0.000548840791453,
        "max": 0.499503016472,
        "mean": 0.475043565035,
        "median": 0.481429576874,
        "min": 0.378011196852,
        "var": 0.000435716036009
    },
    "dynamic_complexity": 1.96215903759,
    "erbbands_crest": {
        "dmean": 3.01399898529,
        "dmean2": 4.93727636337,
        "dvar": 7.85823106766,
        "dvar2": 19.6494579315,
        "max": 26.7856445312,
        "mean": 9.03983879089,
        "median": 7.93614721298,
        "min": 2.44056797028,
        "var": 20.1814804077
    },
    "erbbands_flatness_db": {
        "dmean": 0.0176940821111,
        "dmean2": 0.0245723482221,
        "dvar": 0.000230522811762,
        "dvar2": 0.000427447143011,
        "max": 0.299535095692,
        "mean": 0.172927647829,
        "median": 0.16767577827,
        "min": 0.0965465009212,
        "var": 0.0013070916757
    },
    "erbbands_kurtosis": {
        "dmean": 1.0670208931,
        "dmean2": 1.62804925442,
        "dvar": 1.68613111973,
        "dvar2": 3.61911177635,
        "max": 15.3220005035,
        "mean": 0.70055603981,
        "median": 0.0699694156647,
        "min": -1.70270991325,
        "var": 4.27301549911
    },
    "erbbands_skewness": {
        "dmean": 0.414184063673,
        "dmean2": 0.620138645172,
        "dvar": 0.144079312682,
        "dvar2": 0.307161211967,
        "max": 2.28242278099,
        "mean": -0.190245822072,
        "median": -0.190879628062,
        "min": -3.72780156136,
        "var": 0.588944256306
    },
    "erbbands_spread": {
        "dmean": 9.98198986053,
        "dmean2": 14.5688667297,
        "dvar": 93.9988479614,
        "dvar2": 217.557754517,
        "max": 118.660346985,
        "mean": 40.4132499695,
        "median": 38.4006881714,
        "min": 6.08201646805,
        "var": 385.217651367
    },
    "hfc": {
        "dmean": 9.70607852936,
        "dmean2": 14.4684677124,
        "dvar": 162.841430664,
        "dvar2": 364.31539917,
        "max": 139.55178833,
        "mean": 28.2953472137,
        "median": 24.3162822723,
        "min": 4.53852153441e-05,
        "var": 421.507537842
    },
    "melbands_crest": {
        "dmean": 3.52012777328,
        "dmean2": 5.80455255508,
        "dvar": 10.4450569153,
        "dvar2": 22.9919528961,
        "max": 30.9588184357,
        "mean": 16.1608028412,
        "median": 15.6464252472,
        "min": 4.69505739212,
        "var": 27.0087451935
    },
    "melbands_flatness_db": {
        "dmean": 0.0317342057824,
        "dmean2": 0.0479825362563,
        "dvar": 0.000822461559437,
        "dvar2": 0.00181694910862,
        "max": 0.414424061775,
        "mean": 0.201826572418,
        "median": 0.199995070696,
        "min": 0.0682900622487,
        "var": 0.00322338705882
    },
    "melbands_kurtosis": {
        "dmean": 10.2369728088,
        "dmean2": 16.4568901062,
        "dvar": 295.75213623,
        "dvar2": 791.244506836,
        "max": 241.247817993,
        "mean": 16.3481483459,
        "median": 8.74649715424,
        "min": -1.59111690521,
        "var": 504.943603516
    },
    "melbands_skewness": {
        "dmean": 1.00164294243,
        "dmean2": 1.52957570553,
        "dvar": 1.06417131424,
        "dvar2": 2.62015485764,
        "max": 11.4262094498,
        "mean": 3.10621905327,
        "median": 2.75689291954,
        "min": -0.601360917091,
        "var": 3.75354552269
    },
    "melbands_spread": {
        "dmean": 9.36111450195,
        "dmean2": 14.3212947845,
        "dvar": 134.739151001,
        "dvar2": 289.724121094,
        "max": 167.440109253,
        "mean": 27.2303237915,
        "median": 23.194026947,
        "min": 0.922501146793,
        "var": 383.823913574
    },
    "pitch_salience": {
        "dmean": 0.0861710011959,
        "dmean2": 0.137902721763,
        "dvar": 0.00618246011436,
        "dvar2": 0.0151843801141,
        "max": 0.828368723392,
        "mean": 0.48560205102,
        "median": 0.488779127598,
        "min": 0.137385696173,
        "var": 0.0136111276224
    },
    "silence_rate_20dB": {
        "dmean": 0,
        "dmean2": 0,
        "dvar": 0,
        "dvar2": 0,
        "max": 1,
        "mean": 1,
        "median": 1,
        "min": 1,
        "var": 0
    },
    "silence_rate_30dB": {
        "dmean": 0.0232558138669,
        "dmean2": 0.0465477108955,
        "dvar": 0.0227151345462,
        "dvar2": 0.0614485815167,
        "max": 1,
        "mean": 0.985282719135,
        "median": 1,
        "min": 0,
        "var": 0.0145006924868
    },
    "silence_rate_60dB": {
        "dmean": 0.00310077518225,
        "dmean2": 0.00620636157691,
        "dvar": 0.0030911709182,
        "dvar2": 0.00616788864136,
        "max": 1,
        "mean": 0.0232378002256,
        "median": 0,
        "min": 0,
        "var": 0.0226975847036
    },
    "spectral_centroid": {
        "dmean": 307.489074707,
        "dmean2": 457.362915039,
        "dvar": 110218.890625,
        "dvar2": 207529.109375,
        "max": 4672.46923828,
        "mean": 1600.2857666,
        "median": 1539.39489746,
        "min": 261.368804932,
        "var": 414705.03125
    },
    "spectral_complexity": {
        "dmean": 5.42790699005,
        "dmean2": 7.82544612885,
        "dvar": 33.0555496216,
        "dvar2": 59.0641975403,
        "max": 58,
        "mean": 23.1990699768,
        "median": 22,
        "min": 0,
        "var": 131.549133301
    },
    "spectral_decrease": {
        "dmean": 3.44370443273e-09,
        "dmean2": 5.27941113049e-09,
        "dvar": 1.63287984091e-17,
        "dvar2": 3.5966597201e-17,
        "max": -2.79199626878e-14,
        "mean": -9.97883109477e-09,
        "median": -8.54105941528e-09,
        "min": -3.79682703056e-08,
        "var": 4.05131524245e-17
    },
    "spectral_energy": {
        "dmean": 0.013492804952,
        "dmean2": 0.020708385855,
        "dvar": 0.000245822709985,
        "dvar2": 0.00054110417841,
        "max": 0.14586673677,
        "mean": 0.0402288846672,
        "median": 0.0348649993539,
        "min": 1.09492916067e-07,
        "var": 0.000611455412582
    },
    "spectral_energyband_high": {
        "dmean": 0.000677180592902,
        "dmean2": 0.000974435126409,
        "dvar": 1.55662883117e-06,
        "dvar2": 3.15362649417e-06,
        "max": 0.0169199313968,
        "mean": 0.00135135045275,
        "median": 0.000647067732643,
        "min": 1.7086093651e-09,
        "var": 3.86722786061e-06
    },
    "spectral_energyband_low": {
        "dmean": 0.0106749087572,
        "dmean2": 0.0164685044438,
        "dvar": 0.000207963879802,
        "dvar2": 0.000467465230031,
        "max": 0.130862638354,
        "mean": 0.0224748793989,
        "median": 0.0146945882589,
        "min": 4.634656392e-08,
        "var": 0.00045173583203
    },
    "spectral_energyband_middle_high": {
        "dmean": 0.00302267214283,
        "dmean2": 0.00454074237496,
        "dvar": 1.37607039505e-05,
        "dvar2": 3.1464627682e-05,
        "max": 0.0450095385313,
        "mean": 0.00811341032386,
        "median": 0.00572700891644,
        "min": 9.40433331209e-09,
        "var": 5.72505086893e-05
    },
    "spectral_energyband_middle_low": {
        "dmean": 0.00559689057991,
        "dmean2": 0.00914006307721,
        "dvar": 7.50751059968e-05,
        "dvar2": 0.000188585807336,
        "max": 0.0684380084276,
        "mean": 0.0100255925208,
        "median": 0.00672301882878,
        "min": 5.58141017848e-08,
        "var": 0.000101526929939
    },
    "spectral_entropy": {
        "dmean": 0.149069398642,
        "dmean2": 0.205938696861,
        "dvar": 0.021635202691,
        "dvar2": 0.0371367409825,
        "max": 8.61956977844,
        "mean": 7.68103170395,
        "median": 7.66957855225,
        "min": 6.75391578674,
        "var": 0.105812586844
    },
    "spectral_flux": {
        "dmean": 0.0340597741306,
        "dmean2": 0.0523136518896,
        "dvar": 0.00126352254301,
        "dvar2": 0.00239258189686,
        "max": 0.320637971163,
        "mean": 0.108636915684,
        "median": 0.0976391136646,
        "min": 0.000330897135427,
        "var": 0.00302087911405
    },
    "spectral_kurtosis": {
        "dmean": 1.46283340454,
        "dmean2": 2.45944714546,
        "dvar": 2.5959072113,
        "dvar2": 7.45591974258,
        "max": 20.9177093506,
        "mean": 2.7522919178,
        "median": 2.46212911606,
        "min": -1.47432458401,
        "var": 4.63845062256
    },
    "spectral_rms": {
        "dmean": 0.00101144006476,
        "dmean2": 0.00153460004367,
        "dvar": 1.10275402676e-06,
        "dvar2": 2.31598005485e-06,
        "max": 0.0119293341413,
        "mean": 0.00595129374415,
        "median": 0.00583220645785,
        "min": 1.0335490515e-05,
        "var": 3.82980988434e-06
    },
    "spectral_rolloff": {
        "dmean": 624.514160156,
        "dmean2": 1032.44299316,
        "dvar": 1199659.5,
        "dvar2": 2384346.25,
        "max": 9474.609375,
        "mean": 1576.46276855,
        "median": 1141.25976562,
        "min": 86.1328125,
        "var": 2878216.25
    },
    "spectral_skewness": {
        "dmean": 0.225167676806,
        "dmean2": 0.354767352343,
        "dvar": 0.0470538884401,
        "dvar2": 0.113713607192,
        "max": 3.0028219223,
        "mean": 1.17126226425,
        "median": 1.15654861927,
        "min": -0.207943990827,
        "var": 0.149430379272
    },
    "spectral_spread": {
        "dmean": 523937.4375,
        "dmean2": 675765.25,
        "dvar": 347734441984,
        "dvar2": 484678533120,
        "max": 13288073,
        "mean": 4273287.5,
        "median": 3897475,
        "min": 2206720.75,
        "var": 2.1633195049e+12
    },
    "spectral_strongpeak": {
        "dmean": 0.614837825298,
        "dmean2": 1.08789229393,
        "dvar": 1.7071788311,
        "dvar2": 4.21491861343,
        "max": 15.8677663803,
        "mean": 0.942555010319,
        "median": 0.427532553673,
        "min": 0,
        "var": 2.22784256935
    },
    "zerocrossingrate": {
        "dmean": 0.0117168575525,
        "dmean2": 0.0127142528072,
        "dvar": 0.000207003671676,
        "dvar2": 0.000192923296709,
        "max": 0.28662109375,
        "mean": 0.0584768801928,
        "median": 0.05078125,
        "min": 0.00341796875,
        "var": 0.00142627151217
    },
    "barkbands": {
        "dmean": [0.000487297074869, 0.00811864808202, 0.004875974264, 0.00278982613236, 0.00183880259283, 0.000943700957578, 0.000774663640186, 0.000614887045231, 0.000777519948315, 0.000604944478255, 0.000378656579414, 0.00106066616718, 0.000410802516853, 0.000458120222902, 0.000633686897345, 0.000600889557973, 0.000381147372536, 0.000363500992535, 0.000330880720867, 0.000226327218115, 0.000144067074871, 0.000110978755401, 0.00018795375945, 0.000186539647984, 5.88333641645e-05, 5.3877958095e-08, 6.15561024375e-09],
        "dmean2": [0.000817302963696, 0.0119676534086, 0.00829409062862, 0.00486825825647, 0.0031901197508, 0.00155582418665, 0.00129395048134, 0.0010091351578, 0.00122907932382, 0.000927026907448, 0.000626954133622, 0.0015314539196, 0.00067120505264, 0.000714050082024, 0.0009958173614, 0.00097480462864, 0.000624191190582, 0.000603829219472, 0.000534406804945, 0.000349235750036, 0.000222554401262, 0.000165330828167, 0.000287958537228, 0.000263409223408, 8.5687621322e-05, 8.97782967968e-08, 1.14626068637e-08],
        "dvar": [5.50725133053e-07, 0.000144693156471, 9.89393229247e-05, 3.39805119438e-05, 1.18335192383e-05, 3.62534819942e-06, 3.26420718011e-06, 4.94960841024e-06, 3.5932469018e-06, 2.10431994674e-06, 8.22418144253e-07, 6.19418096903e-06, 7.20111472674e-07, 7.92012485817e-07, 1.39155497436e-06, 1.39885810313e-06, 5.90731644934e-07, 4.3234629743e-07, 2.67582549895e-07, 1.16207772294e-07, 5.8198100561e-08, 4.49515020762e-08, 3.18593777138e-07, 2.34255580267e-07, 3.10513286195e-08, 4.59304767613e-14, 2.43834400438e-15],
        "dvar2": [1.47713456045e-06, 0.000303637702018, 0.00026298002922, 9.24962369027e-05, 3.27884445142e-05, 8.91035233508e-06, 7.95212872617e-06, 1.13903770398e-05, 7.66867287894e-06, 4.36193204223e-06, 2.1063181066e-06, 1.38159230119e-05, 1.79958544777e-06, 1.59866954164e-06, 3.35219374392e-06, 3.52147117155e-06, 1.45155843256e-06, 1.16808439543e-06, 6.58474391457e-07, 2.67764391992e-07, 1.33653003331e-07, 1.11240730405e-07, 7.71314887515e-07, 4.09323945405e-07, 5.9910497896e-08, 1.22979480332e-13, 7.15258761101e-15],
        "max": [0.00824312493205, 0.124515160918, 0.0923505350947, 0.0479612722993, 0.0344385057688, 0.0293146613985, 0.028380304575, 0.0416697226465, 0.0314514115453, 0.0242780502886, 0.0190112870187, 0.0293159708381, 0.0133476136252, 0.0132513223216, 0.0202361959964, 0.0170268826187, 0.0137028545141, 0.00946245901287, 0.00630692578852, 0.0059131346643, 0.00303339026868, 0.00235114200041, 0.00814777426422, 0.00764156505466, 0.00319495983422, 4.50326251666e-06, 1.12067652935e-06],
        "mean": [0.000572688353714, 0.0138376299292, 0.00639614649117, 0.00300610321574, 0.0023369283881, 0.00131969875656, 0.00103750661947, 0.00104229652788, 0.00115272938274, 0.00092195632169, 0.000537495594472, 0.00168787373696, 0.000665373285301, 0.000737214810215, 0.000922431587242, 0.000892498181202, 0.000601412320975, 0.000511699297931, 0.000528251752257, 0.000401339086238, 0.000234200706473, 0.000171798397787, 0.000285732297925, 0.000339510210324, 8.83254469954e-05, 6.49250964102e-08, 3.96863564234e-09],
        "median": [0.000221986789256, 0.00742954295129, 0.00294679077342, 0.00104457978159, 0.00107292097528, 0.000529962999281, 0.000191248807823, 0.000157371352543, 0.000354173738742, 0.000240759429289, 0.000158407288836, 0.000379725534003, 0.000255929451669, 0.00030056250398, 0.000370772089809, 0.000378423952498, 0.000250713928835, 0.000263044348685, 0.000306345202262, 0.000202109062229, 0.000103190810478, 5.53584759473e-05, 7.67639139667e-05, 0.000115025446576, 2.44732073043e-05, 1.77681709346e-08, 5.95329452402e-10],
        "min": [1.26633126207e-09, 3.54431151095e-08, 5.93095794699e-09, 1.43022784727e-08, 3.21719610952e-08, 6.56189014236e-09, 1.01200681168e-09, 5.71543312677e-10, 8.74879058088e-10, 6.02852601173e-10, 6.16556861122e-10, 5.70612002093e-10, 1.01469110891e-09, 1.72720415748e-09, 1.04685449198e-09, 1.04084785235e-09, 6.33583185916e-10, 8.63581262056e-10, 9.58806589679e-10, 9.42121047842e-10, 5.48304401882e-10, 4.68463046133e-10, 1.62969929218e-10, 1.34575600663e-10, 1.67866779505e-11, 2.83507028617e-12, 4.76658426271e-12],
        "var": [7.28107124814e-07, 0.000262606452452, 9.10942180781e-05, 2.67902596534e-05, 1.2058529137e-05, 5.23577091371e-06, 6.96481311024e-06, 1.3951425899e-05, 5.51941275262e-06, 4.88125169795e-06, 2.0296411094e-06, 1.48130502566e-05, 1.45809690366e-06, 1.88071669527e-06, 2.55191594078e-06, 2.36911591855e-06, 1.23646145767e-06, 5.01941201492e-07, 4.10732411638e-07, 2.45184736514e-07, 1.07531427318e-07, 7.64527356978e-08, 4.89787339575e-07, 6.96117638199e-07, 6.28129370739e-08, 5.1934978128e-14, 1.31731146292e-15]
    },
    "erbbands": {
        "dmean": [0.229672148824, 1.93008947372, 5.16372442245, 7.97801542282, 7.66065979004, 5.13517332077, 5.0802693367, 9.77994060516, 10.4336214066, 12.557765007, 10.9149131775, 14.5146865845, 21.6884937286, 14.1039228439, 33.4150161743, 25.762342453, 17.233291626, 20.4247741699, 29.437040329, 22.6663513184, 36.2646942139, 21.0581226349, 18.7672386169, 17.2886543274, 13.8874044418, 10.9771385193, 8.02853488922, 4.28631687164, 3.6012840271, 4.87973165512, 5.42602014542, 3.99301195145, 3.2636680603, 1.22035002708, 0.0913244709373, 0.00396296475083, 0.000205750431633, 2.97362439596e-05, 1.21296270663e-05, 1.65719502547e-05],
        "dmean2": [0.347494453192, 2.85318851471, 8.37861633301, 14.0394020081, 12.9532260895, 8.9504776001, 8.18757152557, 16.3423461914, 17.621307373, 20.7652893066, 17.4199447632, 23.0261592865, 34.265209198, 21.6058807373, 50.5343704224, 38.6199188232, 27.3899497986, 32.0840873718, 45.1317443848, 36.4542770386, 59.3490180969, 34.1500205994, 30.9435214996, 28.3545799255, 21.3635387421, 16.9799690247, 12.2969856262, 6.56332063675, 5.33397531509, 7.63780450821, 8.32233047485, 5.83935022354, 4.63399124146, 1.74027323723, 0.132129967213, 0.00571772549301, 0.000293252698611, 4.24390527769e-05, 1.74976885319e-05, 2.50842040259e-05],
        "dvar": [0.150888234377, 8.1116027832, 89.3853302002, 298.677734375, 217.849822998, 106.780181885, 104.394439697, 418.866729736, 426.193939209, 1856.62658691, 1074.66870117, 927.239990234, 2398.85009766, 1066.14978027, 4616.63427734, 2932.61816406, 1372.76806641, 1570.13085938, 2888.69873047, 1511.9407959, 5890.62304688, 1760.74243164, 1044.41455078, 798.68560791, 438.096740723, 259.690185547, 175.30406189, 71.7928848267, 41.3862228394, 170.353469849, 276.844116211, 121.901161194, 70.6573562622, 14.0544166565, 0.0786813870072, 0.000141399665154, 3.14955315162e-07, 5.77752823361e-09, 3.5998357073e-10, 3.41295769424e-10],
        "dvar2": [0.271885663271, 18.413974762, 232.716766357, 831.366760254, 536.867675781, 293.6534729, 246.590454102, 1027.60571289, 1129.60217285, 5068.35546875, 2330.77880859, 2146.64428711, 4921.09423828, 2264.56347656, 11880.3261719, 6458.6015625, 3492.15991211, 3262.85717773, 6319.99658203, 3732.21191406, 15058.5400391, 4274.79541016, 2722.76904297, 2029.59912109, 1060.4708252, 602.59588623, 406.061218262, 171.153564453, 97.7390823364, 453.014007568, 648.026062012, 228.963226318, 131.459625244, 26.6896095276, 0.158814653754, 0.000281021551928, 5.84256326874e-07, 1.1342010886e-08, 7.66617713754e-10, 7.55983442513e-10],
        "max": [3.60650753975, 28.612279892, 79.6027755737, 122.825149536, 121.174812317, 104.76259613, 159.839614868, 285.213470459, 262.865234375, 1065.57592773, 583.963623047, 374.220672607, 797.337341309, 839.916320801, 1087.74658203, 738.981994629, 706.140258789, 678.010314941, 1291.85192871, 457.300567627, 1153.11975098, 826.753845215, 408.980957031, 401.219055176, 314.622406006, 200.03137207, 185.071517944, 74.8134613037, 56.9086952209, 195.846054077, 249.300384521, 191.929519653, 127.857025146, 69.3564224243, 4.73688316345, 0.199643149972, 0.00946704763919, 0.00114798324648, 0.000253534846706, 0.000161679825396],
        "mean": [0.388399064541, 3.13559365273, 7.36059188843, 9.36412143707, 9.0920124054, 6.38671636581, 7.71225357056, 13.296877861, 13.7764863968, 20.5462608337, 19.0879802704, 22.5420799255, 32.8359603882, 22.9284267426, 54.8718299866, 43.2513084412, 28.7143630981, 36.1103172302, 48.4438934326, 38.4839515686, 54.8904075623, 35.9023628235, 29.3813152313, 27.8884887695, 23.8008098602, 19.7177753448, 13.6078147888, 6.73782968521, 5.73909664154, 7.12512159348, 8.42191886902, 6.97530603409, 5.57248687744, 1.97456681728, 0.123329550028, 0.00557190459222, 0.000346997694578, 5.37622254342e-05, 3.22842533933e-05, 5.05299285578e-05],
        "median": [0.212416127324, 1.69663023949, 3.76576900482, 4.6064825058, 3.24255800247, 3.03345870972, 3.26111602783, 4.85512399673, 4.41248703003, 3.70937037468, 4.67540550232, 8.09774780273, 11.3284006119, 9.28130626678, 14.8738822937, 13.9065656662, 12.2558984756, 15.9240236282, 22.2324886322, 18.5077400208, 24.0655765533, 15.0189752579, 15.5026063919, 16.1032352448, 13.2849550247, 9.7093038559, 6.12260198593, 2.7764043808, 1.99509179592, 2.12509274483, 2.25653934479, 2.19087982178, 1.91470324993, 0.572393238544, 0.0226910822093, 0.00117346108891, 0.00011276913574, 2.11865117308e-05, 2.54923579632e-05, 4.5071792556e-05],
        "min": [7.54277891701e-07, 8.60099225974e-06, 1.22542332974e-05, 2.27984473895e-05, 9.85985025181e-05, 9.56622607191e-05, 7.81738344813e-05, 5.11887083121e-05, 1.61848347489e-05, 1.27167286337e-05, 1.61029620358e-05, 1.77702240762e-05, 2.37205076701e-05, 1.9747276383e-05, 2.79476662399e-05, 2.41279922193e-05, 5.25872674189e-05, 7.94536899775e-05, 7.07405779394e-05, 5.14711900905e-05, 4.72546016681e-05, 4.31221014878e-05, 4.81035312987e-05, 4.84496740683e-05, 4.91800747113e-05, 3.85420789826e-05, 3.11007788696e-05, 1.46336287798e-05, 1.65724686667e-05, 1.19871883726e-05, 4.42266536993e-06, 3.75614490622e-06, 1.59704143243e-06, 3.81127392757e-07, 3.26297957542e-08, 1.13510241206e-08, 5.50517409437e-09, 1.83045334445e-09, 7.24717563738e-10, 2.05331709968e-10],
        "var": [0.263231277466, 13.5629415512, 96.8101425171, 219.400344849, 224.488113403, 100.338752747, 174.424682617, 625.720825195, 625.700317383, 4645.05810547, 3433.62133789, 1488.41455078, 3980.04370117, 2554.08569336, 11778.390625, 7204.50634766, 2432.35205078, 3975.25756836, 6779.65820312, 3121.24365234, 9779.31640625, 3706.37646484, 1606.23632812, 1144.63598633, 779.425720215, 575.86920166, 346.154083252, 112.16847229, 78.2904968262, 216.163101196, 455.114990234, 331.234008789, 186.332214355, 30.458322525, 0.144257351756, 0.00027183216298, 7.29072667127e-07, 1.3438766544e-08, 8.45058911736e-10, 8.56793747062e-10]
    },
    "gfcc": {
        "mean": [4.93925285339, 118.092773438, -142.877044678, 69.6892852783, -55.6193466187, 36.3911857605, -31.4464015961, 7.17530155182, -8.41076755524, -17.7865962982, 7.98958444595, -21.3519592285, 8.20999336243],
        "cov": [[3546.90893555, -677.924804688, -109.123497009, 128.518829346, -343.747161865, 77.8020782471, -232.04447937, 167.120620728, -76.1817932129, 82.924659729, -19.7487297058, 11.0443925858, -64.8302841187], [-677.924804688, 764.981567383, -214.87322998, -168.860534668, 212.355422974, -204.881713867, 192.73526001, -80.4624938965, 102.977119446, -35.870677948, 72.8690338135, -60.4136924744, 66.1781997681], [-109.123497009, -214.87322998, 534.426086426, 94.3145217896, -138.982940674, 86.1294326782, -146.19859314, 36.9092063904, -6.86287546158, 13.4012413025, -37.0096092224, 40.1203918457, -59.0340919495], [128.518829346, -168.860534668, 94.3145217896, 253.51335144, -16.767988205, -29.9633140564, -49.4545211792, -17.9666309357, 38.166973114, -15.3505887985, -7.99975538254, 32.5963134766, -21.8029975891], [-343.747161865, 212.355422974, -138.982940674, -16.767988205, 244.380447388, 3.58384919167, 119.181228638, -13.5554218292, 30.5081939697, -11.8208122253, 31.8118495941, -19.5768527985, 61.3324737549], [77.8020782471, -204.881713867, 86.1294326782, -29.9633140564, 3.58384919167, 239.903823853, 37.92420578, -13.6590538025, -54.9812011719, 1.14636218548, -21.2817230225, 12.4551200867, 2.0656042099], [-232.04447937, 192.73526001, -146.19859314, -49.4545211792, 119.181228638, 37.92420578, 208.317810059, -13.5941343307, 21.0319213867, -18.9137210846, 26.3366603851, -29.4350376129, 37.5709533691], [167.120620728, -80.4624938965, 36.9092063904, -17.9666309357, -13.5554218292, -13.6590538025, -13.5941343307, 185.691146851, 37.1498031616, 27.854511261, -10.6516313553, -15.0786914825, 0.592797577381], [-76.1817932129, 102.977119446, -6.86287546158, 38.166973114, 30.5081939697, -54.9812011719, 21.0319213867, 37.1498031616, 155.07333374, 11.7911529541, 17.768447876, -4.84358930588, -4.72767925262], [82.924659729, -35.870677948, 13.4012413025, -15.3505887985, -11.8208122253, 1.14636218548, -18.9137210846, 27.854511261, 11.7911529541, 71.7471618652, 21.1895713806, 1.00343859196, 0.0237184148282], [-19.7487297058, 72.8690338135, -37.0096092224, -7.99975538254, 31.8118495941, -21.2817230225, 26.3366603851, -10.6516313553, 17.768447876, 21.1895713806, 85.0453720093, 19.2887573242, 7.04308700562], [11.0443925858, -60.4136924744, 40.1203918457, 32.5963134766, -19.5768527985, 12.4551200867, -29.4350376129, -15.0786914825, -4.84358930588, 1.00343859196, 19.2887573242, 66.2863616943, 11.5212421417], [-64.8302841187, 66.1781997681, -59.0340919495, -21.8029975891, 61.3324737549, 2.0656042099, 37.5709533691, 0.592797577381, -4.72767925262, 0.0237184148282, 7.04308700562, 11.5212421417, 87.0341873169]],
        "icov": [[0.000482273870148, -0.000372992013581, 0.000748189107981, -0.000853371981066, 0.000977582880296, -0.00101474008989, 0.000830001139548, -0.000776972679887, 0.000323827378452, -0.000320184743032, -0.000361003330909, 0.000365651416359, -8.2772312453e-05], [-0.000372992013581, 0.0121359722689, -0.00471831206232, 0.0105730602518, -0.00643929932266, 0.013691322878, -0.00847302377224, 0.00804366637021, -0.00576440291479, 0.00465048663318, -0.00250391568989, 0.00308946543373, -0.00276245363057], [0.000748189107981, -0.00471831206232, 0.0056647262536, -0.0055625801906, 0.00417718617246, -0.0076425592415, 0.0056459158659, -0.00439770147204, 0.00196801940911, -0.00195036118384, 0.000601555337198, -0.00122950400691, 0.00164577458054], [-0.000853371981066, 0.0105730602518, -0.0055625801906, 0.0149815240875, -0.00726278312504, 0.013422976248, -0.00755785219371, 0.0082656852901, -0.00651894230396, 0.00513858627528, -0.000521791458596, -0.000606832909398, -0.000922296370845], [0.000977582880296, -0.00643929932266, 0.00417718617246, -0.00726278312504, 0.011889135465, -0.00890039559454, 0.00335488212295, -0.00487665925175, 0.00223088217899, -0.0017104963772, -0.00163996801712, 0.00174941553269, -0.0029208525084], [-0.00101474008989, 0.013691322878, -0.0076425592415, 0.013422976248, -0.00890039559454, 0.0223899595439, -0.0131960399449, 0.010084762238, -0.00455494783819, 0.0037254083436, 0.000412300112657, 9.43314371398e-05, -0.00191341747995], [0.000830001139548, -0.00847302377224, 0.0056459158659, -0.00755785219371, 0.00335488212295, -0.0131960399449, 0.016171887517, -0.00618682056665, 0.00243693683296, -0.000237055093748, -0.00215593655594, 0.00249475683086, -1.6157859136e-05], [-0.000776972679887, 0.00804366637021, -0.00439770147204, 0.0082656852901, -0.00487665925175, 0.010084762238, -0.00618682056665, 0.0123998746276, -0.00562517298386, 0.000949122710153, 0.000126273895148, 0.00276927556843, -0.00250631477684], [0.000323827378452, -0.00576440291479, 0.00196801940911, -0.00651894230396, 0.00223088217899, -0.00455494783819, 0.00243693683296, -0.00562517298386, 0.011338959448, -0.00375797809102, 0.00056075892644, -0.00171365507413, 0.00264688162133], [-0.000320184743032, 0.00465048663318, -0.00195036118384, 0.00513858627528, -0.0017104963772, 0.0037254083436, -0.000237055093748, 0.000949122710153, -0.00375797809102, 0.0201195925474, -0.00755707081407, 0.00394305447116, -0.00271743489429], [-0.000361003330909, -0.00250391568989, 0.000601555337198, -0.000521791458596, -0.00163996801712, 0.000412300112657, -0.00215593655594, 0.000126273895148, 0.00056075892644, -0.00755707081407, 0.0191279761493, -0.00988786388189, 0.00378155452199], [0.000365651416359, 0.00308946543373, -0.00122950400691, -0.000606832909398, 0.00174941553269, 9.43314371398e-05, 0.00249475683086, 0.00276927556843, -0.00171365507413, 0.00394305447116, -0.00988786388189, 0.02520727925, -0.00802442710847], [-8.2772312453e-05, -0.00276245363057, 0.00164577458054, -0.000922296370845, -0.0029208525084, -0.00191341747995, -1.6157859136e-05, -0.00250631477684, 0.00264688162133, -0.00271743489429, 0.00378155452199, -0.00802442710847, 0.0174423400313]]
    },
    "melbands": {
        "dmean": [0.00216246140189, 0.00242221169174, 0.001348501537, 0.000464631099021, 0.000178759597475, 0.000204254116397, 0.000161561445566, 0.000141692173202, 8.22891815915e-05, 0.000107667219709, 0.000114109607239, 6.44909086986e-05, 8.0126861576e-05, 0.000145881393109, 2.25703370234e-05, 4.95772219438e-05, 3.79964185413e-05, 4.7885980166e-05, 4.82704490423e-05, 3.18389138556e-05, 4.26665392297e-05, 2.15880463657e-05, 2.25695821428e-05, 1.84806867765e-05, 1.47807868416e-05, 1.23507643366e-05, 8.48865693115e-06, 7.89945170254e-06, 6.36030563328e-06, 2.97010365102e-06, 2.49140725828e-06, 2.09070344681e-06, 2.27209625336e-06, 3.06341780743e-06, 3.46494584846e-06, 2.863892405e-06, 2.4182756988e-06, 2.44861416832e-06, 2.01093280339e-06, 8.17577301859e-07],
        "dmean2": [0.00318240420893, 0.00372962630354, 0.00231473520398, 0.000796756125055, 0.00028566038236, 0.000339935155353, 0.000272360746749, 0.000235611907556, 0.000129730629851, 0.000169912527781, 0.000179504946573, 9.83617210295e-05, 0.000125013568322, 0.000211837381357, 3.71435635316e-05, 7.90496051195e-05, 5.98291444476e-05, 7.24678830011e-05, 7.66068842495e-05, 5.10685058543e-05, 7.10029853508e-05, 3.45476801158e-05, 3.76175303245e-05, 3.03010747302e-05, 2.46847957897e-05, 1.97161225515e-05, 1.32930008476e-05, 1.24558191601e-05, 9.84477719612e-06, 4.54314931631e-06, 3.94082553612e-06, 3.13698956234e-06, 3.53151494892e-06, 4.84417159896e-06, 5.34955461262e-06, 4.27647410106e-06, 3.55353472514e-06, 3.55256065632e-06, 2.88751675726e-06, 1.22754966014e-06],
        "dvar": [1.13644928206e-05, 1.41752043419e-05, 7.33557726562e-06, 7.95864764314e-07, 1.11779655754e-07, 1.7366978966e-07, 1.04534599643e-07, 2.30476643992e-07, 5.38383027049e-08, 5.89431579101e-08, 6.55147402995e-08, 2.4472154081e-08, 2.69792561625e-08, 1.11433848815e-07, 2.4096382667e-09, 9.74730607339e-09, 5.09450126529e-09, 8.45743208799e-09, 9.77651026801e-09, 2.91638579952e-09, 8.40874214703e-09, 1.78770986903e-09, 2.12633999297e-09, 9.98521376694e-10, 6.04743310983e-10, 4.09868805562e-10, 1.58178220522e-10, 1.41234191009e-10, 1.2938011773e-10, 2.96401271582e-11, 2.56980912244e-11, 1.49404395106e-11, 2.41836065062e-11, 7.77544278963e-11, 1.17946041822e-10, 6.92104984434e-11, 4.48688447507e-11, 3.74650588331e-11, 3.69439201453e-11, 6.43106574938e-12],
        "dvar2": [2.21786194743e-05, 3.52918614226e-05, 1.97144509002e-05, 2.12288568946e-06, 2.59334882458e-07, 4.26867217129e-07, 2.71823665798e-07, 6.30597867257e-07, 1.15644333221e-07, 1.32078014303e-07, 1.34222787551e-07, 5.14445872568e-08, 7.18826669299e-08, 2.46147720873e-07, 5.8601017372e-09, 2.38122304097e-08, 1.06053548166e-08, 1.78374843784e-08, 2.45475533234e-08, 7.01856217589e-09, 2.17153743876e-08, 4.2340992934e-09, 5.67654279138e-09, 2.58691623678e-09, 1.56037827104e-09, 1.01481867354e-09, 3.82733622573e-10, 3.37491951052e-10, 3.07334963034e-10, 6.31978705479e-11, 6.39017103121e-11, 3.61057468645e-11, 6.33359129032e-11, 2.09008907404e-10, 2.92537494229e-10, 1.36121711125e-10, 8.91497917155e-11, 7.04656125117e-11, 7.32683705373e-11, 1.30505189988e-11],
        "max": [0.0336855426431, 0.0321231000125, 0.0193712078035, 0.00807662028819, 0.00494992081076, 0.00564749259502, 0.00395223358646, 0.0111118163913, 0.00383631908335, 0.00357404863462, 0.00390314194374, 0.00381417386234, 0.00268830149435, 0.00410313997418, 0.00110204238445, 0.00119976222049, 0.00115592137445, 0.002118102042, 0.00140037212986, 0.00057248090161, 0.00133494241163, 0.00075063953409, 0.000866571906954, 0.000400750461267, 0.000343614054145, 0.000316900637699, 0.000117427582154, 0.000134767600684, 0.000183231837582, 4.65379234811e-05, 4.59541588498e-05, 3.3410222386e-05, 6.73314934829e-05, 0.000145939440699, 0.000149083381984, 0.000146569131175, 0.000115885428386, 0.000101840712887, 0.00010715440294, 4.16620241595e-05],
        "mean": [0.00371836917475, 0.00405475869775, 0.00166203419212, 0.000551210716367, 0.000270779040875, 0.000278317340417, 0.000215568303247, 0.000243889138801, 0.000135158363264, 0.000160372932442, 0.000170664308826, 9.84552752925e-05, 0.00012935239647, 0.000231420592172, 3.70736379409e-05, 7.98334513092e-05, 6.27263216302e-05, 7.68283935031e-05, 6.849001511e-05, 4.73590516776e-05, 6.24253661954e-05, 3.35677286785e-05, 3.21705047099e-05, 2.60655324382e-05, 2.20284055104e-05, 1.97186709556e-05, 1.38874829645e-05, 1.31267079269e-05, 1.01181285572e-05, 4.59607053926e-06, 3.59393084182e-06, 3.17092440127e-06, 3.3565531794e-06, 4.2005585783e-06, 4.964413165e-06, 4.57292571809e-06, 4.13492580265e-06, 4.06239269068e-06, 3.20815115629e-06, 1.13143551062e-06],
        "median": [0.00197225436568, 0.00245084799826, 0.000840215245262, 0.000237596424995, 0.000115724949865, 0.000104579499748, 6.55930052744e-05, 4.26514234277e-05, 3.27124362229e-05, 4.9514354032e-05, 5.4262647609e-05, 3.02355147141e-05, 3.94378694182e-05, 4.92722610943e-05, 2.03466934181e-05, 2.80723834294e-05, 2.65480630333e-05, 3.27512934746e-05, 2.44445400313e-05, 2.1922387532e-05, 2.61922905338e-05, 1.43612123793e-05, 1.16863366202e-05, 1.24838024931e-05, 1.27367811729e-05, 1.11982781164e-05, 7.02890474713e-06, 6.10877668805e-06, 4.30014415542e-06, 2.04307593776e-06, 1.2753351939e-06, 1.08016638478e-06, 1.07318794562e-06, 1.15033026304e-06, 1.31619890453e-06, 1.26860675209e-06, 1.31981312279e-06, 1.34617664571e-06, 1.00918714452e-06, 2.64240838987e-07],
        "min": [8.57517257202e-09, 8.48838865863e-09, 6.52617071495e-09, 7.41480254973e-09, 3.07192182802e-09, 1.10102338358e-09, 2.39484876374e-10, 1.333816807e-10, 1.3181875036e-10, 1.15649857746e-10, 1.11901758693e-10, 7.05908873022e-11, 9.42893887967e-11, 7.72452449227e-11, 6.48112258306e-11, 1.32211172565e-10, 1.4729691078e-10, 1.14839554533e-10, 8.36184177455e-11, 6.59863622077e-11, 4.8956450005e-11, 3.58887398966e-11, 5.83316867031e-11, 3.20562153211e-11, 4.03055921971e-11, 3.33868002689e-11, 4.15052228697e-11, 2.12012057216e-11, 2.26072511406e-11, 1.21798092445e-11, 6.84875550369e-12, 8.30780843425e-12, 1.05045876511e-11, 4.92876659625e-12, 2.22352908655e-12, 2.45066228595e-12, 2.36698963381e-12, 1.25415010408e-12, 6.28692356421e-13, 1.8465596077e-13],
        "var": [2.05190481211e-05, 2.05788674066e-05, 5.87497061133e-06, 7.55270264108e-07, 2.06052959584e-07, 2.5851025498e-07, 1.66583205896e-07, 6.24367032742e-07, 1.54055655344e-07, 9.25195706714e-08, 1.12283942144e-07, 5.82763846069e-08, 6.70262991775e-08, 2.7640260214e-07, 3.99179889143e-09, 2.1113567783e-08, 1.23161729704e-08, 2.15723918728e-08, 1.57866555384e-08, 4.62448346283e-09, 1.35374476073e-08, 3.13663206519e-09, 4.50508341743e-09, 1.29815458383e-09, 7.93832055646e-10, 6.03021965695e-10, 2.98351565675e-10, 2.88817497696e-10, 2.31963087627e-10, 4.92671910213e-11, 3.76623385256e-11, 2.65861048454e-11, 3.31440638823e-11, 9.17653175669e-11, 1.68253549981e-10, 1.53741533393e-10, 1.21033433276e-10, 9.73839689444e-11, 8.07379232914e-11, 1.19151355449e-11]
    },
    "mfcc": {
        "mean": [-612.643737793, 109.10483551, -1.20486557484, 25.9938735962, 20.7662448883, 13.3863630295, 12.8753509521, 11.81001091, 1.78121960163, 9.93368911743, -4.32535219193, 1.69755983353, 0.278592795134],
        "cov": [[3576.33886719, -691.26751709, -14.6947307587, -26.3708152771, -88.4004440308, -166.560577393, -113.935783386, -52.7833824158, -75.9506454468, 21.3799915314, -6.33166837692, 39.82056427, -5.57865285873], [-691.26751709, 840.502502441, -336.419433594, 23.2392024994, -50.6973762512, -26.4369068146, 65.2367095947, -29.6229629517, 53.9447021484, 12.7470159531, 26.5001506805, 4.53600072861, 12.1185255051], [-14.6947307587, -336.419433594, 610.264465332, -38.677646637, 53.5705299377, 3.58497834206, -105.461830139, 14.3507223129, -49.3197555542, -42.332572937, 19.9073925018, 22.3930912018, -14.5885095596], [-26.3708152771, 23.2392024994, -38.677646637, 241.77923584, 21.9269294739, -39.9827003479, -64.8731155396, 3.95140886307, -0.0981756746769, -3.10228347778, -2.27084922791, 37.9265441895, 0.371195167303], [-88.4004440308, -50.6973762512, 53.5705299377, 21.9269294739, 134.75340271, -5.17124795914, -10.6766214371, 9.66182518005, 15.5669469833, 7.95875501633, -11.7661848068, 15.4141559601, 13.1609401703], [-166.560577393, -26.4369068146, 3.58497834206, -39.9827003479, -5.17124795914, 227.320877075, 55.3378143311, 23.5326938629, -16.1088142395, -7.65396690369, -10.9337778091, -50.5829734802, -11.2334651947], [-113.935783386, 65.2367095947, -105.461830139, -64.8731155396, -10.6766214371, 55.3378143311, 186.749008179, 16.4704856873, 18.5418643951, 21.7965106964, -15.3422574997, -44.2878952026, 2.83978176117], [-52.7833824158, -29.6229629517, 14.3507223129, 3.95140886307, 9.66182518005, 23.5326938629, 16.4704856873, 96.161605835, 27.7016372681, 20.1301059723, 2.17350959778, 2.56080126762, 3.00289511681], [-75.9506454468, 53.9447021484, -49.3197555542, -0.0981756746769, 15.5669469833, -16.1088142395, 18.5418643951, 27.7016372681, 107.357337952, 39.6911277771, 4.85847091675, -9.2474861145, 6.03605127335], [21.3799915314, 12.7470159531, -42.332572937, -3.10228347778, 7.95875501633, -7.65396690369, 21.7965106964, 20.1301059723, 39.6911277771, 103.131164551, 11.089217186, 3.85104131699, 3.97497344017], [-6.33166837692, 26.5001506805, 19.9073925018, -2.27084922791, -11.7661848068, -10.9337778091, -15.3422574997, 2.17350959778, 4.85847091675, 11.089217186, 88.8749237061, 27.2605323792, 3.57710409164], [39.82056427, 4.53600072861, 22.3930912018, 37.9265441895, 15.4141559601, -50.5829734802, -44.2878952026, 2.56080126762, -9.2474861145, 3.85104131699, 27.2605323792, 89.7101211548, 23.282283783], [-5.57865285873, 12.1185255051, -14.5885095596, 0.371195167303, 13.1609401703, -11.2334651947, 2.83978176117, 3.00289511681, 6.03605127335, 3.97497344017, 3.57710409164, 23.282283783, 66.0512695312]],
