{
"lowlevel": {
    "average_loudness": 0.955652654171,
    "barkbands_crest": {
        "dmean": 3.38162875175,
        "dmean2": 5.58438634872,
        "dvar": 9.15312099457,
        "dvar2": 23.1634216309,
        "max": 24.2110462189,
        "mean": 10.4707250595,
        "median": 10.0404672623,
        "min": 1.91503942013,
        "var": 24.240688324
    },
    "barkbands_flatness_db": {
        "dmean": 0.0225533694029,
        "dmean2": 0.0367001444101,
        "dvar": 0.000432870408986,
        "dvar2": 0.00109494139906,
        "max": 0.289266049862,
        "mean": 0.143993631005,
        "median": 0.138806805015,
        "min": 0.0574738793075,
        "var": 0.00182446278632
    },
    "barkbands_kurtosis": {
        "dmean": 2.21910619736,
        "dmean2": 3.47761821747,
        "dvar": 15.0099391937,
        "dvar2": 36.6985816956,
        "max": 51.8778762817,
        "mean": 1.94315350056,
        "median": -0.301421165466,
        "min": -1.7435349226,
        "var": 26.2803459167
    },
    "barkbands_skewness": {
        "dmean": 0.547211766243,
        "dmean2": 0.851964592934,
        "dvar": 0.30849519372,
        "dvar2": 0.735120117664,
        "max": 6.63661575317,
        "mean": 1.29973888397,
        "median": 1.06956541538,
        "min": -1.13282322884,
        "var": 1.18304860592
    },
    "barkbands_spread": {
        "dmean": 6.78437328339,
        "dmean2": 10.7362928391,
        "dvar": 46.6833953857,
        "dvar2": 110.860275269,
        "max": 69.4978256226,
        "mean": 32.8465843201,
        "median": 35.2024688721,
        "min": 4.21733140945,
        "var": 149.189849854
    },
    "dissonance": {
        "dmean": 0.00651180651039,
        "dmean2": 0.0111037129536,
        "dvar": 4.24461250077e-05,
        "dvar2": 0.000100096651295,
        "max": 0.499968796968,
        "mean": 0.488498210907,
        "median": 0.490251541138,
        "min": 0.324839234352,
        "var": 7.11973043508e-05
    },
    "dynamic_complexity": 2.43242549896,
    "erbbands_crest": {
        "dmean": 1.72877418995,
        "dmean2": 2.86665225029,
        "dvar": 2.84370660782,
        "dvar2": 7.77071380615,
        "max": 20.605928421,
        "mean": 5.88956260681,
        "median": 5.11360263824,
        "min": 2.39425086975,
        "var": 6.39041805267
    },
    "erbbands_flatness_db": {
        "dmean": 0.0109029859304,
        "dmean2": 0.0170261505991,
        "dvar": 8.49835778354e-05,
        "dvar2": 0.000183845011634,
        "max": 0.283843100071,
        "mean": 0.171724677086,
        "median": 0.168140381575,
        "min": 0.113903880119,
        "var": 0.000621583720203
    },
    "erbbands_kurtosis": {
        "dmean": 0.624142944813,
        "dmean2": 0.972791612148,
        "dvar": 0.459778785706,
        "dvar2": 1.04130005836,
        "max": 8.29348087311,
        "mean": 0.239904224873,
        "median": 0.0949308872223,
        "min": -1.64114224911,
        "var": 1.27905094624
    },
    "erbbands_skewness": {
        "dmean": 0.226644128561,
        "dmean2": 0.363658875227,
        "dvar": 0.036433596164,
        "dvar2": 0.0862229466438,
        "max": 1.35579419136,
        "mean": -0.400384187698,
        "median": -0.455167174339,
        "min": -1.93359303474,
        "var": 0.194882199168
    },
    "erbbands_spread": {
        "dmean": 7.32126092911,
        "dmean2": 11.4250354767,
        "dvar": 52.6128730774,
        "dvar2": 115.474395752,
        "max": 105.325866699,
        "mean": 39.6506652832,
        "median": 36.4466247559,
        "min": 7.97578287125,
        "var": 224.873214722
    },
    "hfc": {
        "dmean": 6.28337955475,
        "dmean2": 10.0880670547,
        "dvar": 59.0215911865,
        "dvar2": 158.227554321,
        "max": 112.398757935,
        "mean": 31.2370967865,
        "median": 27.445274353,
        "min": 0.00104355008807,
        "var": 466.75769043
    },
    "melbands_crest": {
        "dmean": 3.66690135002,
        "dmean2": 6.08328008652,
        "dvar": 9.36041641235,
        "dvar2": 24.9263076782,
        "max": 31.2890014648,
        "mean": 14.603764534,
        "median": 14.5790395737,
        "min": 3.46521139145,
        "var": 23.9730548859
    },
    "melbands_flatness_db": {
        "dmean": 0.029998306185,
        "dmean2": 0.0472920760512,
        "dvar": 0.000718935334589,
        "dvar2": 0.00169771094806,
        "max": 0.359943270683,
        "mean": 0.171899616718,
        "median": 0.170000776649,
        "min": 0.041471157223,
        "var": 0.00372326048091
    },
    "melbands_kurtosis": {
        "dmean": 7.35006380081,
        "dmean2": 11.6219425201,
        "dvar": 141.377716064,
        "dvar2": 358.848815918,
        "max": 166.856994629,
        "mean": 12.6254739761,
        "median": 6.59445571899,
        "min": -1.53997504711,
        "var": 272.378509521
    },
    "melbands_skewness": {
        "dmean": 0.801313996315,
        "dmean2": 1.27229750156,
        "dvar": 0.676371335983,
        "dvar2": 1.70587491989,
        "max": 10.4253253937,
        "mean": 2.8982527256,
        "median": 2.61337280273,
        "min": -0.168199494481,
        "var": 2.50509166718
    },
    "melbands_spread": {
        "dmean": 9.28861522675,
        "dmean2": 14.9343080521,
        "dvar": 76.3125152588,
        "dvar2": 186.463378906,
        "max": 91.9239883423,
        "mean": 32.5732345581,
        "median": 31.2228374481,
        "min": 2.4757668972,
        "var": 338.207305908
    },
    "pitch_salience": {
        "dmean": 0.0904609709978,
        "dmean2": 0.152184292674,
        "dvar": 0.00647076731548,
        "dvar2": 0.0176875535399,
        "max": 0.817725479603,
        "mean": 0.57284873724,
        "median": 0.592719972134,
        "min": 0.176946163177,
        "var": 0.0134100532159
    },
    "silence_rate_20dB": {
        "dmean": 0,
        "dmean2": 0,
        "dvar": 0,
        "dvar2": 0,
        "max": 1,
        "mean": 1,
        "median": 1,
        "min": 1,
        "var": 0
    },
    "silence_rate_30dB": {
        "dmean": 0,
        "dmean2": 0,
        "dvar": 0,
        "dvar2": 0,
        "max": 1,
        "mean": 1,
        "median": 1,
        "min": 1,
        "var": 0
    },
    "silence_rate_60dB": {
        "dmean": 0.00154918665066,
        "dmean2": 0.00309957377613,
        "dvar": 0.00154677091632,
        "dvar2": 0.00386484875344,
        "max": 1,
        "mean": 0.0089043751359,
        "median": 0,
        "min": 0,
        "var": 0.0088249547407
    },
    "spectral_centroid": {
        "dmean": 255.502182007,
        "dmean2": 412.679107666,
        "dvar": 59934.3828125,
        "dvar2": 145385.34375,
        "max": 3185.01464844,
        "mean": 1936.98278809,
        "median": 2054.83520508,
        "min": 423.654327393,
        "var": 300668.71875
    },
    "spectral_complexity": {
        "dmean": 4.34934139252,
        "dmean2": 6.7888417244,
        "dvar": 15.3248949051,
        "dvar2": 31.7721481323,
        "max": 62,
        "mean": 35.5636863708,
        "median": 39,
        "min": 0,
        "var": 232.027252197
    },
    "spectral_decrease": {
        "dmean": 2.64189758958e-09,
        "dmean2": 4.44168568592e-09,
        "dvar": 1.03191674771e-17,
        "dvar2": 2.98790375836e-17,
        "max": -1.60653445842e-13,
        "mean": -8.78629258239e-09,
        "median": -8.42353564678e-09,
        "min": -3.32710996531e-08,
        "var": 2.51894082382e-17
    },
    "spectral_energy": {
        "dmean": 0.0101438984275,
        "dmean2": 0.0171082466841,
        "dvar": 0.000148345643538,
        "dvar2": 0.000434052752098,
        "max": 0.127645984292,
        "mean": 0.035994797945,
        "median": 0.0355787575245,
        "min": 7.00994803537e-07,
        "var": 0.000401231780415
    },
    "spectral_energyband_high": {
        "dmean": 0.000621203740593,
        "dmean2": 0.00101599423215,
        "dvar": 7.93510992025e-07,
        "dvar2": 2.10596181205e-06,
        "max": 0.00995754823089,
        "mean": 0.00185799901374,
        "median": 0.00164172437508,
        "min": 4.72540193641e-08,
        "var": 2.62118078354e-06
    },
    "spectral_energyband_low": {
        "dmean": 0.00965296849608,
        "dmean2": 0.0163012780249,
        "dvar": 0.000149358835188,
        "dvar2": 0.000430543761468,
        "max": 0.116109408438,
        "mean": 0.0182097107172,
        "median": 0.0124084809795,
        "min": 2.48848248674e-08,
        "var": 0.000262878165813
    },
    "spectral_energyband_middle_high": {
        "dmean": 0.00176708225626,
        "dmean2": 0.00274894968607,
        "dvar": 3.31005708176e-06,
        "dvar2": 8.70079020387e-06,
        "max": 0.0334720760584,
        "mean": 0.00863760523498,
        "median": 0.00700782937929,
        "min": 4.73392873346e-07,
        "var": 4.00552453357e-05
    },
    "spectral_energyband_middle_low": {
        "dmean": 0.00345127051696,
        "dmean2": 0.00581539794803,
        "dvar": 1.78900609171e-05,
        "dvar2": 4.63011601823e-05,
        "max": 0.0556668639183,
        "mean": 0.00869893655181,
        "median": 0.0075513208285,
        "min": 1.84250097846e-07,
        "var": 4.21270960942e-05
    },
    "spectral_entropy": {
        "dmean": 0.0822392255068,
        "dmean2": 0.131599590182,
        "dvar": 0.00610473705456,
        "dvar2": 0.0149135524407,
        "max": 8.4580783844,
        "mean": 7.90779495239,
        "median": 7.95186948776,
        "min": 6.93908119202,
        "var": 0.034959204495
    },
    "spectral_flux": {
        "dmean": 0.0198250096291,
        "dmean2": 0.0326499827206,
        "dvar": 0.000396938645281,
        "dvar2": 0.00106866331771,
        "max": 0.27098301053,
        "mean": 0.101889923215,
        "median": 0.103227645159,
        "min": 0.000837254337966,
        "var": 0.0014591049403
    },
    "spectral_kurtosis": {
        "dmean": 1.22208750248,
        "dmean2": 2.16253757477,
        "dvar": 1.46647870541,
        "dvar2": 4.63178873062,
        "max": 11.8607463837,
        "mean": 1.65290045738,
        "median": 1.33556842804,
        "min": -0.71688246727,
        "var": 2.02077126503
    },
    "spectral_rms": {
        "dmean": 0.000781119859312,
        "dmean2": 0.00130521692336,
        "dvar": 6.44899444069e-07,
        "dvar2": 1.89024785868e-06,
        "max": 0.0111594209448,
        "mean": 0.00566468527541,
        "median": 0.00589160248637,
        "min": 2.61514323938e-05,
        "var": 3.02817397824e-06
    },
    "spectral_rolloff": {
        "dmean": 517.882141113,
        "dmean2": 848.430664062,
        "dvar": 358080.78125,
        "dvar2": 856923.9375,
        "max": 5490.96679688,
        "mean": 1759.49841309,
        "median": 1894.921875,
        "min": 64.599609375,
        "var": 1114801.25
    },
    "spectral_skewness": {
        "dmean": 0.175137758255,
        "dmean2": 0.300389945507,
        "dvar": 0.0213721729815,
        "dvar2": 0.0636840164661,
        "max": 2.51412391663,
        "mean": 0.813347637653,
        "median": 0.793272674084,
        "min": 0.22686111927,
        "var": 0.0462657883763
    },
    "spectral_spread": {
        "dmean": 262277.625,
        "dmean2": 404383.9375,
        "dvar": 87190659072,
        "dvar2": 143696478208,
        "max": 14741832,
        "mean": 3613294.75,
        "median": 3594622.5,
        "min": 2026293.75,
        "var": 395959631872
    },
    "spectral_strongpeak": {
        "dmean": 0.219386354089,
        "dmean2": 0.387387692928,
        "dvar": 0.176184982061,
        "dvar2": 0.524182379246,
        "max": 4.95681428909,
        "mean": 0.376677334309,
        "median": 0.288890331984,
        "min": 0,
        "var": 0.151011735201
    },
    "zerocrossingrate": {
        "dmean": 0.009347692132,
        "dmean2": 0.0118169356138,
        "dvar": 5.87047288718e-05,
        "dvar2": 9.94280635496e-05,
        "max": 0.1455078125,
        "mean": 0.0653529390693,
        "median": 0.06298828125,
        "min": 0.01123046875,
        "var": 0.000576987571549
    },
    "barkbands": {
        "dmean": [0.000370717229089, 0.00829072669148, 0.00271025532857, 0.00195671501569, 0.00167022284586, 0.00045201391913, 0.000404205173254, 0.000396462855861, 0.000376787473215, 0.000308125541778, 0.000376771728043, 0.000378225930035, 0.000430587038863, 0.000534773338586, 0.000672517635394, 0.000443109252956, 0.000348349567503, 0.000316366320476, 0.00022228997841, 0.000221347407205, 0.000211822596611, 0.000172108833794, 0.000199966423679, 8.25714305392e-05, 1.56679234351e-05, 2.08046593286e-08, 1.4727861597e-08],
        "dmean2": [0.000647766515613, 0.0139019824564, 0.00464718323201, 0.00327053503133, 0.00282911933027, 0.000761918083299, 0.000693287292961, 0.000677405390888, 0.000611214782111, 0.000504300987814, 0.000619983125944, 0.000635245756712, 0.0007216965314, 0.000879584054928, 0.00109025032725, 0.000731702428311, 0.000584715919103, 0.000536738720257, 0.000373126589693, 0.00036324255052, 0.000344885047525, 0.000286835507723, 0.000346077926224, 0.000133754758281, 2.51697329077e-05, 3.54062805741e-08, 2.72099285326e-08],
        "dvar": [3.00229061168e-07, 0.000124212820083, 1.64831744769e-05, 1.2874172171e-05, 3.43468309438e-06, 3.20188178193e-07, 5.35674757884e-07, 4.43424966079e-07, 3.70126457483e-07, 2.53384371263e-07, 2.8876951319e-07, 2.96692007851e-07, 3.87084043041e-07, 4.36704993945e-07, 5.46219723674e-07, 2.4986800895e-07, 2.25479681148e-07, 1.72988066538e-07, 7.97626782401e-08, 7.27005371459e-08, 5.05954886876e-08, 6.22609022116e-08, 1.47126485217e-07, 2.6410782894e-08, 1.03519759431e-09, 3.99287562039e-15, 5.05152153831e-15],
        "dvar2": [8.68557435751e-07, 0.000336110591888, 4.59748152934e-05, 3.25635301124e-05, 9.34396484809e-06, 8.34895502067e-07, 1.45458386669e-06, 1.23847996747e-06, 9.51379206526e-07, 6.39479537767e-07, 7.12208475306e-07, 8.34601621591e-07, 1.09393704406e-06, 1.16827504826e-06, 1.47991067934e-06, 6.83700477566e-07, 6.33464026123e-07, 4.9149230108e-07, 2.13954734818e-07, 2.02326404519e-07, 1.44874277908e-07, 1.67180687072e-07, 4.00391456878e-07, 5.7527948627e-08, 2.44760278711e-09, 1.08707903519e-14, 1.4556118897e-14],
        "max": [0.00539961503819, 0.104998424649, 0.0563998408616, 0.0502492077649, 0.0258579924703, 0.00745291262865, 0.0100495927036, 0.00829324964434, 0.00951339211315, 0.00979440193623, 0.00780284544453, 0.0105803553015, 0.010086754337, 0.0092017762363, 0.00802052486688, 0.00594528112561, 0.00527085410431, 0.00585979642347, 0.00345896650106, 0.00364135717973, 0.00280859298073, 0.00287351571023, 0.00361976586282, 0.00314335804433, 0.000670094159432, 1.54197061875e-06, 1.92720131054e-06],
        "mean": [0.000413966103224, 0.0128557067364, 0.00364342983812, 0.00274130608886, 0.003143401118, 0.000763804011513, 0.000595100747887, 0.000576963007916, 0.000674629758578, 0.00055531761609, 0.000664688821416, 0.000720668642316, 0.000807727919891, 0.00113644229714, 0.00141140632331, 0.000964620092418, 0.000788755831309, 0.000782161427196, 0.000593187985942, 0.00065268331673, 0.000607884663623, 0.00039766842383, 0.000297009421047, 0.000178390590008, 2.78717507172e-05, 2.60169930044e-08, 9.62240598312e-09],
        "median": [0.000155111789354, 0.0082136048004, 0.00187331798952, 0.0013541772496, 0.00213784351945, 0.000447760219686, 0.000305022142129, 0.000265126232989, 0.000325487431837, 0.000305461784592, 0.00036637717858, 0.000421661621658, 0.000489224505145, 0.000819711305667, 0.00123825622723, 0.000809375778772, 0.00050070049474, 0.000607422203757, 0.000444952718681, 0.000512390455697, 0.000527053547557, 0.000320004648529, 0.000175227381987, 0.000108442327473, 1.14035929073e-05, 7.84706433166e-09, 8.9695040284e-10],
        "min": [9.10551989364e-09, 1.04074429075e-08, 8.37979907686e-09, 1.14858400568e-09, 2.50545468816e-08, 2.78023448708e-09, 3.35387406736e-09, 2.24973817353e-09, 6.2434487802e-08, 8.35550792999e-08, 2.5884082433e-08, 8.76841887987e-09, 2.51304257404e-08, 3.88029199883e-08, 6.11621828739e-08, 4.4271910582e-08, 5.41584332936e-09, 7.00169300316e-09, 1.22616743425e-08, 9.9533208342e-09, 6.18695805699e-09, 5.43575495726e-09, 2.25581349156e-08, 5.41408695653e-09, 1.4116809284e-11, 4.78378447966e-12, 7.2824949196e-12],
        "var": [3.5827974898e-07, 0.000179086535354, 2.21902810154e-05, 1.84374857781e-05, 1.04302353066e-05, 8.59686110743e-07, 7.32369358047e-07, 7.1458794082e-07, 8.2363698084e-07, 5.7303026324e-07, 6.22064590061e-07, 7.52633468437e-07, 8.10169808574e-07, 1.29224554257e-06, 1.35816605962e-06, 6.46955015782e-07, 6.10517417954e-07, 5.20034689089e-07, 3.04229189396e-07, 3.36593615202e-07, 2.14664936493e-07, 1.39997780479e-07, 1.75949608661e-07, 7.61915188718e-08, 2.61853005945e-09, 3.90536102331e-15, 2.912442321e-15]
    },
    "erbbands": {
        "dmean": [0.278805851936, 1.85576200485, 3.01443076134, 4.54303264618, 5.63263702393, 6.84925317764, 4.17689800262, 4.09878492355, 5.29888963699, 7.91002464294, 6.98104524612, 7.64043569565, 10.0448684692, 10.0010080338, 14.9421987534, 14.9896030426, 18.7167072296, 26.0741252899, 29.3377799988, 34.0724258423, 19.9023036957, 18.1052894592, 15.9883174896, 14.5727834702, 10.1696147919, 11.0296678543, 9.95496273041, 7.60009860992, 6.11702156067, 6.20362710953, 5.10271263123, 2.59442424774, 1.03293538094, 0.305961996317, 0.010641567409, 0.000549167976715, 6.17495752522e-05, 1.5905174223e-05, 7.57007683205e-06, 1.15915690913e-05],
        "dmean2": [0.459564447403, 3.16739487648, 5.19160842896, 7.6055393219, 9.66780853271, 11.449546814, 6.9947218895, 6.89138031006, 9.17682743073, 13.5233469009, 11.6116867065, 12.4618844986, 16.5020637512, 16.3641910553, 24.6879901886, 25.0775814056, 31.5249328613, 43.1194534302, 47.5109672546, 55.6459350586, 33.0843467712, 30.2704811096, 27.0159225464, 24.6733093262, 16.7133369446, 18.1626968384, 16.5009422302, 12.5277900696, 10.2983503342, 10.5366649628, 8.73797798157, 4.26165294647, 1.66845822334, 0.486267119646, 0.017037620768, 0.000889023998752, 0.000103159465652, 2.7348896765e-05, 1.30234620883e-05, 1.96806122403e-05],
        "dvar": [0.16712102294, 5.90383625031, 17.331741333, 57.6884307861, 63.101348877, 71.5928192139, 27.675611496, 28.1938724518, 93.0472793579, 159.209259033, 159.033035278, 168.692443848, 295.666809082, 201.910980225, 458.345184326, 436.439147949, 782.772644043, 1248.97827148, 1199.17687988, 1559.50305176, 549.48425293, 602.541748047, 438.208618164, 373.30657959, 163.89793396, 205.738677979, 127.432502747, 73.486907959, 77.4087219238, 112.293716431, 92.8760070801, 24.4520149231, 4.25588464737, 0.416547775269, 0.000987906707451, 2.21397726818e-06, 1.97110718858e-08, 1.98812832863e-09, 1.78812437079e-10, 1.83534396014e-10],
        "dvar2": [0.424764573574, 16.9304981232, 49.8205032349, 153.203933716, 166.636749268, 188.641799927, 72.7932510376, 71.9407424927, 252.567001343, 440.163757324, 438.270202637, 439.941986084, 761.390869141, 528.082580566, 1137.73632812, 1259.57995605, 2230.13745117, 3399.54663086, 3117.93530273, 4199.11181641, 1547.02758789, 1685.99938965, 1221.50463867, 1023.74420166, 444.895935059, 585.504455566, 360.629638672, 206.421081543, 212.19442749, 305.033111572, 248.502670288, 55.8667602539, 9.35901546478, 0.940784990788, 0.00251114368439, 5.56066015633e-06, 5.14481577341e-08, 5.56230173032e-09, 5.18181109133e-10, 5.52904444451e-10],
        "max": [3.41582012177, 22.5873222351, 47.6521263123, 95.5018692017, 85.7386627197, 136.160354614, 67.0039596558, 76.3954925537, 132.448883057, 144.94909668, 134.553146362, 218.539138794, 341.655273438, 240.661575317, 394.279449463, 315.976409912, 476.221008301, 509.588256836, 464.344665527, 406.58770752, 306.576477051, 278.236206055, 237.465682983, 296.083709717, 216.298843384, 189.521240234, 128.028762817, 110.352310181, 99.0807800293, 97.1317367554, 87.8313674927, 86.8840484619, 43.6710777283, 13.8382768631, 0.886148333549, 0.0397814698517, 0.00345761491917, 0.00124412612058, 0.000365899177268, 0.000145541678648],
        "mean": [0.37844851613, 2.81176757812, 4.4212846756, 7.17992401123, 9.28393173218, 12.4808359146, 6.69728279114, 7.03846359253, 7.68608999252, 12.2496376038, 11.5536804199, 13.7755289078, 19.3260173798, 19.6306686401, 28.6817531586, 30.9920330048, 38.4852523804, 55.4573059082, 65.4255981445, 70.5980300903, 48.7185440063, 44.3912124634, 41.9839057922, 37.8056716919, 28.3240699768, 31.4761810303, 28.6273765564, 20.6468639374, 14.1997900009, 10.9542284012, 7.78877305984, 4.95477247238, 2.30976057053, 0.62541526556, 0.0194907076657, 0.00108877150342, 0.00013597108773, 3.25697292283e-05, 2.73999321507e-05, 4.55982080894e-05],
        "median": [0.169663920999, 1.94945299625, 2.84343314171, 4.20934057236, 6.11247825623, 7.04329538345, 3.99094700813, 3.84847736359, 4.12760448456, 6.60442876816, 5.42491912842, 7.24086713791, 9.62436294556, 12.6557397842, 16.5104980469, 19.1357860565, 23.0257282257, 36.1319503784, 55.1198959351, 62.980255127, 39.5540962219, 29.6264152527, 32.3862533569, 28.5845775604, 22.5887680054, 24.2588977814, 25.4002494812, 17.6322593689, 11.7942819595, 7.55919027328, 4.57703256607, 3.05905580521, 1.30337679386, 0.286181002855, 0.00817830488086, 0.000542777532246, 8.8915869128e-05, 2.30239911616e-05, 2.769033199e-05, 4.72769170301e-05],
        "min": [2.98311874758e-07, 2.36630626205e-06, 1.03355778265e-05, 6.8969898166e-06, 3.68559885828e-05, 0.000103536178358, 5.70492593397e-05, 1.60376584972e-05, 3.13512318826e-05, 5.87217400607e-05, 8.12020953163e-05, 0.00112951744813, 0.00305114802904, 0.00120861269534, 0.00300465384498, 0.00038254444371, 0.000811970152427, 0.00254606478848, 0.00166160101071, 0.00288461684249, 0.00298517476767, 0.000541533401702, 0.000475212989841, 0.000541639048606, 0.000380252633477, 0.000475482724141, 0.00041879422497, 0.000153827670147, 0.000143610464875, 0.00082096416736, 0.000385853083571, 0.000174031796632, 4.03348531108e-05, 1.35188138302e-05, 4.40804143409e-07, 4.08260341089e-08, 1.03304858001e-08, 4.62165949955e-09, 1.73079717225e-09, 1.06753939022e-09],
        "var": [0.236975193024, 7.66941452026, 22.3337497711, 85.0382232666, 102.690963745, 286.82598877, 60.1720695496, 79.1326980591, 122.01410675, 250.175323486, 277.254638672, 343.492156982, 696.690979004, 449.599151611, 1095.43737793, 1163.57116699, 1736.72692871, 3575.45214844, 3155.72998047, 3308.16186523, 1678.14233398, 1777.70727539, 1441.30541992, 1233.42883301, 680.051513672, 837.119445801, 524.982910156, 252.715667725, 167.479293823, 166.682434082, 120.438964844, 59.0671234131, 12.7282800674, 1.19975566864, 0.00181844295003, 4.43972658104e-06, 3.8302502503e-08, 2.33287500429e-09, 3.87924081746e-10, 6.35809238592e-10]
    },
    "gfcc": {
        "mean": [11.8099813461, 126.021774292, -163.698867798, 81.4672622681, -56.1541023254, 27.0241794586, -20.5422439575, -11.3622198105, 0.798049509525, -16.0502376556, 3.48995566368, -18.9519901276, 6.764772892],
        "cov": [[3407.18164062, -1240.69433594, -90.1873397827, 185.886322021, -277.0987854, 526.203796387, -390.860992432, 434.06161499, -265.750152588, -117.353057861, -33.1821632385, -152.576919556, -114.988250732], [-1240.69433594, 807.387939453, -23.3486099243, -124.63092804, 174.344314575, -386.134490967, 215.825332642, -274.669525146, 136.222091675, 49.2554855347, 6.64791345596, 77.0382080078, 55.1526489258], [-90.1873397827, -23.3486099243, 311.810791016, 112.837478638, -18.7319221497, 76.68724823, -15.4623470306, 21.430683136, -26.1872463226, -36.0201148987, 21.6424674988, 8.33972358704, 8.08335113525], [185.886322021, -124.63092804, 112.837478638, 139.306228638, 26.2052707672, 91.0040206909, -11.5683898926, 16.672296524, -15.0864925385, -38.7694664001, -2.92973589897, -7.81369972229, -5.53453397751], [-277.0987854, 174.344314575, -18.7319221497, 26.2052707672, 173.263137817, -43.4743309021, 85.6337814331, -67.3035354614, 49.9912185669, 12.788105011, -10.237862587, 13.9039230347, 15.1638898849], [526.203796387, -386.134490967, 76.68724823, 91.0040206909, -43.4743309021, 258.984527588, -65.5792770386, 149.004653931, -54.0151634216, -28.5862312317, 4.38158845901, -40.8907356262, -19.2883872986], [-390.860992432, 215.825332642, -15.4623470306, -11.5683898926, 85.6337814331, -65.5792770386, 144.580276489, -55.8593139648, 65.873374939, 12.7646827698, -4.18732881546, 26.3991603851, 5.90205001831], [434.06161499, -274.669525146, 21.430683136, 16.672296524, -67.3035354614, 149.004653931, -55.8593139648, 164.255935669, -27.5851421356, 5.67347049713, 10.6568002701, -31.5216579437, -17.2401332855], [-265.750152588, 136.222091675, -26.1872463226, -15.0864925385, 49.9912185669, -54.0151634216, 65.873374939, -27.5851421356, 83.8481521606, 42.4800491333, 9.38604068756, 18.8896160126, 10.0467996597], [-117.353057861, 49.2554855347, -36.0201148987, -38.7694664001, 12.788105011, -28.5862312317, 12.7646827698, 5.67347049713, 42.4800491333, 64.462272644, 24.3469829559, 12.9829845428, 9.80174541473], [-33.1821632385, 6.64791345596, 21.6424674988, -2.92973589897, -10.237862587, 4.38158845901, -4.18732881546, 10.6568002701, 9.38604068756, 24.3469829559, 44.0097999573, 19.6037273407, 9.94922828674], [-152.576919556, 77.0382080078, 8.33972358704, -7.81369972229, 13.9039230347, -40.8907356262, 26.3991603851, -31.5216579437, 18.8896160126, 12.9829845428, 19.6037273407, 44.9190979004, 20.1807613373], [-114.988250732, 55.1526489258, 8.08335113525, -5.53453397751, 15.1638898849, -19.2883872986, 5.90205001831, -17.2401332855, 10.0467996597, 9.80174541473, 9.94922828674, 20.1807613373, 44.7131843567]],
        "icov": [[0.000873721204698, -0.000114179529191, 0.00117139192298, -0.00165407767054, 0.000241311310674, -0.000150874286192, 0.0011708898237, -0.00167409272399, 0.00115292752162, 0.00026575877564, 0.000189474259969, -0.000451061350759, 0.000868414819706], [-0.000114179529191, 0.0346172340214, -0.015564519912, 0.0241224616766, -0.0135866524652, 0.0313388332725, -0.0216668117791, 0.0177285689861, -0.0132905179635, 0.012256629765, -0.0192332621664, 0.0223645474762, -0.0148860905319], [0.00117139192298, -0.015564519912, 0.0137168746442, -0.0174589045346, 0.00777755165473, -0.0137678924948, 0.0100026065484, -0.010244990699, 0.00848351605237, -0.00409709382802, 0.00570623902604, -0.0105896443129, 0.00622450048104], [-0.00165407767054, 0.0241224616766, -0.0174589045346, 0.0382197126746, -0.0148105565459, 0.0149253727868, -0.0125321540982, 0.0182230770588, -0.01862042211, 0.0186369214207, -0.0149423247203, 0.0142216375098, -0.00897485483438], [0.000241311310674, -0.0135866524652, 0.00777755165473, -0.0148105565459, 0.0168793741614, -0.0133873261511, 0.00300755142234, -0.00313141522929, 0.00558076426387, -0.0100382203236, 0.0103589389473, -0.00639345543459, 0.00256346259266], [-0.000150874286192, 0.0313388332725, -0.0137678924948, 0.0149253727868, -0.0133873261511, 0.0421358309686, -0.0203695893288, 0.0051064635627, -0.00768408179283, 0.0119717922062, -0.0199305955321, 0.0239866375923, -0.0146220112219], [0.0011708898237, -0.0216668117791, 0.0100026065484, -0.0125321540982, 0.00300755142234, -0.0203695893288, 0.0315055847168, -0.0129679273814, -0.00310018681921, 0.0010152120376, 0.0136423455551, -0.0214652847499, 0.0145379602909], [-0.00167409272399, 0.0177285689861, -0.010244990699, 0.0182230770588, -0.00313141522929, 0.0051064635627, -0.0129679273814, 0.0305993985385, -0.0102047873661, 0.000193974919966, -0.0109547208995, 0.0162804424763, -0.00795045215636], [0.00115292752162, -0.0132905179635, 0.00848351605237, -0.01862042211, 0.00558076426387, -0.00768408179283, -0.00310018681921, -0.0102047873661, 0.0413712710142, -0.0275969710201, 0.0108315739781, -0.0085573066026, 0.00499298935756], [0.00026575877564, 0.012256629765, -0.00409709382802, 0.0186369214207, -0.0100382203236, 0.0119717922062, 0.0010152120376, 0.000193974919966, -0.0275969710201, 0.0498031973839, -0.0260738041252, 0.00856042280793, -0.00565633643419], [0.000189474259969, -0.0192332621664, 0.00570623902604, -0.0149423247203, 0.0103589389473, -0.0199305955321, 0.0136423455551, -0.0109547208995, 0.0108315739781, -0.0260738041252, 0.0546555779874, -0.031862359494, 0.0086956648156], [-0.000451061350759, 0.0223645474762, -0.0105896443129, 0.0142216375098, -0.00639345543459, 0.0239866375923, -0.0214652847499, 0.0162804424763, -0.0085573066026, 0.00856042280793, -0.031862359494, 0.0602587237954, -0.0235061757267], [0.000868414819706, -0.0148860905319, 0.00622450048104, -0.00897485483438, 0.00256346259266, -0.0146220112219, 0.0145379602909, -0.00795045215636, 0.00499298935756, -0.00565633643419, 0.0086956648156, -0.0235061757267, 0.0373544506729]]
    },
    "melbands": {
        "dmean": [0.00237482809462, 0.00172531814314, 0.000801870657597, 0.000390031316783, 0.000192273771972, 8.99241713341e-05, 8.01787828095e-05, 8.85208573891e-05, 5.57633902645e-05, 5.16091968166e-05, 5.08919511049e-05, 4.10046195611e-05, 5.3782161558e-05, 4.20854485128e-05, 4.87049546791e-05, 4.16383154516e-05, 5.13632185175e-05, 4.91476093885e-05, 5.04155905219e-05, 4.10826614825e-05, 2.34523522522e-05, 2.11238311749e-05, 1.85365697689e-05, 1.75059303729e-05, 1.28994579427e-05, 8.839298971e-06, 7.91168622527e-06, 8.02921294962e-06, 7.54237316869e-06, 5.80460755373e-06, 4.80363360111e-06, 4.00900080422e-06, 3.25972746396e-06, 4.17040882894e-06, 3.28536225425e-06, 2.32084471463e-06, 1.37030133374e-06, 8.37876484638e-07, 5.56958980269e-07, 1.59156726909e-07],
        "dmean2": [0.00392889697105, 0.00298685883172, 0.00133597897366, 0.000665273924824, 0.000320083840052, 0.000151165804709, 0.000138626943226, 0.000150522522745, 9.32254915824e-05, 8.39355998323e-05, 8.37826155475e-05, 6.7592052801e-05, 8.86711422936e-05, 7.10933454684e-05, 8.22647489258e-05, 6.99392185197e-05, 8.57208287925e-05, 8.04450610303e-05, 8.24428861961e-05, 6.82716345182e-05, 3.96807372454e-05, 3.57983117283e-05, 3.14086319122e-05, 2.99298226309e-05, 2.18310815399e-05, 1.47511173054e-05, 1.32849336296e-05, 1.33093735712e-05, 1.27267940115e-05, 9.47385888139e-06, 8.07060769148e-06, 6.74070770401e-06, 5.47622357772e-06, 7.29073963157e-06, 5.7099850892e-06, 3.84231816497e-06, 2.22784024118e-06, 1.35754362418e-06, 8.91761771982e-07, 2.55906911661e-07],
        "dvar": [1.10798200694e-05, 4.63046126242e-06, 1.641671588e-06, 1.96729899926e-07, 5.71451472808e-08, 1.3343900207e-08, 2.1008800033e-08, 1.93755322897e-08, 1.00231947187e-08, 7.20791470954e-09, 7.38784367016e-09, 3.70042618769e-09, 5.98891336523e-09, 4.04793354392e-09, 5.12966691346e-09, 2.99403013493e-09, 4.95208185569e-09, 3.29752070094e-09, 3.21233240008e-09, 2.14046447233e-09, 8.87862394716e-10, 8.33783320164e-10, 6.91504020711e-10, 6.16180551027e-10, 3.01913105627e-10, 1.35056577033e-10, 1.00935738934e-10, 1.1116785964e-10, 8.1200997315e-11, 4.03914887648e-11, 3.25871100937e-11, 3.2388983856e-11, 2.48583324064e-11, 5.92590421178e-11, 4.10520020755e-11, 1.78876653073e-11, 7.59033114139e-12, 2.75360572018e-12, 1.19772247675e-12, 1.83711010814e-13],
        "dvar2": [2.8671369364e-05, 1.40719703268e-05, 4.27180566476e-06, 5.30369163698e-07, 1.51745879862e-07, 3.44117481177e-08, 5.6721667363e-08, 5.37494173614e-08, 2.72835745108e-08, 1.86997972662e-08, 1.89483184698e-08, 9.77052305728e-09, 1.49394825399e-08, 1.12519700224e-08, 1.43299168087e-08, 8.34261282279e-09, 1.3353547601e-08, 8.58396642656e-09, 8.86711859494e-09, 5.71387603898e-09, 2.51363396764e-09, 2.31885599611e-09, 1.91443172426e-09, 1.78972714426e-09, 8.30747137748e-10, 3.71540076483e-10, 2.73489786373e-10, 3.19818310723e-10, 2.30540836421e-10, 1.18465307009e-10, 9.16473355539e-11, 9.03384173023e-11, 6.84093337533e-11, 1.62570790163e-10, 1.11572980022e-10, 4.51570794646e-11, 1.71622976247e-11, 6.30850189795e-12, 2.73262163765e-12, 4.46085198945e-13],
        "max": [0.0294312369078, 0.0218073315918, 0.0166811011732, 0.00593131268397, 0.00369826215319, 0.00159296602942, 0.00214312691242, 0.00183980411384, 0.00134384981357, 0.00149813469034, 0.00173175043892, 0.00109950685874, 0.00106264988426, 0.00150634034071, 0.000980267068371, 0.000601266045123, 0.000914593692869, 0.000668066903017, 0.000684015685692, 0.000550106866285, 0.000365131767467, 0.000311983108986, 0.000375024043024, 0.000366165011656, 0.000258613319602, 0.000179024180397, 0.000137709925184, 0.000122908837511, 0.000110872933874, 8.23361406219e-05, 6.99749944033e-05, 6.53500683256e-05, 6.31952716503e-05, 6.67509593768e-05, 5.57655002922e-05, 6.8258952524e-05, 5.38066597073e-05, 3.59016667062e-05, 2.27219970839e-05, 1.00807419585e-05],
        "mean": [0.00354721280746, 0.00289393449202, 0.00135907414369, 0.000752465217374, 0.000331093149725, 0.00015435962996, 0.000119221738714, 0.000135795664391, 9.15478158277e-05, 9.20731181395e-05, 9.60424658842e-05, 7.57747475291e-05, 9.6862349892e-05, 7.94276347733e-05, 9.08422807697e-05, 8.26842151582e-05, 0.000103506958112, 0.000101475190604, 0.000101143727079, 8.09777993709e-05, 5.1491537306e-05, 4.5921675337e-05, 4.03858975915e-05, 3.85850471503e-05, 2.97628521366e-05, 2.09701283893e-05, 1.98671714315e-05, 2.07844786928e-05, 1.92560328287e-05, 1.38953200803e-05, 1.16354531201e-05, 8.44390524435e-06, 6.6283328124e-06, 6.03459693593e-06, 4.48618311566e-06, 4.05136188419e-06, 2.5589638426e-06, 1.67436780885e-06, 1.21192852021e-06, 2.60802437424e-07],
        "median": [0.00200575497001, 0.00209810235538, 0.000883510685526, 0.000522437680047, 0.000184028802323, 8.59951032908e-05, 6.36222684989e-05, 7.30664614821e-05, 4.21242548327e-05, 4.6974306315e-05, 4.80788548884e-05, 4.85851996928e-05, 5.35443141416e-05, 4.49260769528e-05, 5.23407106812e-05, 5.13961567776e-05, 6.69576402288e-05, 8.08645490906e-05, 8.93562755664e-05, 7.02938705217e-05, 3.82957841794e-05, 2.94723031402e-05, 2.77128474409e-05, 2.85238802462e-05, 2.16169482883e-05, 1.55454272317e-05, 1.44785790326e-05, 1.56788537424e-05, 1.64995344676e-05, 1.18475754789e-05, 9.3162043413e-06, 6.60875730318e-06, 4.97170731251e-06, 3.59995283361e-06, 2.36840423895e-06, 2.52590257332e-06, 1.44674288549e-06, 8.9591901542e-07, 6.25163806944e-07, 8.5220648316e-08],
        "min": [3.20496806872e-09, 4.80447148732e-09, 1.62392077563e-09, 5.53320411711e-09, 2.60915489214e-09, 3.71279063049e-10, 5.46743594843e-10, 5.64592483876e-10, 5.23361853855e-10, 9.54041468049e-09, 1.52308832213e-08, 5.06603914374e-09, 3.72854369601e-09, 1.03562947107e-09, 7.93105747743e-10, 3.42738593062e-09, 4.65703742236e-09, 1.95012828108e-09, 4.97472951722e-09, 2.37088593202e-09, 3.51310691649e-09, 2.6101054651e-10, 6.50569320637e-10, 2.20493595604e-10, 4.6895282102e-10, 4.80591177965e-10, 1.46523113087e-10, 3.48590711852e-10, 3.21023430061e-10, 1.64933858238e-10, 6.60466750735e-11, 6.55012294404e-11, 1.25632865222e-10, 6.84323764322e-10, 2.90541868342e-10, 9.03431704447e-11, 8.83311340738e-11, 8.67746521339e-13, 2.12337851295e-13, 1.49408846298e-13],
        "var": [1.59889623319e-05, 6.57881855659e-06, 2.66104325419e-06, 5.53460324682e-07, 1.84102560752e-07, 3.67287888992e-08, 2.8767889404e-08, 3.16300230452e-08, 1.79659878086e-08, 1.53692827354e-08, 1.7318054546e-08, 7.34693683668e-09, 1.31412818405e-08, 1.00830179761e-08, 1.13384936995e-08, 7.4193762245e-09, 1.32251951612e-08, 8.24356671814e-09, 6.8162426814e-09, 4.67077931887e-09, 2.25000817977e-09, 2.10975814596e-09, 1.63811775256e-09, 1.46137379975e-09, 8.33748625695e-10, 4.16547657478e-10, 3.59736435085e-10, 3.7992331503e-10, 2.6746660442e-10, 1.2010771544e-10, 8.94024923537e-11, 6.13831416252e-11, 4.84900453124e-11, 6.75332845201e-11, 4.46813558375e-11, 3.46588244216e-11, 1.85004078029e-11, 7.17372125245e-12, 3.63802087414e-12, 3.57899148686e-13]
    },
    "mfcc": {
        "mean": [-594.726501465, 109.30027771, -19.4635066986, 41.4582366943, 5.04991340637, 29.7187137604, 1.04964029789, 9.0355014801, 3.03704118729, 7.53230333328, -3.03957891464, 4.40197229385, -5.25346517563],
        "cov": [[3671.69555664, -1392.46862793, 131.471664429, -443.01864624, 267.453552246, -234.990264893, 162.460418701, 172.011260986, -83.7652511597, 125.572883606, -42.6190223694, -78.7048034668, -38.0610961914], [-1392.46862793, 953.759033203, -254.422073364, 279.331512451, -203.070587158, 86.8560333252, -131.123184204, -138.869171143, 31.1958141327, -89.3552322388, 16.1048755646, 30.7034397125, 14.3308553696], [131.471664429, -254.422073364, 387.475189209, -40.2168998718, 84.8159408569, -23.6916713715, 61.5513305664, 66.8170471191, -28.7243232727, -9.07297611237, -9.5270318985, 8.77143859863, -11.0049848557], [-443.01864624, 279.331512451, -40.2168998718, 194.576843262, -33.1451339722, 85.7637329102, -43.7865753174, -11.8977069855, -1.62521743774, -21.1144828796, -14.2933835983, -6.09003257751, -5.71032047272], [267.453552246, -203.070587158, 84.8159408569, -33.1451339722, 137.779266357, 11.92852211, 52.6365203857, 30.7174396515, 2.16027402878, 23.9667129517, -9.19801521301, -12.0262384415, 2.51542377472], [-234.990264893, 86.8560333252, -23.6916713715, 85.7637329102, 11.92852211, 118.377082825, 1.69029164314, 23.2884159088, 7.45552682877, 14.2380495071, -14.1274662018, -7.66925096512, -4.45645618439], [162.460418701, -131.123184204, 61.5513305664, -43.7865753174, 52.6365203857, 1.69029164314, 80.353225708, 45.67811203, 11.0437583923, 13.5931539536, 4.91739416122, -3.37907338142, 3.54474973679], [172.011260986, -138.869171143, 66.8170471191, -11.8977069855, 30.7174396515, 23.2884159088, 45.67811203, 87.2658157349, 8.78730201721, 27.345085144, -6.76188993454, -3.66365814209, -4.43870639801], [-83.7652511597, 31.1958141327, -28.7243232727, -1.62521743774, 2.16027402878, 7.45552682877, 11.0437583923, 8.78730201721, 60.198841095, 20.6689453125, 18.3576374054, 3.55140066147, 14.9420642853], [125.572883606, -89.3552322388, -9.07297611237, -21.1144828796, 23.9667129517, 14.2380495071, 13.5931539536, 27.345085144, 20.6689453125, 60.8242340088, 13.439371109, 5.42460823059, 3.53721785545], [-42.6190223694, 16.1048755646, -9.5270318985, -14.2933835983, -9.19801521301, -14.1274662018, 4.91739416122, -6.76188993454, 18.3576374054, 13.439371109, 50.824344635, 21.1804580688, 17.3152866364], [-78.7048034668, 30.7034397125, 8.77143859863, -6.09003257751, -12.0262384415, -7.66925096512, -3.37907338142, -3.66365814209, 3.55140066147, 5.42460823059, 21.1804580688, 47.9744644165, 18.8626289368], [-38.0610961914, 14.3308553696, -11.0049848557, -5.71032047272, 2.51542377472, -4.45645618439, 3.54474973679, -4.43870639801, 14.9420642853, 3.53721785545, 17.3152866364, 18.8626289368, 48.040348053]],
