{
"lowlevel": {
    "average_loudness": 0.965937674046,
    "barkbands_crest": {
        "dmean": 3.50916624069,
        "dmean2": 5.27358293533,
        "dvar": 16.2180423737,
        "dvar2": 26.3614273071,
        "max": 25.8336048126,
        "mean": 11.0337715149,
        "median": 7.08546924591,
        "min": 2.53986525536,
        "var": 56.9442596436
    },
    "barkbands_flatness_db": {
        "dmean": 0.0430551096797,
        "dmean2": 0.0602132305503,
        "dvar": 0.00251210597344,
        "dvar2": 0.00422987574711,
        "max": 0.464485049248,
        "mean": 0.173857823014,
        "median": 0.146262347698,
        "min": 0.0631052330136,
        "var": 0.00730528542772
    },
    "barkbands_kurtosis": {
        "dmean": 22.3968315125,
        "dmean2": 33.4063453674,
        "dvar": 2925.48144531,
        "dvar2": 6238.49853516,
        "max": 398.242584229,
        "mean": 24.1520061493,
        "median": 2.05190610886,
        "min": -1.89419853687,
        "var": 3950.36889648
    },
    "barkbands_skewness": {
        "dmean": 1.83756411076,
        "dmean2": 2.43903112411,
        "dvar": 6.29104566574,
        "dvar2": 10.2257080078,
        "max": 19.2009124756,
        "mean": 1.63765788078,
        "median": 0.0851212888956,
        "min": -3.32266044617,
        "var": 20.6438961029
    },
    "barkbands_spread": {
        "dmean": 13.15188694,
        "dmean2": 21.1369819641,
        "dvar": 240.373046875,
        "dvar2": 486.245788574,
        "max": 100.740036011,
        "mean": 28.6916027069,
        "median": 23.086774826,
        "min": 0.868947684765,
        "var": 494.427734375
    },
    "dissonance": {
        "dmean": 0.012411554344,
        "dmean2": 0.0216265916824,
        "dvar": 0.00026067532599,
        "dvar2": 0.000710116699338,
        "max": 0.5,
        "mean": 0.48507475853,
        "median": 0.491008549929,
        "min": 0.373138099909,
        "var": 0.000296851270832
    },
    "dynamic_complexity": 4.83650875092,
    "erbbands_crest": {
        "dmean": 2.55452370644,
        "dmean2": 4.32499027252,
        "dvar": 5.86661052704,
        "dvar2": 15.2347135544,
        "max": 26.822303772,
        "mean": 7.72657155991,
        "median": 6.94833230972,
        "min": 2.83254647255,
        "var": 9.80012607574
    },
    "erbbands_flatness_db": {
        "dmean": 0.0188724771142,
        "dmean2": 0.027842214331,
        "dvar": 0.000266812246991,
        "dvar2": 0.000463567936094,
        "max": 0.318006008863,
        "mean": 0.180479973555,
        "median": 0.177686542273,
        "min": 0.0591444708407,
        "var": 0.00131599919405
    },
    "erbbands_kurtosis": {
        "dmean": 1.78140568733,
        "dmean2": 2.87249946594,
        "dvar": 4.69488716125,
        "dvar2": 9.40642547607,
        "max": 15.3358821869,
        "mean": 1.46094417572,
        "median": 0.298990726471,
        "min": -1.9091783762,
        "var": 9.76539993286
    },
    "erbbands_skewness": {
        "dmean": 0.680713534355,
        "dmean2": 1.08257853985,
        "dvar": 0.409419625998,
        "dvar2": 0.840517103672,
        "max": 2.00046348572,
        "mean": -0.614600419998,
        "median": -0.600783288479,
        "min": -2.95859766006,
        "var": 1.20475673676
    },
    "erbbands_spread": {
        "dmean": 18.1697654724,
        "dmean2": 27.2112045288,
        "dvar": 468.409545898,
        "dvar2": 851.671691895,
        "max": 167.148391724,
        "mean": 52.743221283,
        "median": 41.5784835815,
        "min": 3.93029618263,
        "var": 1480.70776367
    },
    "hfc": {
        "dmean": 10.2624530792,
        "dmean2": 13.9394216537,
        "dvar": 173.332931519,
        "dvar2": 321.67276001,
        "max": 98.7746124268,
        "mean": 18.2073764801,
        "median": 10.0963449478,
        "min": 1.17453969215e-16,
        "var": 381.733184814
    },
    "melbands_crest": {
        "dmean": 4.39616537094,
        "dmean2": 6.81195688248,
        "dvar": 21.4760169983,
        "dvar2": 37.0477104187,
        "max": 34.5043182373,
        "mean": 14.0551719666,
        "median": 10.0733833313,
        "min": 2.47994184494,
        "var": 94.8469543457
    },
    "melbands_flatness_db": {
        "dmean": 0.0517956651747,
        "dmean2": 0.0689662843943,
        "dvar": 0.00396029604599,
        "dvar2": 0.00541545450687,
        "max": 0.523567736149,
        "mean": 0.146631315351,
        "median": 0.0814309865236,
        "min": 0.00696213822812,
        "var": 0.0178434848785
    },
    "melbands_kurtosis": {
        "dmean": 74.2084655762,
        "dmean2": 98.8745956421,
        "dvar": 29354.5019531,
        "dvar2": 53989.0390625,
        "max": 1199.09423828,
        "mean": 92.1791763306,
        "median": 1.54943799973,
        "min": -1.81566631794,
        "var": 51201.71875
    },
    "melbands_skewness": {
        "dmean": 2.56050276756,
        "dmean2": 3.22050309181,
        "dvar": 15.0443382263,
        "dvar2": 23.1747989655,
        "max": 27.5210227966,
        "mean": 4.43447208405,
        "median": 1.35429406166,
        "min": -2.10472512245,
        "var": 48.2744483948
    },
    "melbands_spread": {
        "dmean": 29.9865207672,
        "dmean2": 46.2392997742,
        "dvar": 1290.85900879,
        "dvar2": 2500.30566406,
        "max": 245.309997559,
        "mean": 68.1104812622,
        "median": 54.835269928,
        "min": 0.446051031351,
        "var": 3348.01074219
    },
    "pitch_salience": {
        "dmean": 0.1083015576,
        "dmean2": 0.151555672288,
        "dvar": 0.0168532654643,
        "dvar2": 0.026909660548,
        "max": 0.856640279293,
        "mean": 0.549474298954,
        "median": 0.675038039684,
        "min": 0.0413418002427,
        "var": 0.061695560813
    },
    "silence_rate_20dB": {
        "dmean": 0,
        "dmean2": 0,
        "dvar": 0,
        "dvar2": 0,
        "max": 1,
        "mean": 1,
        "median": 1,
        "min": 1,
        "var": 0
    },
    "silence_rate_30dB": {
        "dmean": 0.134674921632,
        "dmean2": 0.269558489323,
        "dvar": 0.116538196802,
        "dvar2": 0.320831209421,
        "max": 1,
        "mean": 0.874709963799,
        "median": 1,
        "min": 0,
        "var": 0.109593875706
    },
    "silence_rate_60dB": {
        "dmean": 0.145510837436,
        "dmean2": 0.291247099638,
        "dvar": 0.124337859452,
        "dvar2": 0.223463654518,
        "max": 1,
        "mean": 0.344160854816,
        "median": 0,
        "min": 0,
        "var": 0.225716665387
    },
    "spectral_centroid": {
        "dmean": 639.463012695,
        "dmean2": 996.852050781,
        "dvar": 529036.75,
        "dvar2": 870796.1875,
        "max": 11028.5849609,
        "mean": 2698.11254883,
        "median": 2842.87084961,
        "min": 411.02331543,
        "var": 1783551.75
    },
    "spectral_complexity": {
        "dmean": 5.85603713989,
        "dmean2": 8.60883045197,
        "dvar": 55.5706520081,
        "dvar2": 109.343971252,
        "max": 55,
        "mean": 11.0208816528,
        "median": 6,
        "min": 0,
        "var": 158.24458313
    },
    "spectral_decrease": {
        "dmean": 5.12561681987e-09,
        "dmean2": 8.83681305908e-09,
        "dvar": 8.50013576786e-17,
        "dvar2": 2.11214190199e-16,
        "max": -5.46624478497e-29,
        "mean": -7.13074443937e-09,
        "median": -1.04720709881e-09,
        "min": -4.27804494052e-08,
        "var": 1.44062781334e-16
    },
    "spectral_energy": {
        "dmean": 0.020076861605,
        "dmean2": 0.0344080217183,
        "dvar": 0.00124455732293,
        "dvar2": 0.00309047708288,
        "max": 0.165301039815,
        "mean": 0.0285645779222,
        "median": 0.00572787411511,
        "min": 1.08597392227e-20,
        "var": 0.00210819975473
    },
    "spectral_energyband_high": {
        "dmean": 0.00107244052924,
        "dmean2": 0.00134833122138,
        "dvar": 2.15413228943e-06,
        "dvar2": 3.35463187184e-06,
        "max": 0.0119047444314,
        "mean": 0.00183032581117,
        "median": 0.000736599497031,
        "min": 7.89745439177e-21,
        "var": 5.30405395693e-06
    },
    "spectral_energyband_low": {
        "dmean": 0.0158121865243,
        "dmean2": 0.0270534101874,
        "dvar": 0.00101075065322,
        "dvar2": 0.0023420478683,
        "max": 0.158669903874,
        "mean": 0.0207444615662,
        "median": 6.16384932073e-05,
        "min": 4.75606227687e-23,
        "var": 0.00173316220753
    },
    "spectral_energyband_middle_high": {
        "dmean": 0.00109954271466,
        "dmean2": 0.00176154798828,
        "dvar": 3.0325827538e-06,
        "dvar2": 7.18856153981e-06,
        "max": 0.0217696279287,
        "mean": 0.00202245730907,
        "median": 0.000611018622294,
        "min": 1.41578535259e-21,
        "var": 1.10286691779e-05
    },
    "spectral_energyband_middle_low": {
        "dmean": 0.00770091731101,
        "dmean2": 0.0138262594119,
        "dvar": 0.000474276428577,
        "dvar2": 0.00130072666798,
        "max": 0.118120931089,
        "mean": 0.00544875208288,
        "median": 0.000398579373723,
        "min": 4.64456764265e-22,
        "var": 0.000310103321681
    },
    "spectral_entropy": {
        "dmean": 0.165263980627,
        "dmean2": 0.267667233944,
        "dvar": 0.0269930716604,
        "dvar2": 0.0553128384054,
        "max": 9.79744529724,
        "mean": 8.08635234833,
        "median": 8.16262722015,
        "min": 7.13113832474,
        "var": 0.0738556534052
    },
    "spectral_flux": {
        "dmean": 0.0501156076789,
        "dmean2": 0.0773327872157,
        "dvar": 0.00484007410705,
        "dvar2": 0.0105370106176,
        "max": 0.389606893063,
        "mean": 0.100431486964,
        "median": 0.0607271678746,
        "min": 1.04210071128e-10,
        "var": 0.009596333839
    },
    "spectral_kurtosis": {
        "dmean": 0.730538785458,
        "dmean2": 1.22173583508,
        "dvar": 0.496341437101,
        "dvar2": 1.31639182568,
        "max": 6.61339950562,
        "mean": 0.705173492432,
        "median": 0.57802271843,
        "min": -1.21008610725,
        "var": 0.838159382343
    },
    "spectral_rms": {
        "dmean": 0.00157081929501,
        "dmean2": 0.0024902166333,
        "dvar": 5.14754401593e-06,
        "dvar2": 1.02508556665e-05,
        "max": 0.0126991849393,
        "mean": 0.00382155296393,
        "median": 0.002363930922,
        "min": 3.25497571604e-12,
        "var": 1.32635832415e-05
    },
    "spectral_rolloff": {
        "dmean": 1359.09240723,
        "dmean2": 2183.77612305,
        "dvar": 3819174.5,
        "dvar2": 6894792,
        "max": 18561.6210938,
        "mean": 4421.64550781,
        "median": 5598.6328125,
        "min": 64.599609375,
        "var": 11187116
    },
    "spectral_skewness": {
        "dmean": 0.200829997659,
        "dmean2": 0.309738188982,
        "dvar": 0.0337039381266,
        "dvar2": 0.0723775848746,
        "max": 1.7108540535,
        "mean": 0.614803373814,
        "median": 0.554549157619,
        "min": -0.0823899060488,
        "var": 0.0981186330318
    },
    "spectral_spread": {
        "dmean": 638328.9375,
        "dmean2": 908246.625,
        "dvar": 1.01533895885e+12,
        "dvar2": 1.24196093952e+12,
        "max": 40298236,
        "mean": 5291363.5,
        "median": 5221293.5,
        "min": 2448732,
        "var": 2.0361323479e+12
    },
    "spectral_strongpeak": {
        "dmean": 0.531563162804,
        "dmean2": 0.926876962185,
        "dvar": 0.540995419025,
        "dvar2": 1.45353662968,
        "max": 6.03693914413,
        "mean": 0.765587449074,
        "median": 0.587851643562,
        "min": 0,
        "var": 0.708264112473
    },
    "zerocrossingrate": {
        "dmean": 0.0308414604515,
        "dmean2": 0.0305987056345,
        "dvar": 0.000949223001953,
        "dvar2": 0.000763644755352,
        "max": 0.4970703125,
        "mean": 0.149390652776,
        "median": 0.16162109375,
        "min": 0.00341796875,
        "var": 0.00802827998996
    },
    "barkbands": {
        "dmean": [0.00056096521439, 0.0130008840933, 0.00533710187301, 0.00384977436624, 0.00280605396256, 0.000468689278932, 0.000264320522547, 0.000500909867696, 0.000419647054514, 0.000170695057022, 0.000200239213882, 0.000236103427596, 0.000137649098178, 0.00014424775145, 0.000201501097763, 0.000117166724522, 0.000120156124467, 0.000130308311782, 0.000111695029773, 0.000209077334148, 0.000263937312411, 0.000279158528429, 0.000238436841755, 0.000231296449783, 5.11602193001e-05, 4.36075993093e-08, 1.18697485174e-09],
        "dmean2": [0.000780273287091, 0.0207483638078, 0.00966711714864, 0.00709330709651, 0.00532280886546, 0.000865604321007, 0.00046252773609, 0.000940753845498, 0.000738209637348, 0.000304723216686, 0.000345334439771, 0.000397815427277, 0.000228412391152, 0.00024440465495, 0.000333046889864, 0.000185600132681, 0.000188334859558, 0.000197884204681, 0.000172728090547, 0.000320490071317, 0.000375803705538, 0.000354569143383, 0.000318729958963, 0.000330187118379, 7.82125352998e-05, 7.05656049149e-08, 2.2140111966e-09],
        "dvar": [1.67676398632e-06, 0.000805707240943, 0.000268036557827, 0.000148628445459, 8.40559514472e-05, 1.26564282255e-06, 4.51499801102e-07, 2.81513530354e-06, 9.0981620815e-07, 1.47634906966e-07, 1.6690582072e-07, 2.67357648909e-07, 7.94692169848e-08, 1.19819517863e-07, 2.00681157025e-07, 1.1171865566e-07, 1.20965481187e-07, 4.84380322519e-08, 2.96948154954e-08, 1.03795073869e-07, 1.77188724138e-07, 1.50483330685e-07, 1.25745245327e-07, 7.08061307364e-08, 5.42862022002e-09, 4.31781482313e-15, 5.19809933582e-18],
        "dvar2": [3.19536775351e-06, 0.00181351462379, 0.000747380545363, 0.00041507667629, 0.000246038573096, 3.52690199179e-06, 1.25392193695e-06, 7.96518543211e-06, 2.32856336879e-06, 4.12112029835e-07, 4.64569012593e-07, 6.91365016792e-07, 2.12653233689e-07, 2.85677316469e-07, 4.84085546759e-07, 2.53992084254e-07, 3.03372530652e-07, 1.17624054496e-07, 6.59121894842e-08, 2.39395944845e-07, 3.49579522663e-07, 2.37725274133e-07, 2.50631529752e-07, 1.28042046299e-07, 1.16693534835e-08, 1.08946809162e-14, 1.65068738513e-17],
        "max": [0.00884625595063, 0.150026381016, 0.0938664525747, 0.0694471299648, 0.0619459711015, 0.00784984976053, 0.00642234552652, 0.0134673472494, 0.00725657772273, 0.00403588684276, 0.00378867634572, 0.00627390528098, 0.00330210733227, 0.00675216550007, 0.00684562185779, 0.00485528539866, 0.00585118727759, 0.00332008558325, 0.0020868293941, 0.0024531353265, 0.00332495034672, 0.00317684747279, 0.0028786775656, 0.00173231086228, 0.000484300573589, 4.77290996059e-07, 2.09070325496e-08],
        "mean": [0.00054812640883, 0.0153045877814, 0.00343889952637, 0.00233540614136, 0.00192579277791, 0.000317819125485, 0.000196815482923, 0.000316187622957, 0.000315055891406, 0.000152494030772, 0.00022823427571, 0.000268363655778, 0.000182064075489, 0.000145820027683, 0.000287343951641, 0.000139001582284, 0.000160255774972, 0.000201919465326, 0.000174254266312, 0.000281221204204, 0.000411695858929, 0.000455914530903, 0.000363653613022, 0.00034464042983, 6.89682128723e-05, 5.23855554491e-08, 9.4759378122e-10],
        "median": [6.04252500125e-06, 1.97543376999e-05, 2.29897850659e-05, 5.85230372963e-06, 5.5722441175e-05, 5.74749101361e-05, 2.78523402812e-05, 1.5038726815e-05, 2.97873993986e-05, 1.94803269551e-05, 2.16853550228e-05, 2.41458546952e-05, 2.06688109756e-05, 1.70468701981e-05, 2.57757401414e-05, 1.96800301637e-05, 2.92628665193e-05, 6.18917765678e-05, 6.22134684818e-05, 8.68146307766e-05, 0.000127406412503, 0.00018227667897, 0.000156011607032, 0.000149187268107, 2.89577219519e-05, 1.94629343753e-08, 1.40368175416e-10],
        "min": [1.07567132438e-23, 2.2566420112e-23, 1.21342016461e-23, 6.60968448127e-24, 4.41569498645e-23, 2.56764900314e-23, 8.46484985537e-23, 1.21764025491e-22, 1.59363799428e-22, 5.73386262641e-23, 3.74043857128e-23, 9.17263163675e-23, 7.90679513597e-23, 1.35601478806e-22, 1.06125444958e-22, 2.27346305006e-22, 1.48956578387e-22, 1.9852752482e-22, 2.02291085536e-22, 4.11705269501e-22, 5.69108743269e-22, 4.39397543692e-22, 4.64371996427e-22, 1.12276742483e-21, 1.30244272649e-21, 1.7878794043e-21, 2.20103067478e-21],
        "var": [2.17176898332e-06, 0.00125959969591, 0.000170079874806, 8.99527512956e-05, 4.84791307827e-05, 7.79408765084e-07, 2.94326326866e-07, 1.64647804013e-06, 6.87596354965e-07, 1.2088089818e-07, 2.54546904443e-07, 3.63443291462e-07, 1.5154134303e-07, 1.71712372321e-07, 5.120688229e-07, 1.69545216977e-07, 1.79437861902e-07, 9.44676017411e-08, 6.28628313848e-08, 1.59561253099e-07, 3.24282751762e-07, 3.6117424429e-07, 2.34817534306e-07, 1.71388734316e-07, 7.80659537014e-09, 5.35349725433e-15, 4.34119274719e-18]
    },
    "erbbands": {
        "dmean": [0.497060447931, 2.8038175106, 4.59591674805, 11.4397621155, 10.4537553787, 8.29467391968, 7.30928611755, 2.84553337097, 2.659263134, 7.64653587341, 10.7810955048, 10.2340526581, 5.40795230865, 6.94654607773, 7.19398880005, 9.10998535156, 6.24187088013, 6.02238512039, 9.26314353943, 8.96977519989, 6.42683696747, 6.43115139008, 5.89320039749, 7.2829990387, 6.20708847046, 9.5416059494, 11.5464611053, 10.9841794968, 11.1034708023, 7.47872114182, 6.35391569138, 6.36235904694, 2.69959640503, 1.07127285004, 0.0933531820774, 0.00405328394845, 0.000207028453588, 2.94717174256e-05, 1.52272423293e-05, 2.42777077801e-05],
        "dmean2": [0.650719225407, 4.52075338364, 7.73254442215, 20.7609939575, 19.7043170929, 15.6315402985, 13.5088834763, 5.11756944656, 4.55537700653, 13.9918603897, 19.8184871674, 17.9074172974, 9.61138057709, 12.1940307617, 12.2043943405, 15.3434410095, 10.5418806076, 10.2287788391, 16.0636768341, 14.401930809, 10.3289117813, 10.1248149872, 9.28271484375, 10.9073200226, 9.33219814301, 14.5038671494, 16.9808521271, 15.21879673, 14.8634700775, 10.2660255432, 8.07546806335, 8.84074783325, 3.86449193954, 1.61948084831, 0.138828456402, 0.00597844086587, 0.000296969141345, 4.05479040637e-05, 2.31541325775e-05, 4.05534083256e-05],
        "dvar": [1.28376424313, 32.9041061401, 153.763320923, 1214.81152344, 1205.60766602, 734.67401123, 442.771514893, 27.6083049774, 36.4678535461, 637.05682373, 1131.11523438, 604.451538086, 102.198638916, 230.92666626, 186.382949829, 418.667510986, 158.868377686, 208.115951538, 333.404815674, 385.449432373, 356.328186035, 337.09677124, 119.707466125, 108.74495697, 87.0388641357, 201.58026123, 321.239898682, 316.640441895, 248.547409058, 126.601142883, 79.6138687134, 49.7448501587, 12.010925293, 2.38891363144, 0.0175023432821, 3.16448895319e-05, 7.57929612405e-08, 1.42771694467e-09, 3.66765839921e-10, 1.51006529503e-09],
        "dvar2": [2.47892165184, 85.5128173828, 393.460327148, 3330.93334961, 3443.00976562, 2143.96533203, 1269.17614746, 74.5594558716, 98.5375595093, 1800.31140137, 3187.4777832, 1553.01135254, 272.698791504, 641.21496582, 466.272888184, 1106.82006836, 426.428497314, 513.749633789, 896.967773438, 907.269958496, 870.528564453, 818.821838379, 304.623840332, 246.147735596, 207.532852173, 458.295013428, 628.647399902, 621.965270996, 458.387634277, 237.661987305, 136.082138062, 89.8478775024, 22.0449085236, 5.02536392212, 0.0376370251179, 6.66842315695e-05, 1.47358719005e-07, 2.54938870015e-09, 8.0278123038e-10, 3.69742703121e-09],
        "max": [6.85963010788, 32.5818901062, 75.4346313477, 200.806945801, 198.713790894, 193.919662476, 143.706741333, 38.5325889587, 67.590133667, 244.683761597, 259.204040527, 183.491821289, 106.9347229, 134.433120728, 136.863723755, 256.812957764, 136.739501953, 276.163604736, 207.431976318, 312.95791626, 274.894378662, 347.381866455, 187.379821777, 127.736526489, 101.059089661, 103.47088623, 129.879882812, 141.442581177, 134.457397461, 117.440452576, 70.5750045776, 51.0212860107, 21.2315425873, 11.2797765732, 0.968498170376, 0.0397814325988, 0.00188546860591, 0.000269479642157, 0.000125480248244, 0.00019816972781],
        "mean": [0.551971852779, 2.9736597538, 3.83151006699, 7.19282150269, 6.13356256485, 6.02090072632, 6.05551815033, 2.16195702553, 2.155169487, 5.12867975235, 7.05459785461, 7.56336307526, 4.84031200409, 7.42893600464, 9.06612300873, 10.5709905624, 8.33098220825, 6.87587165833, 11.3604440689, 13.2580137253, 8.64473628998, 8.87999248505, 9.0711517334, 11.2177057266, 9.07998943329, 13.1577711105, 18.2345161438, 16.1373023987, 16.5900917053, 12.7789106369, 10.0467863083, 9.27140140533, 4.01933431625, 1.49528038502, 0.120502762496, 0.00537947192788, 0.000307329260977, 4.67445715913e-05, 2.53111084021e-05, 3.67824723071e-05],
        "median": [0.00062099378556, 0.00458961352706, 0.0237752888352, 0.030324941501, 0.0368629395962, 0.228013783693, 0.341846138239, 0.576364517212, 0.485622227192, 0.387492924929, 0.45947638154, 0.683347821236, 0.6416888237, 0.773649036884, 1.13400685787, 1.02403342724, 0.94843429327, 0.884486794472, 1.25017535686, 1.30833268166, 1.30165088177, 1.75419914722, 2.95313382149, 3.55984044075, 3.36279845238, 4.33455038071, 4.22186517715, 6.19100761414, 6.98340129852, 5.19653511047, 4.12473535538, 3.79023265839, 1.83874452114, 0.613216280937, 0.0478631854057, 0.00230907276273, 0.000149137384142, 2.36545638472e-05, 1.37160286613e-05, 1.29062673295e-05],
        "min": [1.26700340907e-21, 2.86756113975e-21, 1.14901615172e-20, 2.04717863513e-20, 6.6669277494e-20, 1.45364701269e-19, 1.94126468467e-19, 3.10862823552e-19, 1.04402601013e-18, 1.26116019715e-18, 3.46787572238e-18, 3.40155010612e-18, 2.70211554506e-18, 1.50848978524e-18, 1.53235332553e-18, 3.72268498776e-18, 3.58092029284e-18, 5.93803886353e-18, 6.60563069333e-18, 6.34058506786e-18, 1.47846937422e-17, 8.02553543202e-18, 1.10137932237e-17, 1.44347599471e-17, 7.81004082038e-18, 2.03264233432e-17, 2.25537676155e-17, 1.92641927421e-17, 1.62879009452e-17, 1.79171274602e-17, 1.28496411839e-17, 2.31773443377e-17, 1.61251697033e-17, 1.26258441605e-17, 9.9830724137e-18, 7.67702025171e-18, 3.16603503532e-18, 1.23513637129e-18, 2.70225533858e-19, 3.08262167706e-20],
        "var": [1.94506216049, 46.6276664734, 130.529373169, 773.094665527, 690.270507812, 440.591491699, 317.777557373, 19.1112709045, 25.8828125, 377.520233154, 680.709716797, 450.775268555, 96.5891647339, 255.047393799, 332.017028809, 553.747680664, 302.682617188, 305.83782959, 642.613586426, 1093.03710938, 585.18157959, 505.155487061, 224.27355957, 256.301727295, 161.485061646, 324.616455078, 648.887329102, 535.660644531, 510.572509766, 257.422607422, 179.446472168, 125.255340576, 25.0400447845, 3.61276197433, 0.0256520360708, 4.84860320284e-05, 1.34644324135e-07, 2.96997249016e-09, 6.9305999828e-10, 2.58417776067e-09]
    },
    "gfcc": {
        "mean": [-84.7425308228, 43.6815376282, -140.794692993, 74.8272323608, -94.8857040405, 31.8201999664, -34.0678024292, 1.03567516804, -9.76697158813, -9.88512516022, 5.49140548706, -8.73062229156, 7.18158626556],
        "cov": [[10858.3300781, 872.908874512, -708.96862793, -189.521835327, 300.490722656, 72.061378479, -193.371200562, -4.18412971497, -110.153442383, -171.639587402, -135.731613159, -425.019348145, -50.5038452148], [872.908874512, 1966.82409668, 595.659606934, 58.2054710388, 712.314697266, 306.810150146, 456.945373535, -105.020217896, 180.869110107, -214.053375244, -10.5494842529, -144.122360229, 4.20985269547], [-708.96862793, 595.659606934, 1349.46533203, 706.445373535, 413.801239014, 140.491027832, 365.646759033, 79.2759399414, 111.977760315, -55.1352806091, 27.4915275574, 8.54949092865, 2.30830383301], [-189.521835327, 58.2054710388, 706.445373535, 751.512329102, 421.783172607, 130.486282349, 344.287750244, 99.2922286987, 179.876586914, 0.214266821742, 95.3536376953, 56.5102729797, 5.80395412445], [300.490722656, 712.314697266, 413.801239014, 421.783172607, 769.368041992, 321.406616211, 466.226196289, 43.8031082153, 257.638519287, -51.6559944153, 90.8530044556, -26.557554245, 2.0031003952], [72.061378479, 306.810150146, 140.491027832, 130.486282349, 321.406616211, 280.852142334, 264.654174805, 59.0013237, 130.425292969, 5.99265480042, 41.8954086304, -4.53179216385, -3.51698708534], [-193.371200562, 456.945373535, 365.646759033, 344.287750244, 466.226196289, 264.654174805, 482.146728516, 79.7258529663, 233.671203613, -14.5533924103, 103.220939636, 31.2925243378, 17.0902786255], [-4.18412971497, -105.020217896, 79.2759399414, 99.2922286987, 43.8031082153, 59.0013237, 79.7258529663, 122.399353027, 47.9682159424, 34.5282974243, 1.49503195286, -3.36405754089, -26.7114753723], [-110.153442383, 180.869110107, 111.977760315, 179.876586914, 257.638519287, 130.425292969, 233.671203613, 47.9682159424, 203.572875977, 25.8568935394, 68.1507949829, 22.297296524, 13.3589277267], [-171.639587402, -214.053375244, -55.1352806091, 0.214266821742, -51.6559944153, 5.99265480042, -14.5533924103, 34.5282974243, 25.8568935394, 96.2649688721, 21.3864784241, 17.4336948395, -9.47602462769], [-135.731613159, -10.5494842529, 27.4915275574, 95.3536376953, 90.8530044556, 41.8954086304, 103.220939636, 1.49503195286, 68.1507949829, 21.3864784241, 84.0850296021, 50.7129631042, 24.8547363281], [-425.019348145, -144.122360229, 8.54949092865, 56.5102729797, -26.557554245, -4.53179216385, 31.2925243378, -3.36405754089, 22.297296524, 17.4336948395, 50.7129631042, 86.7985916138, 41.6876373291], [-50.5038452148, 4.20985269547, 2.30830383301, 5.80395412445, 2.0031003952, -3.51698708534, 17.0902786255, -26.7114753723, 13.3589277267, -9.47602462769, 24.8547363281, 41.6876373291, 61.454158783]],
        "icov": [[0.000165623132489, -0.000193673651665, 0.000312962918542, -0.000441587821115, 0.000109281667392, -0.00013416002912, 0.000290307943942, -0.000419515446993, 0.000274127145531, 4.21653712692e-05, -0.000513081147801, 0.00125175516587, -0.000789698853623], [-0.000193673651665, 0.00265677925199, -0.00182561646216, 0.00289841298945, -0.00139454856981, 4.79164737044e-05, -0.00182792113628, 0.00290963449515, -0.00162738852669, 0.00261911330745, 0.00069375813473, 0.00111044512596, 0.000998664763756], [0.000312962918542, -0.00182561646216, 0.00330224074423, -0.0041000074707, 0.00115929916501, -9.08419970074e-05, 7.03232362866e-05, -0.0017341816565, 0.00243521947414, -0.00165699468926, 0.000858009501826, 0.00138570333365, -0.00224276003428], [-0.000441587821115, 0.00289841298945, -0.0041000074707, 0.00825796369463, -0.00372310797684, 0.00229990063235, -0.00213228538632, 0.00111456180457, -0.00248378445394, 0.00225238525309, -0.000105069746496, -0.00414942577481, 0.00388755556196], [0.000109281667392, -0.00139454856981, 0.00115929916501, -0.00372310797684, 0.0070375953801, -0.00390900671482, -0.000289069517748, 0.000931690388825, -0.00203325087205, 0.00160508649424, -0.00297709950246, 0.00503743765876, -0.000997931929305], [-0.00013416002912, 4.79164737044e-05, -9.08419970074e-05, 0.00229990063235, -0.00390900671482, 0.0108961993828, -0.00505584292114, -0.00197153934278, 0.00176895037293, -0.00363538158126, 0.00330224912614, -0.00292499433272, 0.000676246359944], [0.000290307943942, -0.00182792113628, 7.03232362866e-05, -0.00213228538632, -0.000289069517748, -0.00505584292114, 0.0133429318666, -0.00528833037242, -0.00468914117664, 0.00343448319472, -0.00744231510907, -0.000261369714281, -0.000990424305201], [-0.000419515446993, 0.00290963449515, -0.0017341816565, 0.00111456180457, 0.000931690388825, -0.00197153934278, -0.00528833037242, 0.0182030703872, -0.00344437290914, -0.00166381546296, 0.00701984623447, -0.00132877856959, 0.00720979087055], [0.000274127145531, -0.00162738852669, 0.00243521947414, -0.00248378445394, -0.00203325087205, 0.00176895037293, -0.00468914117664, -0.00344437290914, 0.0166523195803, -0.00717895990238, -0.00180950330105, 0.001433629659, -0.00451322318986], [4.21653712692e-05, 0.00261911330745, -0.00165699468926, 0.00225238525309, 0.00160508649424, -0.00363538158126, 0.00343448319472, -0.00166381546296, -0.00717895990238, 0.0211945697665, -0.00806646887213, 0.00257747061551, 0.00410875910893], [-0.000513081147801, 0.00069375813473, 0.000858009501826, -0.000105069746496, -0.00297709950246, 0.00330224912614, -0.00744231510907, 0.00701984623447, -0.00180950330105, -0.00806646887213, 0.0359947904944, -0.0193794853985, 0.00265326420777], [0.00125175516587, 0.00111044512596, 0.00138570333365, -0.00414942577481, 0.00503743765876, -0.00292499433272, -0.000261369714281, -0.00132877856959, 0.001433629659, 0.00257747061551, -0.0193794853985, 0.0443525202572, -0.0217069704086], [-0.000789698853623, 0.000998664763756, -0.00224276003428, 0.00388755556196, -0.000997931929305, 0.000676246359944, -0.000990424305201, 0.00720979087055, -0.00451322318986, 0.00410875910893, 0.00265326420777, -0.0217069704086, 0.0340189747512]]
    },
    "melbands": {
        "dmean": [0.00379636627622, 0.0023448150605, 0.00186084245797, 0.00066283257911, 0.000284715759335, 6.6417043854e-05, 4.47805650765e-05, 8.992934454e-05, 8.98906073417e-05, 6.01971623837e-05, 2.59611297224e-05, 2.7678142942e-05, 2.54191290878e-05, 2.61415989371e-05, 2.25206513278e-05, 1.17956269605e-05, 1.14421336548e-05, 1.53904020408e-05, 1.70678395079e-05, 8.18365788291e-06, 8.16022657091e-06, 7.58527585276e-06, 5.46870569451e-06, 6.60661862639e-06, 6.1475543589e-06, 4.76415152662e-06, 4.89559852213e-06, 6.9831289693e-06, 7.92745777289e-06, 6.3888915065e-06, 6.69532619213e-06, 7.41698750062e-06, 4.14818441641e-06, 4.5002357183e-06, 3.7186184727e-06, 3.97802341467e-06, 4.06216804549e-06, 2.06525874091e-06, 1.34283823172e-06, 8.01240503279e-07],
        "dmean2": [0.00591188855469, 0.00396212842315, 0.0033432142809, 0.00126493303105, 0.000521716428921, 0.00011988911865, 7.700813876e-05, 0.00016587387654, 0.000163242206327, 0.000105839717435, 4.62020907435e-05, 4.87587349198e-05, 4.35200381617e-05, 4.36733644165e-05, 3.88848638977e-05, 1.97228109755e-05, 1.94253643713e-05, 2.68553321803e-05, 2.79577434412e-05, 1.2753923329e-05, 1.36678654599e-05, 1.21050643429e-05, 8.86451289261e-06, 1.03678448795e-05, 9.38547691476e-06, 7.35253570383e-06, 7.78788125899e-06, 1.09231777969e-05, 1.184575558e-05, 9.25440508581e-06, 9.46552790992e-06, 1.03717575257e-05, 5.3628364185e-06, 6.62565798848e-06, 4.95009362567e-06, 5.00498663314e-06, 6.25727579973e-06, 3.0609460282e-06, 2.05083460969e-06, 1.21896562177e-06],
        "dvar": [7.77011955506e-05, 2.61952573055e-05, 3.1198724173e-05, 5.00723763253e-06, 6.72063720231e-07, 1.74188965474e-08, 1.03730908307e-08, 9.26161760617e-08, 7.67918280076e-08, 1.83466362103e-08, 2.44060704979e-09, 3.87226117837e-09, 2.34314967429e-09, 3.65482533127e-09, 2.3066697441e-09, 5.67547286945e-10, 9.28966736868e-10, 1.07234299218e-09, 1.67457681055e-09, 4.04881822513e-10, 6.66428523477e-10, 5.50583800774e-10, 1.53708323847e-10, 1.17445900227e-10, 8.21209628077e-11, 5.60579777042e-11, 5.83671999621e-11, 1.13567565074e-10, 1.50958648359e-10, 1.16404476336e-10, 1.19779672292e-10, 1.2936757221e-10, 3.29181647218e-11, 5.04841203564e-11, 3.07309802605e-11, 2.34532202686e-11, 2.37861969704e-11, 7.59791101562e-12, 3.86810115188e-12, 1.29186093246e-12],
        "dvar2": [0.00016079438501, 5.81132881052e-05, 8.38863343233e-05, 1.45738476931e-05, 1.91312983588e-06, 4.73650594301e-08, 2.82092145198e-08, 2.6138479825e-07, 2.15156731542e-07, 4.67806344773e-08, 6.59512311429e-09, 1.07834017271e-08, 6.25775875562e-09, 9.41894828799e-09, 6.36316954683e-09, 1.50836332313e-09, 2.26904028899e-09, 2.92709323446e-09, 4.03588495956e-09, 8.82994732887e-10, 1.70050096227e-09, 1.35404587542e-09, 3.91676552303e-10, 2.87323526083e-10, 1.95056831798e-10, 1.34183816836e-10, 1.40826086903e-10, 2.65952870837e-10, 2.91968726973e-10, 2.58743942938e-10, 2.36206221249e-10, 2.60585969469e-10, 5.46571989057e-11, 1.08437508972e-10, 5.5842917096e-11, 3.77737285895e-11, 5.24632351451e-11, 1.43115909748e-11, 8.43484917329e-12, 2.76260373085e-12],
        "max": [0.0503692887723, 0.0296709239483, 0.0317802652717, 0.0147514594719, 0.00582136679441, 0.000965599901974, 0.00106377457269, 0.00287866056897, 0.00225222390145, 0.00099230161868, 0.00055680872174, 0.000533065584023, 0.000498689536471, 0.000799025699962, 0.000456212757854, 0.000305857509375, 0.000588210590649, 0.000461561896373, 0.000595452380367, 0.000299430917948, 0.000346605607774, 0.000473560212413, 0.000197166984435, 0.000134793168399, 0.000103609694634, 9.39217061386e-05, 6.90722081345e-05, 8.15676685306e-05, 9.57832526183e-05, 8.716424054e-05, 8.75285622897e-05, 9.55467767199e-05, 5.65347581869e-05, 7.25102581782e-05, 4.86438293592e-05, 4.51968735433e-05, 3.28854257532e-05, 1.92545576283e-05, 1.30124426505e-05, 8.36254184833e-06],
        "mean": [0.0045845634304, 0.00271500577219, 0.00121499621309, 0.000410487467889, 0.000243482281803, 4.80511080241e-05, 3.55201445927e-05, 5.96547361056e-05, 5.98338374402e-05, 4.46459343948e-05, 2.2976719265e-05, 2.88623541564e-05, 3.05701396428e-05, 2.98691938951e-05, 2.54362385022e-05, 1.53479504661e-05, 1.21956672956e-05, 1.6591809981e-05, 2.37461390498e-05, 1.10510745799e-05, 1.02345320556e-05, 9.73767691903e-06, 7.04649255567e-06, 9.83608060778e-06, 8.98253892956e-06, 6.609733191e-06, 6.50719130135e-06, 9.26091979636e-06, 1.19969736261e-05, 9.33100818656e-06, 9.48775050347e-06, 1.02754383988e-05, 7.17144166629e-06, 7.0537830652e-06, 5.76334196012e-06, 5.93185677644e-06, 5.45469902136e-06, 2.98495365314e-06, 1.89824856989e-06, 1.03116815353e-06],
        "median": [5.85822044741e-06, 1.17699455586e-05, 4.78442643725e-06, 8.58227394929e-06, 1.27881585286e-05, 1.20182648971e-05, 7.27466931494e-06, 4.1735652303e-06, 3.77457763534e-06, 4.2143437895e-06, 2.99077646559e-06, 2.95025893138e-06, 3.29188583237e-06, 2.99289990835e-06, 2.55143345385e-06, 1.64151845183e-06, 1.49999027599e-06, 1.78863501787e-06, 1.92524748854e-06, 1.31392175717e-06, 1.43441195632e-06, 1.72621344063e-06, 1.6075757685e-06, 3.00141346088e-06, 2.76606851912e-06, 2.31387616623e-06, 2.25686380873e-06, 2.78294714917e-06, 2.42388864535e-06, 2.83854592453e-06, 3.68216160496e-06, 3.98179372496e-06, 3.16953128277e-06, 3.05641970044e-06, 2.29854936151e-06, 2.10000666812e-06, 2.31826766139e-06, 1.34745687319e-06, 7.18011676781e-07, 4.38170360439e-07],
        "min": [9.1064746058e-24, 5.19754851914e-24, 4.82187757328e-24, 7.04838541345e-24, 7.43851578527e-24, 5.83613418293e-24, 1.74389504458e-23, 1.61876371899e-23, 2.98540686157e-23, 2.09370720885e-23, 1.3360153024e-23, 6.22434762274e-24, 4.83910392887e-24, 8.86969958282e-24, 7.16153804397e-24, 1.06517931657e-23, 1.12760479878e-23, 1.2151846098e-23, 6.74431897753e-24, 1.08768843698e-23, 1.92368812002e-23, 8.17310069363e-24, 7.64982874481e-24, 1.08791586558e-23, 1.25551117927e-23, 4.10121251003e-24, 7.75552900636e-24, 1.52542932544e-23, 1.29372786137e-23, 1.49664173997e-23, 9.98649943267e-24, 8.72755789175e-24, 9.68972128265e-24, 9.47262833926e-24, 6.99849232778e-24, 7.1767094169e-24, 1.85209347085e-23, 1.18259708135e-23, 1.10302050088e-23, 1.05382129726e-23],
        "var": [0.000119957367133, 3.70481757273e-05, 2.07715092984e-05, 2.77459139397e-06, 5.11595658281e-07, 1.15738183482e-08, 7.2438504084e-09, 5.47771463744e-08, 4.72365115911e-08, 1.39110625241e-08, 2.29283636521e-09, 3.99122557226e-09, 4.0008178992e-09, 4.77702544188e-09, 3.18840998048e-09, 1.10473419301e-09, 1.21071408454e-09, 1.56488011438e-09, 3.94597865494e-09, 8.5474582967e-10, 9.37316668725e-10, 7.5002343225e-10, 2.12464032479e-10, 2.21730828143e-10, 1.73293587813e-10, 9.44375133649e-11, 8.8227918027e-11, 1.69936953398e-10, 2.95562491148e-10, 1.8631933496e-10, 1.93472890486e-10, 2.25464938386e-10, 7.99850949362e-11, 8.31665639134e-11, 6.13796513615e-11, 6.2815912194e-11, 4.22617010831e-11, 1.47138082968e-11, 6.08011991449e-12, 1.83145729485e-12]
    },
    "mfcc": {
        "mean": [-696.550842285, 35.8691940308, 17.5631217957, 22.002948761, -9.94484806061, 12.5126972198, -2.41509222984, 7.24646902084, -4.23835611343, 1.76584386826, -2.68900370598, 2.97672724724, -0.933734416962],
        "cov": [[9504.78125, 733.76361084, -837.263366699, -261.105163574, 183.054962158, -94.7536468506, 29.4925689697, -157.463699341, 25.4090557098, 25.2081756592, -55.3048095703, -42.1239356995, -140.28553772], [733.76361084, 1826.16394043, 137.785598755, 38.8729934692, 281.149291992, 400.470581055, 256.002593994, 266.705810547, 169.99017334, 94.7382507324, 44.4003715515, -19.2652568817, 73.1179428101], [-837.263366699, 137.785598755, 887.510925293, 515.551757812, 141.040130615, 128.087127686, 131.565887451, 146.308837891, 79.9030456543, 29.3267402649, 53.288646698, 25.8058700562, 17.8714637756], [-261.105163574, 38.8729934692, 515.551757812, 715.864074707, 283.6668396, 273.558624268, 194.815597534, 253.63041687, 131.833724976, 93.8266525269, 103.508804321, 98.1544876099, 92.362701416], [183.054962158, 281.149291992, 141.040130615, 283.6668396, 312.927368164, 242.054428101, 166.020309448, 168.999603271, 120.401512146, 80.0095596313, 72.1791152954, 58.5258369446, 58.4739151001], [-94.7536468506, 400.470581055, 128.087127686, 273.558624268, 242.054428101, 401.850463867, 227.470474243, 259.567108154, 152.074584961, 121.124687195, 99.0614547729, 85.8000106812, 106.713088989], [29.4925689697, 256.002593994, 131.565887451, 194.815597534, 166.020309448, 227.470474243, 222.570861816, 195.560043335, 113.226875305, 82.1258850098, 71.6697540283, 55.081703186, 74.9892807007], [-157.463699341, 266.705810547, 146.308837891, 253.63041687, 168.999603271, 259.567108154, 195.560043335, 278.494171143, 146.717849731, 97.8629837036, 71.2313232422, 83.1805496216, 94.6871337891], [25.4090557098, 169.99017334, 79.9030456543, 131.833724976, 120.401512146, 152.074584961, 113.226875305, 146.717849731, 141.432846069, 88.545501709, 66.9635696411, 49.9140167236, 60.1130752563], [25.2081756592, 94.7382507324, 29.3267402649, 93.8266525269, 80.0095596313, 121.124687195, 82.1258850098, 97.8629837036, 88.545501709, 105.822525024, 71.5444412231, 50.0782623291, 42.2489356995], [-55.3048095703, 44.4003715515, 53.288646698, 103.508804321, 72.1791152954, 99.0614547729, 71.6697540283, 71.2313232422, 66.9635696411, 71.5444412231, 100.886474609, 50.9560928345, 45.0333480835], [-42.1239356995, -19.2652568817, 25.8058700562, 98.1544876099, 58.5258369446, 85.8000106812, 55.081703186, 83.1805496216, 49.9140167236, 50.0782623291, 50.9560928345, 80.5728912354, 48.5290107727], [-140.28553772, 73.1179428101, 17.8714637756, 92.362701416, 58.4739151001, 106.713088989, 74.9892807007, 94.6871337891, 60.1130752563, 42.2489356995, 45.0333480835, 48.5290107727, 81.3608474731]],
