{
"lowlevel": {
    "average_loudness": 0.977286338806,
    "barkbands_crest": {
        "dmean": 2.9228348732,
        "dmean2": 4.58619451523,
        "dvar": 8.88493824005,
        "dvar2": 20.2447605133,
        "max": 24.1663818359,
        "mean": 8.6212310791,
        "median": 7.5059876442,
        "min": 2.28137922287,
        "var": 16.6680812836
    },
    "barkbands_flatness_db": {
        "dmean": 0.0196887478232,
        "dmean2": 0.0318606719375,
        "dvar": 0.000448919221526,
        "dvar2": 0.00111583538819,
        "max": 0.303897500038,
        "mean": 0.132609918714,
        "median": 0.124148748815,
        "min": 0.0750378519297,
        "var": 0.00101893860847
    },
    "barkbands_kurtosis": {
        "dmean": 1.95274806023,
        "dmean2": 3.24599313736,
        "dvar": 16.6526012421,
        "dvar2": 42.9243354797,
        "max": 53.6118431091,
        "mean": 1.01729309559,
        "median": -0.370243787766,
        "min": -1.8256881237,
        "var": 18.8943557739
    },
    "barkbands_skewness": {
        "dmean": 0.51652264595,
        "dmean2": 0.811938345432,
        "dvar": 0.40037471056,
        "dvar2": 0.961332499981,
        "max": 6.6618437767,
        "mean": 1.14328110218,
        "median": 0.938395500183,
        "min": -0.855254411697,
        "var": 0.828379273415
    },
    "barkbands_spread": {
        "dmean": 6.39557409286,
        "dmean2": 10.0911006927,
        "dvar": 42.9093666077,
        "dvar2": 102.245269775,
        "max": 77.774559021,
        "mean": 34.0572929382,
        "median": 34.504611969,
        "min": 3.50751280785,
        "var": 125.947288513
    },
    "dissonance": {
        "dmean": 0.00841265078634,
        "dmean2": 0.0145820742473,
        "dvar": 6.88650325174e-05,
        "dvar2": 0.00019520620117,
        "max": 0.500000178814,
        "mean": 0.487129867077,
        "median": 0.489771336317,
        "min": 0.42549726367,
        "var": 9.65733415796e-05
    },
    "dynamic_complexity": 1.46297967434,
    "erbbands_crest": {
        "dmean": 1.85085487366,
        "dmean2": 3.11654734612,
        "dvar": 3.21249008179,
        "dvar2": 8.41938686371,
        "max": 22.743806839,
        "mean": 6.36270618439,
        "median": 5.57344245911,
        "min": 2.47020578384,
        "var": 6.97604560852
    },
    "erbbands_flatness_db": {
        "dmean": 0.0103222560138,
        "dmean2": 0.016206683591,
        "dvar": 9.40277896007e-05,
        "dvar2": 0.000205902339076,
        "max": 0.338842898607,
        "mean": 0.162570416927,
        "median": 0.159716680646,
        "min": 0.113136045635,
        "var": 0.000545879185665
    },
    "erbbands_kurtosis": {
        "dmean": 0.526858508587,
        "dmean2": 0.874781668186,
        "dvar": 0.333132684231,
        "dvar2": 0.874815404415,
        "max": 10.911655426,
        "mean": -0.0329811424017,
        "median": -0.0755410194397,
        "min": -1.62329232693,
        "var": 0.790709793568
    },
    "erbbands_skewness": {
        "dmean": 0.252922236919,
        "dmean2": 0.411268740892,
        "dvar": 0.0506035350263,
        "dvar2": 0.125963553786,
        "max": 1.78534734249,
        "mean": -0.381747215986,
        "median": -0.384768992662,
        "min": -2.38495779037,
        "var": 0.256235539913
    },
    "erbbands_spread": {
        "dmean": 7.6607503891,
        "dmean2": 12.4986076355,
        "dvar": 66.969909668,
        "dvar2": 172.017410278,
        "max": 96.8424758911,
        "mean": 43.5590171814,
        "median": 42.3757362366,
        "min": 10.2544898987,
        "var": 209.100021362
    },
    "hfc": {
        "dmean": 6.16479253769,
        "dmean2": 9.81017303467,
        "dvar": 64.1468429565,
        "dvar2": 150.823806763,
        "max": 115.43561554,
        "mean": 31.131980896,
        "median": 30.0061435699,
        "min": 0.000772452447563,
        "var": 191.475585938
    },
    "melbands_crest": {
        "dmean": 3.85027194023,
        "dmean2": 6.12421417236,
        "dvar": 10.6931848526,
        "dvar2": 25.2350616455,
        "max": 32.7598114014,
        "mean": 14.7040214539,
        "median": 13.813416481,
        "min": 4.20737600327,
        "var": 26.4254226685
    },
    "melbands_flatness_db": {
        "dmean": 0.0256296303123,
        "dmean2": 0.039692312479,
        "dvar": 0.000775501248427,
        "dvar2": 0.00178276828956,
        "max": 0.366552531719,
        "mean": 0.149527832866,
        "median": 0.138840287924,
        "min": 0.0478597655892,
        "var": 0.00210748310201
    },
    "melbands_kurtosis": {
        "dmean": 7.41406869888,
        "dmean2": 12.1838989258,
        "dvar": 227.05519104,
        "dvar2": 588.550598145,
        "max": 172.560012817,
        "mean": 10.4913454056,
        "median": 5.66479492188,
        "min": -1.54617154598,
        "var": 257.60067749
    },
    "melbands_skewness": {
        "dmean": 0.817117810249,
        "dmean2": 1.28486895561,
        "dvar": 1.12711000443,
        "dvar2": 2.7094233036,
        "max": 11.3488016129,
        "mean": 2.70079231262,
        "median": 2.43514680862,
        "min": -0.232787534595,
        "var": 2.35094332695
    },
    "melbands_spread": {
        "dmean": 8.83883953094,
        "dmean2": 13.8208141327,
        "dvar": 79.3341598511,
        "dvar2": 178.914001465,
        "max": 121.010139465,
        "mean": 33.9676246643,
        "median": 33.9975013733,
        "min": 1.96168720722,
        "var": 228.92956543
    },
    "pitch_salience": {
        "dmean": 0.0817915648222,
        "dmean2": 0.133340999484,
        "dvar": 0.00585973728448,
        "dvar2": 0.0147375855595,
        "max": 0.795110762119,
        "mean": 0.593025863171,
        "median": 0.611783325672,
        "min": 0.118564277887,
        "var": 0.0109033100307
    },
    "silence_rate_20dB": {
        "dmean": 0,
        "dmean2": 0,
        "dvar": 0,
        "dvar2": 0,
        "max": 1,
        "mean": 1,
        "median": 1,
        "min": 1,
        "var": 0
    },
    "silence_rate_30dB": {
        "dmean": 0,
        "dmean2": 0,
        "dvar": 0,
        "dvar2": 0,
        "max": 1,
        "mean": 1,
        "median": 1,
        "min": 1,
        "var": 0
    },
    "silence_rate_60dB": {
        "dmean": 0.0030959751457,
        "dmean2": 0.0061943475157,
        "dvar": 0.00308634224348,
        "dvar2": 0.00615575816482,
        "max": 1,
        "mean": 0.0135396514088,
        "median": 0,
        "min": 0,
        "var": 0.013356118463
    },
    "spectral_centroid": {
        "dmean": 262.177093506,
        "dmean2": 428.705322266,
        "dvar": 67324.9296875,
        "dvar2": 166603.296875,
        "max": 3676.31445312,
        "mean": 1997.71740723,
        "median": 2054.85961914,
        "min": 490.042480469,
        "var": 201180.484375
    },
    "spectral_complexity": {
        "dmean": 4.20046424866,
        "dmean2": 6.85946559906,
        "dvar": 13.2121238708,
        "dvar2": 30.5498027802,
        "max": 57,
        "mean": 36.9423599243,
        "median": 39,
        "min": 0,
        "var": 96.9462127686
    },
    "spectral_decrease": {
        "dmean": 3.39724359755e-09,
        "dmean2": 5.49584866505e-09,
        "dvar": 2.76265668729e-17,
        "dvar2": 6.95756237772e-17,
        "max": -2.1917743228e-13,
        "mean": -8.57721627057e-09,
        "median": -7.14060188756e-09,
        "min": -3.52858364749e-08,
        "var": 2.98458147014e-17
    },
    "spectral_energy": {
        "dmean": 0.013108054176,
        "dmean2": 0.0211692415178,
        "dvar": 0.000403306010412,
        "dvar2": 0.00101565779187,
        "max": 0.137098610401,
        "mean": 0.0351962298155,
        "median": 0.0300381686538,
        "min": 8.97288884971e-07,
        "var": 0.000443831086159
    },
    "spectral_energyband_high": {
        "dmean": 0.000489609781653,
        "dmean2": 0.000784508651122,
        "dvar": 6.96277538736e-07,
        "dvar2": 1.60172965025e-06,
        "max": 0.0155774587765,
        "mean": 0.00167043856345,
        "median": 0.00141532858834,
        "min": 4.08436768851e-08,
        "var": 1.48786807586e-06
    },
    "spectral_energyband_low": {
        "dmean": 0.00983398407698,
        "dmean2": 0.0157591123134,
        "dvar": 0.000354862015229,
        "dvar2": 0.000892919662874,
        "max": 0.122842974961,
        "mean": 0.0150739774108,
        "median": 0.00932484678924,
        "min": 2.12312343706e-07,
        "var": 0.000363137864042
    },
    "spectral_energyband_middle_high": {
        "dmean": 0.00197476381436,
        "dmean2": 0.00317092821933,
        "dvar": 5.34458786206e-06,
        "dvar2": 1.21419743664e-05,
        "max": 0.0277983471751,
        "mean": 0.00906528625637,
        "median": 0.00732208043337,
        "min": 1.3121653808e-07,
        "var": 2.83582812699e-05
    },
    "spectral_energyband_middle_low": {
        "dmean": 0.00580696249381,
        "dmean2": 0.00992660876364,
        "dvar": 0.000122553159599,
        "dvar2": 0.000324983353494,
        "max": 0.100841216743,
        "mean": 0.0118769770488,
        "median": 0.00917868968099,
        "min": 2.17668997493e-07,
        "var": 0.000125732040033
    },
    "spectral_entropy": {
        "dmean": 0.0752244368196,
        "dmean2": 0.119808658957,
        "dvar": 0.00609067874029,
        "dvar2": 0.0147370146587,
        "max": 8.49189853668,
        "mean": 7.91455745697,
        "median": 7.94028139114,
        "min": 7.03864097595,
        "var": 0.0249095391482
    },
    "spectral_flux": {
        "dmean": 0.0315221175551,
        "dmean2": 0.0485262162983,
        "dvar": 0.00162097672001,
        "dvar2": 0.00333976792172,
        "max": 0.333027839661,
        "mean": 0.107927910984,
        "median": 0.0950509384274,
        "min": 0.00121637328994,
        "var": 0.00263153156266
    },
    "spectral_kurtosis": {
        "dmean": 0.957630097866,
        "dmean2": 1.6926459074,
        "dvar": 0.75614207983,
        "dvar2": 2.35800528526,
        "max": 11.9230413437,
        "mean": 1.82583606243,
        "median": 1.61720466614,
        "min": -0.426010608673,
        "var": 1.23525595665
    },
    "spectral_rms": {
        "dmean": 0.000951923255343,
        "dmean2": 0.0014878322836,
        "dvar": 1.53582243456e-06,
        "dvar2": 3.69427903024e-06,
        "max": 0.0115652382374,
        "mean": 0.00564826419577,
        "median": 0.00541345821694,
        "min": 2.95872232527e-05,
        "var": 2.4349051273e-06
    },
    "spectral_rolloff": {
        "dmean": 612.06439209,
        "dmean2": 996.055053711,
        "dvar": 492111.65625,
        "dvar2": 1031683.875,
        "max": 8053.41796875,
        "mean": 2100.97509766,
        "median": 2260.98632812,
        "min": 86.1328125,
        "var": 1164740
    },
    "spectral_skewness": {
        "dmean": 0.136699408293,
        "dmean2": 0.232392638922,
        "dvar": 0.0130253462121,
        "dvar2": 0.0362647138536,
        "max": 2.08872103691,
        "mean": 0.859626293182,
        "median": 0.851929187775,
        "min": 0.174588471651,
        "var": 0.0435583069921
    },
    "spectral_spread": {
        "dmean": 278448.875,
        "dmean2": 432342.8125,
        "dvar": 78745788416,
        "dvar2": 176507289600,
        "max": 7539805.5,
        "mean": 3897785.25,
        "median": 3852042.25,
        "min": 2185192.5,
        "var": 285156737024
    },
    "spectral_strongpeak": {
        "dmean": 0.390094041824,
        "dmean2": 0.692642569542,
        "dvar": 0.411450237036,
        "dvar2": 1.17075943947,
        "max": 7.52232599258,
        "mean": 0.557080924511,
        "median": 0.382396191359,
        "min": 0.00158768775873,
        "var": 0.385777056217
    },
    "zerocrossingrate": {
        "dmean": 0.0100311180577,
        "dmean2": 0.0123384119943,
        "dvar": 8.67035560077e-05,
        "dvar2": 0.000125888705952,
        "max": 0.193359375,
        "mean": 0.073305465281,
        "median": 0.0732421875,
        "min": 0.01123046875,
        "var": 0.000505288655404
    },
    "barkbands": {
        "dmean": [0.000155748639372, 0.00656544463709, 0.0042471839115, 0.00216903118417, 0.00354578113183, 0.000548285024706, 0.000759450020269, 0.000532050966285, 0.000513310544193, 0.000635903095827, 0.000829784316011, 0.000417272880441, 0.000477292720461, 0.000441639975179, 0.00042125969776, 0.000282868713839, 0.000399767712224, 0.000333471863996, 0.000331763323629, 0.000231518090004, 0.000165823279531, 0.000171820138348, 0.000118050389574, 8.58558269101e-05, 1.63885979418e-05, 1.78741768053e-08, 2.7099538169e-09],
        "dmean2": [0.000237928223214, 0.0103058861569, 0.00749528361484, 0.00368672655895, 0.00615503266454, 0.000910748552997, 0.00132921594195, 0.000950760033447, 0.000843814283144, 0.00105369801167, 0.00138966087252, 0.000680057390127, 0.000797322427388, 0.000734461471438, 0.000692923786119, 0.000475693756016, 0.000652977265418, 0.000545182323549, 0.000560710672289, 0.000384409941034, 0.000274301448371, 0.000284208275843, 0.000201743532671, 0.000132271423354, 2.46462404903e-05, 2.86100565461e-08, 5.07277997386e-09],
        "dvar": [1.09589954889e-07, 0.000196264460101, 6.2814578996e-05, 1.11655517685e-05, 7.71388513385e-05, 4.7123700142e-07, 3.25777000398e-06, 2.63024571723e-06, 1.20745016829e-06, 1.31629735733e-06, 1.79848154858e-06, 3.21786131963e-07, 5.81588096793e-07, 4.13623411077e-07, 5.7079017779e-07, 3.471054697e-07, 2.20079698465e-07, 1.74729436253e-07, 1.11782597401e-07, 6.53830909414e-08, 3.91238188513e-08, 1.05109712933e-07, 8.3301195275e-08, 3.29846763236e-08, 8.83851380973e-10, 1.13480709713e-15, 1.63885628701e-16],
        "dvar2": [2.51146190067e-07, 0.000480884511489, 0.000179810464033, 2.85065616481e-05, 0.000204762531212, 1.2863615666e-06, 8.89945295057e-06, 7.40323002901e-06, 3.03656520373e-06, 3.38434301739e-06, 4.87509350933e-06, 8.60550642301e-07, 1.53276801029e-06, 1.11814165393e-06, 1.34333151891e-06, 9.09591733489e-07, 5.53610902898e-07, 4.19433007437e-07, 3.02376491845e-07, 1.61310751423e-07, 9.6477002387e-08, 2.44471806354e-07, 2.17619643195e-07, 8.50233305982e-08, 2.07723882539e-09, 2.76815788174e-15, 4.80977071187e-16],
        "max": [0.00251378794201, 0.0892159640789, 0.0681558325887, 0.0566052794456, 0.0917843803763, 0.00911845359951, 0.0201524663717, 0.02881170623, 0.0174169465899, 0.0196087155491, 0.0118831899017, 0.00651306565851, 0.0106880646199, 0.0090743014589, 0.0111609883606, 0.0157946608961, 0.0106251547113, 0.0112845078111, 0.00469575356692, 0.00474382098764, 0.00322029809467, 0.00626041879877, 0.0047957925126, 0.00377228530124, 0.000557974388357, 6.25339680482e-07, 3.1046997151e-07],
        "mean": [0.000189512953511, 0.00710350368172, 0.00542178982869, 0.00413695117459, 0.00430544698611, 0.000970118446276, 0.000873923068866, 0.000523094262462, 0.000820504676085, 0.000961397076026, 0.00158939964604, 0.000768160796724, 0.000841227825731, 0.000808182987384, 0.000748415943235, 0.00055235333275, 0.000864728877787, 0.000782772549428, 0.000917089288123, 0.000645219406579, 0.000470775004942, 0.000442329095677, 0.000212939354242, 0.000211160324397, 3.52088354703e-05, 2.73332307898e-08, 1.93730653741e-09],
        "median": [3.35743607138e-05, 0.0024837302044, 0.00335100898519, 0.00281154434197, 0.0024379377719, 0.000738807022572, 0.000405480823247, 0.000200034555746, 0.000426356244134, 0.000453254615422, 0.000365249463357, 0.000552655721549, 0.000463429489173, 0.000453260960057, 0.000434202025644, 0.000388748158002, 0.000712905428372, 0.00066784361843, 0.000877321406733, 0.000577886763494, 0.000407355953939, 0.000359345693141, 0.000146965830936, 0.000142804245115, 2.1180809199e-05, 1.39528033571e-08, 5.61493296303e-10],
        "min": [1.8195974727e-09, 1.04789016575e-07, 7.12662426849e-08, 5.2824010055e-08, 5.37011217716e-08, 1.25534844742e-08, 2.61796664347e-08, 6.13020700868e-09, 8.83088713266e-09, 3.58967033876e-09, 1.17971010738e-09, 2.31191643607e-09, 5.82217385414e-09, 9.27536092377e-09, 2.49379206174e-09, 1.08231432705e-08, 1.43264591301e-08, 1.02445341099e-08, 1.1205891326e-08, 1.07147730688e-08, 6.62835786258e-09, 1.87263378137e-08, 3.78897002662e-09, 5.68196023565e-09, 2.55450466335e-10, 3.76056043944e-12, 4.22969081634e-12],
        "var": [1.4562833428e-07, 0.000196712950128, 5.10224308528e-05, 2.33241116803e-05, 6.14282107563e-05, 7.66776167893e-07, 2.87943930743e-06, 1.87523676232e-06, 2.3005256935e-06, 2.02202295441e-06, 4.84235124532e-06, 5.63595619951e-07, 1.00794045466e-06, 8.17577358703e-07, 8.59184410729e-07, 5.77689206693e-07, 4.8193925295e-07, 4.14688173578e-07, 2.55611553257e-07, 1.52017705091e-07, 9.39369471098e-08, 1.64104491773e-07, 8.35516829056e-08, 6.46709850116e-08, 1.8376732358e-09, 1.71894240514e-15, 9.57719639381e-17]
    },
    "erbbands": {
        "dmean": [0.19213591516, 1.52740824223, 4.56473398209, 5.97663259506, 10.5756082535, 12.2597808838, 5.97438526154, 3.66526126862, 6.16358613968, 17.3668041229, 8.672955513, 10.4297227859, 14.854262352, 31.7858543396, 18.3105297089, 17.683549881, 20.5326404572, 21.5438785553, 18.5763874054, 17.9426269531, 15.4752969742, 22.3272724152, 19.2474994659, 13.4232311249, 16.8000183105, 10.5629301071, 7.37110185623, 6.6195306778, 6.30543804169, 4.43734788895, 3.33096218109, 2.17764019966, 1.24817323685, 0.370616465807, 0.0304755158722, 0.00131298194174, 7.03365003574e-05, 1.10935288831e-05, 7.46055275158e-06, 1.47538958117e-05],
        "dmean2": [0.289526075125, 2.5578212738, 8.15727519989, 10.2548503876, 18.1717910767, 21.5024719238, 10.1053056717, 6.23466682434, 10.6161441803, 31.2438335419, 14.8556604385, 17.2903614044, 24.6292591095, 52.9417762756, 29.6956996918, 28.7789325714, 34.0581703186, 36.0339126587, 30.5413455963, 29.1161346436, 25.8428878784, 36.3925590515, 31.6294155121, 22.2942295074, 27.9487915039, 17.5595779419, 12.182803154, 10.8765640259, 10.4171609879, 7.28378915787, 5.70126199722, 3.47674131393, 1.92852890491, 0.545028746128, 0.0454337857664, 0.0019492484862, 0.000102665784652, 1.64928624145e-05, 1.18260632007e-05, 2.36368086917e-05],
        "dvar": [0.17779135704, 11.4784221649, 83.5489273071, 82.6707000732, 453.585174561, 997.919006348, 72.7619476318, 26.2464904785, 190.860488892, 2855.84179688, 584.126037598, 520.26953125, 1323.97607422, 2471.46582031, 868.156555176, 602.583374023, 1075.28540039, 1131.8581543, 828.894714355, 1181.22473145, 682.486877441, 739.980712891, 649.730957031, 173.433486938, 316.559631348, 136.876953125, 62.3592529297, 83.2075042725, 120.994880676, 95.2672424316, 68.2515182495, 17.9361228943, 8.78080654144, 0.526473224163, 0.00333878793754, 6.20153787168e-06, 1.83841351031e-08, 4.84340401119e-10, 1.132808361e-10, 4.82827888781e-10],
        "dvar2": [0.388650268316, 30.0641517639, 238.225097656, 221.555892944, 1202.14135742, 2723.18017578, 203.972976685, 73.178276062, 457.24017334, 8103.31298828, 1553.28686523, 1300.33544922, 3419.2578125, 6791.52050781, 2264.14819336, 1579.65612793, 2817.37792969, 3035.43652344, 2036.74951172, 2753.73071289, 1707.90490723, 1872.17016602, 1633.67919922, 478.367126465, 846.645568848, 351.291717529, 161.769607544, 200.234710693, 279.714752197, 220.013671875, 184.227706909, 45.8823242188, 23.3257198334, 1.27269017696, 0.00809256639332, 1.49413781401e-05, 4.46286030353e-08, 1.2066134758e-09, 2.77956352379e-10, 1.21614518456e-09],
        "max": [2.78060936928, 22.5689620972, 79.0564880371, 121.302116394, 228.568908691, 298.32711792, 108.508621216, 105.028106689, 318.746887207, 638.13873291, 362.045379639, 464.457946777, 682.555297852, 512.428283691, 327.361328125, 276.961853027, 559.315612793, 506.448822021, 484.311920166, 589.592529297, 516.719970703, 494.517486572, 617.392700195, 199.775665283, 284.285919189, 237.513961792, 104.338111877, 169.309951782, 202.204666138, 183.471099854, 157.883682251, 80.2359924316, 72.7106170654, 15.7467384338, 1.03600811958, 0.0473622754216, 0.00291633838788, 0.000434163521277, 0.000117724091979, 0.000155774425366],
        "mean": [0.202147901058, 1.63722419739, 5.62777280807, 11.3285684586, 14.734796524, 14.4166431427, 9.43081569672, 6.53470897675, 8.80782222748, 16.5115528107, 10.4337377548, 16.7783679962, 26.4364547729, 62.7178993225, 36.5341873169, 34.254650116, 39.8198318481, 42.0388565063, 38.3274040222, 34.5130805969, 35.8414878845, 50.2992515564, 45.6592483521, 39.2983322144, 46.2938690186, 30.5008525848, 21.0569267273, 18.0051956177, 16.1831932068, 9.63346767426, 5.95133161545, 4.91884660721, 2.96360993385, 0.843054533005, 0.0619674474001, 0.00284334481694, 0.000188876772881, 3.37239616783e-05, 2.66919159913e-05, 4.47187994723e-05],
        "median": [0.0428132601082, 0.698240697384, 3.52358579636, 8.79494190216, 9.25054645538, 7.60468435287, 6.71738672256, 4.9940328598, 5.14690303802, 5.91368627548, 5.1537771225, 9.42761611938, 13.8696308136, 18.2710418701, 12.0435390472, 24.6050758362, 24.1162261963, 24.6397895813, 22.421377182, 22.2481307983, 27.2509326935, 41.1968841553, 38.5720291138, 37.1385993958, 43.1667976379, 27.3013439178, 18.6790828705, 15.0990476608, 13.3462743759, 7.059923172, 3.92607140541, 3.42836213112, 1.9347178936, 0.529310464859, 0.037472140044, 0.00179298548028, 0.000136292306706, 2.64661448455e-05, 2.39414384851e-05, 3.9677710447e-05],
        "min": [2.16376452045e-06, 2.52213612839e-05, 7.7019474702e-05, 0.000149423372932, 0.000162822892889, 0.000227266864385, 0.000175599532668, 9.74889917416e-05, 0.000267170893494, 0.000413697387557, 0.000183378855581, 0.000267681520199, 0.000103056438093, 8.85194167495e-05, 5.06389951624e-05, 0.00014659059525, 0.000271924363915, 0.000655417796224, 0.000141821525176, 0.000289382267511, 0.000710089050699, 0.000769945327193, 0.000482321716845, 0.000502291484736, 0.00103731150739, 0.000411037966842, 0.000353844865458, 0.000308352318825, 0.000727079983335, 0.000280361273326, 0.000129834064865, 0.000115839771752, 4.98060981045e-05, 7.13744520908e-06, 4.1521460048e-07, 3.47569653059e-08, 9.71274971562e-09, 3.3401075239e-09, 1.17681853151e-09, 1.20062337849e-09],
        "var": [0.204848483205, 9.7300825119, 63.3069458008, 120.544403076, 410.432067871, 756.47076416, 87.1486434937, 36.3213500977, 227.749176025, 1966.45666504, 556.063171387, 719.35736084, 2586.87011719, 6406.62158203, 2154.26904297, 1138.30883789, 1924.73828125, 2163.34619141, 1634.80285645, 1764.43249512, 1656.33850098, 1640.48547363, 1455.02209473, 435.274169922, 653.051574707, 336.588470459, 146.771835327, 174.343933105, 199.999389648, 134.598724365, 64.4286727905, 33.7948760986, 13.3530988693, 1.01838052273, 0.00566243892536, 1.09987431642e-05, 3.57064280365e-08, 9.22470322351e-10, 1.79964543268e-10, 5.67330515899e-10]
    },
    "gfcc": {
        "mean": [29.1089038849, 108.189323425, -157.175018311, 78.8090209961, -67.0327072144, 27.046295166, -31.4868087769, -2.56932973862, -17.397562027, -21.9439105988, 0.00406193267554, -20.2132129669, 2.80057764053],
        "cov": [[1673.20605469, -178.487243652, -39.6623649597, -64.1287460327, -63.0139427185, 152.264175415, -97.7603302002, 22.9784011841, -72.6562652588, -12.7350521088, -18.7311820984, -5.68056583405, -25.9544067383], [-178.487243652, 352.520294189, 20.1140403748, 6.78026533127, 101.562728882, -73.3557891846, 106.036453247, -55.0103759766, 49.4239463806, -24.6547584534, 24.1579799652, 2.34093236923, 33.2884368896], [-39.6623649597, 20.1140403748, 277.342163086, 192.927124023, 15.863286972, 3.0436258316, -9.285405159, 33.1714744568, 36.7552452087, 28.1644134521, 17.4577045441, 1.22699093819, -13.0789051056], [-64.1287460327, 6.78026533127, 192.927124023, 238.494995117, 65.6169281006, -8.86144733429, 10.134976387, 20.9487190247, 53.6315383911, 22.3298854828, 21.5906867981, 7.46738862991, -11.6506567001], [-63.0139427185, 101.562728882, 15.863286972, 65.6169281006, 145.081680298, 44.3207626343, 79.182510376, -2.15508890152, 30.5946655273, 2.50767731667, 24.8747062683, 18.8964977264, 28.6156368256], [152.264175415, -73.3557891846, 3.0436258316, -8.86144733429, 44.3207626343, 147.15196228, 41.2711715698, 20.6498012543, -28.359003067, 7.26824617386, 14.1439790726, 16.2490539551, 19.8270797729], [-97.7603302002, 106.036453247, -9.285405159, 10.134976387, 79.182510376, 41.2711715698, 127.925857544, 3.11538100243, 23.994468689, -11.8398132324, 20.186580658, 11.122376442, 24.6543655396], [22.9784011841, -55.0103759766, 33.1714744568, 20.9487190247, -2.15508890152, 20.6498012543, 3.11538100243, 72.5524291992, 27.8853740692, 21.4992408752, 1.90898752213, 2.94030499458, -2.4030520916], [-72.6562652588, 49.4239463806, 36.7552452087, 53.6315383911, 30.5946655273, -28.359003067, 23.994468689, 27.8853740692, 90.6743850708, 25.1291179657, 14.4112672806, 2.27154517174, -0.0919425040483], [-12.7350521088, -24.6547584534, 28.1644134521, 22.3298854828, 2.50767731667, 7.26824617386, -11.8398132324, 21.4992408752, 25.1291179657, 52.8868026733, 22.131855011, 7.8230676651, 0.197675481439], [-18.7311820984, 24.1579799652, 17.4577045441, 21.5906867981, 24.8747062683, 14.1439790726, 20.186580658, 1.90898752213, 14.4112672806, 22.131855011, 48.3966064453, 25.175151825, 10.6283369064], [-5.68056583405, 2.34093236923, 1.22699093819, 7.46738862991, 18.8964977264, 16.2490539551, 11.122376442, 2.94030499458, 2.27154517174, 7.8230676651, 25.175151825, 41.3712615967, 22.6020240784], [-25.9544067383, 33.2884368896, -13.0789051056, -11.6506567001, 28.6156368256, 19.8270797729, 24.6543655396, -2.4030520916, -0.0919425040483, 0.197675481439, 10.6283369064, 22.6020240784, 46.3857955933]],
        "icov": [[0.000828604213893, -0.000861127686221, 0.000718379684258, -0.000649858498946, 0.000836367777083, -0.00206600944512, 0.0015596721787, -0.00062038860051, -8.70531439432e-05, 0.000589950941503, 3.58484503522e-05, -0.000207750927075, 0.000717288756277], [-0.000861127686221, 0.014654841274, -0.00926383771002, 0.0106082092971, -0.0111911213025, 0.0137459682301, -0.00960144493729, 0.00886520557106, -0.00344871613197, 0.00316964439116, -0.0054703168571, 0.00504377670586, -0.00558011746034], [0.000718379684258, -0.00926383771002, 0.0156930442899, -0.0156429484487, 0.0107678417116, -0.0102361207828, 0.00612173043191, -0.00716377049685, 0.00273922970518, -0.00269002723508, 0.00182016240433, -0.000664691673592, 0.00157729641069], [-0.000649858498946, 0.0106082092971, -0.0156429484487, 0.0218486580998, -0.0151797598228, 0.0117064733058, -0.0051417700015, 0.00669429358095, -0.00505530368537, 0.00303723942488, -0.0037469624076, 0.000414722511778, 0.00117435818538], [0.000836367777083, -0.0111911213025, 0.0107678417116, -0.0151797598228, 0.0248237326741, -0.0147186173126, 0.00131559488364, -0.00348153500818, -0.000652824237477, -0.00230949698016, 0.00313982670195, -0.00320800580084, -0.00132731697522], [-0.00206600944512, 0.0137459682301, -0.0102361207828, 0.0117064733058, -0.0147186173126, 0.0264886058867, -0.0135726332664, 0.00333803985268, 0.00506550027058, -0.00174569000956, -0.00490023149177, 0.00334074278362, -0.00630950415507], [0.0015596721787, -0.00960144493729, 0.00612173043191, -0.0051417700015, 0.00131559488364, -0.0135726332664, 0.0232526138425, -0.00720408977941, -0.0031111408025, 0.00774254277349, -0.00408863881603, 0.00129474524874, 0.000722244090866], [-0.00062038860051, 0.00886520557106, -0.00716377049685, 0.00669429358095, -0.00348153500818, 0.00333803985268, -0.00720408977941, 0.0261941514909, -0.00966091267765, -0.00426445202902, 0.00351756741293, -0.00131918594707, -0.00130483868998], [-8.70531439432e-05, -0.00344871613197, 0.00273922970518, -0.00505530368537, -0.000652824237477, 0.00506550027058, -0.0031111408025, -0.00966091267765, 0.0228662285954, -0.00956889614463, 0.000577327387873, 0.000481124065118, 0.00103888299782], [0.000589950941503, 0.00316964439116, -0.00269002723508, 0.00303723942488, -0.00230949698016, -0.00174569000956, 0.00774254277349, -0.00426445202902, -0.00956889614463, 0.0362906344235, -0.0196550861001, 0.00667232787237, -0.00302665447816], [3.58484503522e-05, -0.0054703168571, 0.00182016240433, -0.0037469624076, 0.00313982670195, -0.00490023149177, -0.00408863881603, 0.00351756741293, 0.000577327387873, -0.0196550861001, 0.0469426251948, -0.0273493956774, 0.00868612434715], [-0.000207750927075, 0.00504377670586, -0.000664691673592, 0.000414722511778, -0.00320800580084, 0.00334074278362, 0.00129474524874, -0.00131918594707, 0.000481124065118, 0.00667232787237, -0.0273493956774, 0.0515751838684, -0.0229161120951], [0.000717288756277, -0.00558011746034, 0.00157729641069, 0.00117435818538, -0.00132731697522, -0.00630950415507, 0.000722244090866, -0.00130483868998, 0.00103888299782, -0.00302665447816, 0.00868612434715, -0.0229161120951, 0.0389590337873]]
    },
    "melbands": {
        "dmean": [0.00175462069456, 0.00217511039227, 0.00103440601379, 0.000931253947783, 0.000232958729612, 8.58070561662e-05, 0.000108121668745, 0.000177220703335, 6.54116884107e-05, 7.31980908313e-05, 7.57161251386e-05, 0.000125456877868, 8.80090738065e-05, 3.98527627112e-05, 5.54118923901e-05, 4.92568215122e-05, 4.43146491307e-05, 3.09948773065e-05, 3.53191535396e-05, 2.06851509574e-05, 2.06563072425e-05, 2.70689342869e-05, 2.04216212296e-05, 1.48654780787e-05, 1.19792930491e-05, 1.65592246049e-05, 1.11733406811e-05, 7.42563179301e-06, 5.05268144479e-06, 4.70546865472e-06, 4.21962704422e-06, 4.23636129199e-06, 3.31453202307e-06, 2.4173868951e-06, 2.17161937144e-06, 1.64067967034e-06, 1.38787675041e-06, 1.01182388335e-06, 6.166516755e-07, 2.5878125598e-07],
        "dmean2": [0.00270474050194, 0.00380124244839, 0.00178752769716, 0.00161025475245, 0.000401978380978, 0.00014470849419, 0.000186384597328, 0.000319624785334, 0.000112107889436, 0.000120779382996, 0.000125912411022, 0.000209211779293, 0.000144562902278, 6.6108572355e-05, 9.06693385332e-05, 8.32660298329e-05, 7.4392730312e-05, 5.1744566008e-05, 5.8201039792e-05, 3.42061066476e-05, 3.44676882378e-05, 4.44086108473e-05, 3.37221426889e-05, 2.45069059019e-05, 2.00922750082e-05, 2.79196447082e-05, 1.85633034562e-05, 1.24192556541e-05, 8.4966477516e-06, 7.87611861597e-06, 6.9803986662e-06, 7.0394148679e-06, 5.59915406484e-06, 4.04234424423e-06, 3.72742124455e-06, 2.78972856904e-06, 2.18792251871e-06, 1.58023442509e-06, 9.54361780714e-07, 3.95749935933e-07],
        "dvar": [1.43516936078e-05, 2.02794562938e-05, 2.27574059863e-06, 5.54848656975e-06, 1.58521871185e-07, 1.31672450721e-08, 5.47316183486e-08, 3.04998820866e-07, 3.32472964715e-08, 2.51603182733e-08, 3.42906751882e-08, 3.83916187729e-08, 2.12332711413e-08, 3.45046391459e-09, 6.60967058863e-09, 6.28855101326e-09, 4.8396531227e-09, 2.14735229598e-09, 4.35406377619e-09, 2.66653188419e-09, 1.27163080066e-09, 1.06345965367e-09, 8.01900823522e-10, 3.2560126817e-10, 1.4185047581e-10, 3.06532327299e-10, 1.63865768177e-10, 7.68259414419e-11, 3.25027366133e-11, 3.31119333341e-11, 3.73301493883e-11, 4.28832767907e-11, 5.2270042461e-11, 2.96298298397e-11, 2.68154734528e-11, 1.49576011299e-11, 6.06580367532e-12, 5.75498069338e-12, 1.73659155632e-12, 2.1706166595e-13],
        "dvar2": [3.33481839334e-05, 5.65804366488e-05, 6.09948847341e-06, 1.48868111864e-05, 4.48621705118e-07, 3.61726115727e-08, 1.3837538404e-07, 8.65762046942e-07, 8.56371897839e-08, 6.32835437386e-08, 8.90664182407e-08, 1.04736237461e-07, 5.67550486608e-08, 8.98524721293e-09, 1.60676290051e-08, 1.69687375262e-08, 1.30735102744e-08, 5.57705615023e-09, 1.03605950486e-08, 7.02718994106e-09, 3.30558602712e-09, 2.70010902526e-09, 2.02435268548e-09, 8.34403046657e-10, 3.98872490592e-10, 8.27804325088e-10, 4.09663580836e-10, 2.05043482193e-10, 8.76980502107e-11, 8.49924020052e-11, 9.15159684145e-11, 1.03004070551e-10, 1.26500199205e-10, 6.98587784842e-11, 7.29341378958e-11, 4.0884406971e-11, 1.53917260881e-11, 1.53291806332e-11, 4.51448080308e-12, 5.03200671235e-13],
        "max": [0.0233762636781, 0.0311482697725, 0.0187220666558, 0.0249812677503, 0.00567127112299, 0.00209361035377, 0.00450761988759, 0.0075238882564, 0.00317619089037, 0.00310078309849, 0.00351120298728, 0.00206495565362, 0.00160787603818, 0.000808801443782, 0.00139415462036, 0.00114480720367, 0.00110404659063, 0.000669706321787, 0.0010189282475, 0.00157778954599, 0.000844525755383, 0.000666223757435, 0.000821567315143, 0.000286822440103, 0.000158741910127, 0.00023775959562, 0.000194612366613, 0.000204083131393, 9.11004754016e-05, 8.49074422149e-05, 0.000113491230877, 0.000112783185614, 0.000171499559656, 8.57547274791e-05, 8.7506021373e-05, 8.81235537236e-05, 3.83353944926e-05, 5.54301768716e-05, 3.02567259496e-05, 8.25678307592e-06],
        "mean": [0.00188924872782, 0.00270493607968, 0.00205486360937, 0.00112523848657, 0.000360149831977, 0.00015571404947, 0.000148692080984, 0.000169598919456, 7.99831323093e-05, 0.000116586248623, 0.000126106009702, 0.000242086185608, 0.00016682871501, 7.1816444688e-05, 9.95532900561e-05, 8.35900209495e-05, 7.86000309745e-05, 5.97131147515e-05, 6.00249222771e-05, 3.65060222975e-05, 4.29934334534e-05, 5.4834450566e-05, 4.49759209005e-05, 3.37157980539e-05, 3.04920995404e-05, 3.96232389903e-05, 2.64955451712e-05, 1.86584165931e-05, 1.26954419102e-05, 1.18809757623e-05, 1.00073593785e-05, 9.88167266769e-06, 7.24751771486e-06, 4.57119813291e-06, 3.51280027644e-06, 2.95463087241e-06, 3.03140495816e-06, 2.26667839343e-06, 1.2894657857e-06, 5.26576229731e-07],
        "median": [0.000563030946068, 0.00166875543073, 0.00165469048079, 0.000637385412119, 0.000265922833933, 0.000119000505947, 8.26894611237e-05, 6.23947707936e-05, 4.0288996388e-05, 6.22731822659e-05, 6.1298305809e-05, 7.20277384971e-05, 4.12137487729e-05, 4.93691841257e-05, 6.75269475323e-05, 4.58448630525e-05, 4.39275427198e-05, 3.29186004819e-05, 3.44210457115e-05, 2.44569619099e-05, 3.18719576171e-05, 4.45805926574e-05, 3.64813640772e-05, 2.81391276076e-05, 2.84091183858e-05, 3.62840837624e-05, 2.29688612308e-05, 1.64119992405e-05, 1.13104906632e-05, 9.79545529844e-06, 8.23587652121e-06, 8.08220556792e-06, 5.58093734071e-06, 3.16373484566e-06, 2.2878011805e-06, 1.87725333944e-06, 2.05160404221e-06, 1.42417309235e-06, 8.14346094558e-07, 3.12515169298e-07],
        "min": [2.640136465e-08, 3.91599144223e-08, 2.62502304338e-08, 1.24600836315e-08, 7.51354800599e-09, 2.11351558477e-09, 3.74288022797e-09, 3.81974452068e-09, 1.80863701793e-09, 9.65036273115e-10, 4.83119322325e-10, 3.79456160937e-10, 1.64799299207e-10, 2.21937690448e-10, 6.9519801027e-10, 6.73638478332e-10, 1.14712228605e-09, 1.94142216192e-10, 2.04025241146e-10, 3.94096227874e-10, 9.94701210288e-10, 9.24755605425e-10, 3.18109094621e-10, 4.35717489866e-10, 3.65279417824e-10, 7.31406435417e-10, 6.80706990774e-10, 1.6570608774e-10, 2.34585600944e-10, 1.4375586832e-10, 1.82526466164e-10, 4.10866091149e-10, 3.24888033143e-10, 5.94236049256e-11, 7.09327041548e-11, 7.61643734193e-11, 5.97079261033e-11, 3.91242246933e-11, 1.01996510196e-11, 3.84458350572e-12],
        "var": [1.54652479978e-05, 1.57277390826e-05, 3.31057367475e-06, 4.33104969488e-06, 1.46744412177e-07, 1.98422185349e-08, 6.0739125729e-08, 2.08427579196e-07, 3.57623015645e-08, 4.01716206966e-08, 6.547683995e-08, 9.62702344509e-08, 5.31289572336e-08, 5.76486902659e-09, 1.18229044332e-08, 1.01461212765e-08, 8.60878301978e-09, 4.32365787617e-09, 6.15128881165e-09, 2.97215829725e-09, 2.89173041068e-09, 2.15967244088e-09, 1.77514969391e-09, 6.87743528793e-10, 2.99911678825e-10, 5.85852699686e-10, 3.18379711484e-10, 1.54104326522e-10, 5.66936948776e-11, 7.92967289054e-11, 6.36896368977e-11, 7.11489825389e-11, 6.62560839526e-11, 3.84227025196e-11, 2.43800622052e-11, 1.57360895148e-11, 1.3192210345e-11, 8.77467890015e-12, 2.56634709143e-12, 4.30341607618e-13]
    },
    "mfcc": {
        "mean": [-580.298706055, 94.0546264648, -9.67271327972, 36.364944458, 5.23961448669, 15.4095878601, 7.66642570496, 9.76610851288, -2.87729692459, -0.826064288616, -4.30796718597, -2.30035424232, -6.73673009872],
        "cov": [[1706.79760742, -162.751190186, -42.2458992004, -216.868423462, 23.5937099457, 9.90059661865, 15.625793457, 5.47810602188, -39.686542511, -2.32117486, -38.747718811, -22.4307518005, -8.33700466156], [-162.751190186, 353.038574219, -96.1550979614, 45.8435516357, -39.5906028748, 33.2002334595, 16.8083400726, 12.6653547287, 16.129524231, -9.10716819763, -4.1936044693, -11.4617395401, -0.687908470631], [-42.2458992004, -96.1550979614, 277.702606201, 125.848922729, 56.6527023315, -8.76537704468, -21.1126003265, -2.24825453758, -6.85017490387, 28.8107032776, 18.0189495087, 29.4991569519, 17.5103664398], [-216.868423462, 45.8435516357, 125.848922729, 260.817169189, 62.2196273804, 14.3480806351, -30.3911724091, 16.4655246735, 15.0620136261, 22.9458560944, 31.1386985779, 30.2020606995, 32.0021095276], [23.5937099457, -39.5906028748, 56.6527023315, 62.2196273804, 91.9350204468, 31.1355514526, 8.69968128204, 12.2337560654, 10.2109136581, 18.2898712158, 6.8679189682, 13.2162008286, 23.4007301331], [9.90059661865, 33.2002334595, -8.76537704468, 14.3480806351, 31.1355514526, 107.942092896, 65.8578338623, 31.8673152924, 7.53239345551, 10.3758029938, -9.17574119568, -3.75855731964, 9.30856227875], [15.625793457, 16.8083400726, -21.1126003265, -30.3911724091, 8.69968128204, 65.8578338623, 105.676689148, 37.6282424927, 7.57136392593, -0.714384794235, -8.6571149826, -7.79326057434, -3.24147367477], [5.47810602188, 12.6653547287, -2.24825453758, 16.4655246735, 12.2337560654, 31.8673152924, 37.6282424927, 67.906036377, 24.5988407135, 12.5381975174, 3.97022008896, 5.16651296616, 3.64680600166], [-39.686542511, 16.129524231, -6.85017490387, 15.0620136261, 10.2109136581, 7.53239345551, 7.57136392593, 24.5988407135, 52.1629638672, 24.0063037872, 10.8005275726, 0.478285431862, 3.90335774422], [-2.32117486, -9.10716819763, 28.8107032776, 22.9458560944, 18.2898712158, 10.3758029938, -0.714384794235, 12.5381975174, 24.0063037872, 52.5818214417, 18.4093647003, 11.2326936722, 4.08078241348], [-38.747718811, -4.1936044693, 18.0189495087, 31.1386985779, 6.8679189682, -9.17574119568, -8.6571149826, 3.97022008896, 10.8005275726, 18.4093647003, 49.7903022766, 23.5349712372, 11.1095075607], [-22.4307518005, -11.4617395401, 29.4991569519, 30.2020606995, 13.2162008286, -3.75855731964, -7.79326057434, 5.16651296616, 0.478285431862, 11.2326936722, 23.5349712372, 47.5125770569, 20.9143657684], [-8.33700466156, -0.687908470631, 17.5103664398, 32.0021095276, 23.4007301331, 9.30856227875, -3.24147367477, 3.64680600166, 3.90335774422, 4.08078241348, 11.1095075607, 20.9143657684, 48.8781356812]],
