{
"lowlevel": {
    "average_loudness": 0.952066779137,
    "barkbands_crest": {
        "dmean": 2.74817228317,
        "dmean2": 4.25211429596,
        "dvar": 8.36295700073,
        "dvar2": 19.1896495819,
        "max": 24.5286102295,
        "mean": 9.59998035431,
        "median": 8.6610250473,
        "min": 2.5700404644,
        "var": 15.7895326614
    },
    "barkbands_flatness_db": {
        "dmean": 0.0268964767456,
        "dmean2": 0.0376653075218,
        "dvar": 0.000884122273419,
        "dvar2": 0.00172007852234,
        "max": 0.473942756653,
        "mean": 0.152425378561,
        "median": 0.135732263327,
        "min": 0.0401915349066,
        "var": 0.0052364510484
    },
    "barkbands_kurtosis": {
        "dmean": 3.64568042755,
        "dmean2": 5.49385643005,
        "dvar": 73.1679382324,
        "dvar2": 157.349395752,
        "max": 120.770080566,
        "mean": 4.98380374908,
        "median": 0.797449111938,
        "min": -1.85638654232,
        "var": 135.083892822
    },
    "barkbands_skewness": {
        "dmean": 0.606763780117,
        "dmean2": 0.859285712242,
        "dvar": 0.600720047951,
        "dvar2": 1.23665201664,
        "max": 9.63183021545,
        "mean": 1.47825229168,
        "median": 1.18297410011,
        "min": -1.06849348545,
        "var": 2.04296016693
    },
    "barkbands_spread": {
        "dmean": 5.67512130737,
        "dmean2": 7.98290586472,
        "dvar": 51.4554901123,
        "dvar2": 90.0997924805,
        "max": 91.1012268066,
        "mean": 22.6899871826,
        "median": 20.8698272705,
        "min": 1.01984810829,
        "var": 233.81791687
    },
    "dissonance": {
        "dmean": 0.0196459013969,
        "dmean2": 0.0325485914946,
        "dvar": 0.000413416244555,
        "dvar2": 0.000999947660603,
        "max": 0.499997645617,
        "mean": 0.461791276932,
        "median": 0.47147294879,
        "min": 0.310428440571,
        "var": 0.00104185205419
    },
    "dynamic_complexity": 3.68206501007,
    "erbbands_crest": {
        "dmean": 2.78008365631,
        "dmean2": 4.40935754776,
        "dvar": 8.55639457703,
        "dvar2": 20.3841819763,
        "max": 27.6568832397,
        "mean": 9.52624034882,
        "median": 8.24768066406,
        "min": 2.35852503777,
        "var": 24.0478515625
    },
    "erbbands_flatness_db": {
        "dmean": 0.0237118788064,
        "dmean2": 0.030594849959,
        "dvar": 0.00061826617457,
        "dvar2": 0.00109386909753,
        "max": 0.350282490253,
        "mean": 0.165033638477,
        "median": 0.156778395176,
        "min": 0.0617347471416,
        "var": 0.00282097095624
    },
    "erbbands_kurtosis": {
        "dmean": 1.06871211529,
        "dmean2": 1.65325331688,
        "dvar": 2.58953547478,
        "dvar2": 5.74076032639,
        "max": 19.7148704529,
        "mean": 0.923380613327,
        "median": 0.13908290863,
        "min": -1.50364565849,
        "var": 6.26808786392
    },
    "erbbands_skewness": {
        "dmean": 0.384349584579,
        "dmean2": 0.573103070259,
        "dvar": 0.176976114511,
        "dvar2": 0.37115624547,
        "max": 3.50061893463,
        "mean": 0.11566131562,
        "median": 0.0881262272596,
        "min": -3.20316123962,
        "var": 0.699414014816
    },
    "erbbands_spread": {
        "dmean": 8.31985855103,
        "dmean2": 12.2292404175,
        "dvar": 99.6451187134,
        "dvar2": 225.728790283,
        "max": 110.465003967,
        "mean": 34.6331443787,
        "median": 31.128950119,
        "min": 4.35867547989,
        "var": 306.569488525
    },
    "hfc": {
        "dmean": 6.99890708923,
        "dmean2": 10.2391252518,
        "dvar": 163.716796875,
        "dvar2": 320.021057129,
        "max": 186.246734619,
        "mean": 20.4755706787,
        "median": 13.5834579468,
        "min": 3.43542269547e-05,
        "var": 453.591125488
    },
    "melbands_crest": {
        "dmean": 3.13840532303,
        "dmean2": 4.93826389313,
        "dvar": 11.3386535645,
        "dvar2": 23.7054367065,
        "max": 33.6467437744,
        "mean": 14.2376651764,
        "median": 13.2778463364,
        "min": 4.66985464096,
        "var": 25.2481956482
    },
    "melbands_flatness_db": {
        "dmean": 0.030743310228,
        "dmean2": 0.0421662852168,
        "dvar": 0.00123810372315,
        "dvar2": 0.00242014997639,
        "max": 0.596984505653,
        "mean": 0.217377513647,
        "median": 0.188773676753,
        "min": 0.0551723577082,
        "var": 0.0088013196364
    },
    "melbands_kurtosis": {
        "dmean": 8.578956604,
        "dmean2": 13.4419345856,
        "dvar": 429.622283936,
        "dvar2": 979.36907959,
        "max": 288.776611328,
        "mean": 13.6100482941,
        "median": 5.92477607727,
        "min": -1.69918811321,
        "var": 616.088562012
    },
    "melbands_skewness": {
        "dmean": 0.806024312973,
        "dmean2": 1.19373464584,
        "dvar": 1.17532444,
        "dvar2": 2.58106708527,
        "max": 13.5212688446,
        "mean": 2.55774259567,
        "median": 2.32870769501,
        "min": -0.696326076984,
        "var": 3.1218111515
    },
    "melbands_spread": {
        "dmean": 7.81689739227,
        "dmean2": 11.1110830307,
        "dvar": 154.940063477,
        "dvar2": 305.985107422,
        "max": 157.599212646,
        "mean": 25.7979240417,
        "median": 22.7688713074,
        "min": 0.861937940121,
        "var": 449.142242432
    },
    "pitch_salience": {
        "dmean": 0.0714245289564,
        "dmean2": 0.112694039941,
        "dvar": 0.00507501885295,
        "dvar2": 0.0118335718289,
        "max": 0.828428447247,
        "mean": 0.526555657387,
        "median": 0.526078522205,
        "min": 0.173631459475,
        "var": 0.0108706671745
    },
    "silence_rate_20dB": {
        "dmean": 0,
        "dmean2": 0,
        "dvar": 0,
        "dvar2": 0,
        "max": 1,
        "mean": 1,
        "median": 1,
        "min": 1,
        "var": 0
    },
    "silence_rate_30dB": {
        "dmean": 0,
        "dmean2": 0,
        "dvar": 0,
        "dvar2": 0,
        "max": 1,
        "mean": 1,
        "median": 1,
        "min": 1,
        "var": 0
    },
    "silence_rate_60dB": {
        "dmean": 0.0061919502914,
        "dmean2": 0.0123934932053,
        "dvar": 0.00615342520177,
        "dvar2": 0.0168874207884,
        "max": 1,
        "mean": 0.0626450106502,
        "median": 0,
        "min": 0,
        "var": 0.0587214678526
    },
    "spectral_centroid": {
        "dmean": 239.324691772,
        "dmean2": 333.118927002,
        "dvar": 90370.2734375,
        "dvar2": 160481.640625,
        "max": 4440.43896484,
        "mean": 1275.33996582,
        "median": 1232.73303223,
        "min": 164.58934021,
        "var": 506275.84375
    },
    "spectral_complexity": {
        "dmean": 3.69969034195,
        "dmean2": 5.5058093071,
        "dvar": 18.5692157745,
        "dvar2": 34.3257598877,
        "max": 52,
        "mean": 17.7873153687,
        "median": 17,
        "min": 0,
        "var": 106.322128296
    },
    "spectral_decrease": {
        "dmean": 2.45794740117e-09,
        "dmean2": 3.69628816443e-09,
        "dvar": 1.55823555874e-17,
        "dvar2": 3.79683875183e-17,
        "max": -2.54045742606e-15,
        "mean": -6.34984242964e-09,
        "median": -5.12574604983e-09,
        "min": -2.95227700065e-08,
        "var": 2.28812980509e-17
    },
    "spectral_energy": {
        "dmean": 0.00969807617366,
        "dmean2": 0.0145718632266,
        "dvar": 0.00023107805464,
        "dvar2": 0.000559105479624,
        "max": 0.112610392272,
        "mean": 0.0258229579777,
        "median": 0.0212270431221,
        "min": 1.38326168297e-08,
        "var": 0.000361228478141
    },
    "spectral_energyband_high": {
        "dmean": 0.000490792910568,
        "dmean2": 0.000674365845043,
        "dvar": 2.47215461968e-06,
        "dvar2": 4.82142786495e-06,
        "max": 0.0264520850033,
        "mean": 0.000895501929335,
        "median": 0.000255648890743,
        "min": 3.45960621262e-10,
        "var": 4.47762568001e-06
    },
    "spectral_energyband_low": {
        "dmean": 0.00572226615623,
        "dmean2": 0.00913263019174,
        "dvar": 0.000194987558643,
        "dvar2": 0.000489118741825,
        "max": 0.10918097198,
        "mean": 0.010216881521,
        "median": 0.00684197759256,
        "min": 1.41883749194e-09,
        "var": 0.000190358812688
    },
    "spectral_energyband_middle_high": {
        "dmean": 0.00220644078217,
        "dmean2": 0.00318095623516,
        "dvar": 1.36937760544e-05,
        "dvar2": 2.73941277555e-05,
        "max": 0.0577310286462,
        "mean": 0.0061674900353,
        "median": 0.00332876713946,
        "min": 1.13937104196e-09,
        "var": 5.7150136854e-05
    },
    "spectral_energyband_middle_low": {
        "dmean": 0.00448171701282,
        "dmean2": 0.00673606013879,
        "dvar": 6.08394402661e-05,
        "dvar2": 0.0001336717105,
        "max": 0.0837153941393,
        "mean": 0.0102258138359,
        "median": 0.00691691879183,
        "min": 1.87273285768e-09,
        "var": 0.000111546418339
    },
    "spectral_entropy": {
        "dmean": 0.211868882179,
        "dmean2": 0.272506952286,
        "dvar": 0.0667847022414,
        "dvar2": 0.117508940399,
        "max": 8.68426132202,
        "mean": 7.42819976807,
        "median": 7.57466554642,
        "min": 4.87146377563,
        "var": 0.391262859106
    },
    "spectral_flux": {
        "dmean": 0.0295924730599,
        "dmean2": 0.0437782034278,
        "dvar": 0.0012705582194,
        "dvar2": 0.00251766946167,
        "max": 0.268349856138,
        "mean": 0.080332800746,
        "median": 0.067682184279,
        "min": 0.000121686709463,
        "var": 0.00301063247025
    },
    "spectral_kurtosis": {
        "dmean": 3.49142003059,
        "dmean2": 5.59379768372,
        "dvar": 62.3322715759,
        "dvar2": 141.956314087,
        "max": 121.98614502,
        "mean": 7.40064764023,
        "median": 4.43405771255,
        "min": -0.823667764664,
        "var": 124.913246155
    },
    "spectral_rms": {
        "dmean": 0.000817290972918,
        "dmean2": 0.00118239340372,
        "dvar": 1.15991508665e-06,
        "dvar2": 2.62715070676e-06,
        "max": 0.0104815931991,
        "mean": 0.00466763740405,
        "median": 0.0045507485047,
        "min": 3.67358620679e-06,
        "var": 3.40632095686e-06
    },
    "spectral_rolloff": {
        "dmean": 469.030609131,
        "dmean2": 730.244934082,
        "dvar": 759356.0625,
        "dvar2": 1463011.625,
        "max": 9388.4765625,
        "mean": 1463.5559082,
        "median": 1248.92578125,
        "min": 64.599609375,
        "var": 1908263.75
    },
    "spectral_skewness": {
        "dmean": 0.356282621622,
        "dmean2": 0.535706818104,
        "dvar": 0.293053299189,
        "dvar2": 0.665307223797,
        "max": 8.92028236389,
        "mean": 1.82456898689,
        "median": 1.58321714401,
        "min": -0.092573992908,
        "var": 0.936443269253
    },
    "spectral_spread": {
        "dmean": 674051.5,
        "dmean2": 851172.0625,
        "dvar": 586848075776,
        "dvar2": 1.07155573965e+12,
        "max": 10463975,
        "mean": 4229722.5,
        "median": 4166209.75,
        "min": 800253.3125,
        "var": 2.29606503219e+12
    },
    "spectral_strongpeak": {
        "dmean": 0.692842006683,
        "dmean2": 1.17195057869,
        "dvar": 1.82140851021,
        "dvar2": 4.29723215103,
        "max": 14.150891304,
        "mean": 1.1037324667,
        "median": 0.439659714699,
        "min": 0.000128834770294,
        "var": 2.82565951347
    },
    "zerocrossingrate": {
        "dmean": 0.0107493679971,
        "dmean2": 0.0115924244747,
        "dvar": 0.000195358079509,
        "dvar2": 0.000203227638849,
        "max": 0.26123046875,
        "mean": 0.0562890470028,
        "median": 0.0517578125,
        "min": 0.0048828125,
        "var": 0.00135104905348
    },
    "barkbands": {
        "dmean": [0.000197189001483, 0.00414281710982, 0.0018580587348, 0.00108862307388, 0.00215021311305, 0.000778555579018, 0.000580306048505, 0.000417222327087, 0.00110215228051, 0.000860355852637, 0.000341587816365, 0.000448646926088, 0.000395989685785, 0.000381230580388, 0.000290180265438, 0.000402840058086, 0.000372117763618, 0.000208462544833, 0.000144422476296, 0.000105266684841, 0.000114129434223, 0.000109917134978, 0.000118865405966, 9.41749240155e-05, 4.77182838949e-05, 1.63284021255e-05, 1.56779492499e-06],
        "dmean2": [0.000267588940915, 0.0065565914847, 0.00339327822439, 0.00186939386185, 0.00324409059249, 0.00124905328266, 0.000898291938938, 0.000701307668351, 0.00171733717434, 0.00122686161194, 0.00054106436437, 0.00062382069882, 0.000632558658253, 0.000597484118771, 0.000482247734908, 0.0006512409891, 0.000595283519942, 0.000317549885949, 0.000227263546549, 0.000165584133356, 0.000175772205694, 0.000166196405189, 0.000168715312611, 0.000137973125675, 6.4876570832e-05, 2.26528736675e-05, 2.45998035098e-06],
        "dvar": [2.05256881713e-07, 0.000135605718242, 1.69831364474e-05, 2.83625786324e-06, 3.0514322134e-05, 4.83195844936e-06, 2.67008931587e-06, 1.44791567891e-06, 6.64669414618e-06, 6.6667075771e-06, 1.4502375052e-06, 2.02949036066e-06, 7.34805780667e-07, 8.1270411556e-07, 6.72550186209e-07, 1.72019861111e-06, 1.09496863843e-06, 1.63576416412e-07, 1.07141033823e-07, 7.67904921872e-08, 1.19982061619e-07, 1.85582237577e-07, 2.11960298202e-07, 1.7585416856e-07, 2.46001459203e-08, 1.43068168423e-09, 1.11850216589e-11],
        "dvar2": [3.51271012278e-07, 0.000334553653374, 4.99997368024e-05, 7.6729538705e-06, 6.64730978315e-05, 1.06122442958e-05, 5.8740311033e-06, 3.75777972295e-06, 1.55555226229e-05, 1.3701655007e-05, 3.8390608097e-06, 3.08956055051e-06, 1.73699288553e-06, 2.09006657315e-06, 1.73374189671e-06, 4.38322877017e-06, 2.83965255221e-06, 3.48498247149e-07, 2.38530361685e-07, 1.78182645527e-07, 2.89310634116e-07, 4.00249774657e-07, 3.89807411239e-07, 3.58172940196e-07, 4.22661479149e-08, 3.023032491e-09, 2.60099511373e-11],
        "max": [0.00341617455706, 0.0937408283353, 0.0343542098999, 0.0200839973986, 0.052802413702, 0.039037514478, 0.027185773477, 0.0163303278387, 0.0374620780349, 0.046056907624, 0.0240599829704, 0.033793605864, 0.0113038225099, 0.0129040880129, 0.0122199608013, 0.0235289651901, 0.0190652068704, 0.00736282672733, 0.00457944301888, 0.00549103459343, 0.00690716737881, 0.00939436815679, 0.00831591803581, 0.00879273563623, 0.00401256652549, 0.000903077423573, 3.89835440728e-05],
        "mean": [0.000242379930569, 0.00443908525631, 0.00395443663001, 0.00248794560321, 0.00325361103751, 0.00117332139052, 0.000897037622053, 0.00048287838581, 0.00170886085834, 0.00133964221459, 0.000505934702232, 0.000830332224723, 0.000619958504103, 0.000628439302091, 0.000400799326599, 0.000606108922511, 0.000635037722532, 0.000383988575777, 0.000251882855082, 0.000193874759134, 0.000202484952752, 0.000168986647623, 0.000172316285898, 0.000141900978633, 7.64730066294e-05, 2.37816220761e-05, 1.48174672177e-06],
        "median": [1.01969735624e-05, 0.00135355221573, 0.00331296026707, 0.00187308015302, 0.00128894054797, 0.000395168317482, 0.000184511445696, 0.000106344377855, 0.000565900234506, 0.000194809923414, 0.000191024315427, 0.000186332064914, 0.000250720593613, 0.000233407801716, 0.000110076980491, 0.000177692621946, 0.000222297050641, 0.000124710422824, 9.32384718908e-05, 7.63068164815e-05, 6.49332068861e-05, 3.0496123145e-05, 2.92652512144e-05, 2.91698524961e-05, 1.84430864465e-05, 4.72005740448e-06, 8.71706902217e-08],
        "min": [1.04827977895e-11, 9.13800812796e-10, 4.23724055842e-10, 3.34618999176e-10, 6.59327425989e-10, 1.08476463923e-10, 1.83077199234e-11, 4.45099374025e-11, 1.43664191654e-10, 7.12171363548e-11, 1.57051913141e-10, 6.04933741988e-11, 5.62613254596e-11, 1.30338975723e-10, 9.61138738043e-11, 9.38016539442e-11, 8.27872978504e-11, 1.87395182705e-10, 8.84702866522e-11, 1.24536839174e-10, 1.45825948539e-10, 1.43319158624e-11, 4.67741557292e-12, 4.43089098398e-12, 7.9268909145e-12, 6.81735267197e-12, 3.74473065404e-12],
        "var": [3.74423109406e-07, 0.000121974524518, 1.42919116115e-05, 5.21376159668e-06, 4.19832940679e-05, 8.44729765959e-06, 5.09653727931e-06, 2.05954825105e-06, 1.25644719446e-05, 1.39593530548e-05, 1.50973448854e-06, 7.33203114578e-06, 1.31922797664e-06, 1.60172987762e-06, 1.07124412807e-06, 2.20203264689e-06, 2.06345839615e-06, 4.7783618129e-07, 2.0846822224e-07, 1.16480563861e-07, 1.56464892598e-07, 2.67332666226e-07, 4.08862774748e-07, 2.57427814176e-07, 4.2778342646e-08, 2.46587172903e-09, 1.2164790876e-11]
    },
    "erbbands": {
        "dmean": [0.140706554055, 0.893120825291, 1.91803359985, 3.13067245483, 6.61937189102, 6.4242401123, 6.77645492554, 6.89597272873, 8.91044139862, 6.46751499176, 11.0780735016, 23.3771286011, 26.6317596436, 20.4569473267, 15.3879776001, 15.3457374573, 17.0289440155, 16.166311264, 17.0290088654, 14.7946739197, 20.6265640259, 20.0695400238, 10.9949426651, 9.57256698608, 5.81916904449, 4.93873739243, 4.87713384628, 4.19225072861, 4.09028482437, 3.56263303757, 3.42462778091, 2.41892123222, 1.30257976055, 0.748718559742, 0.234838858247, 0.0827790573239, 0.0271786078811, 0.00653298292309, 0.000145361045725, 1.445498674e-05],
        "dmean2": [0.207775443792, 1.54142129421, 3.5444021225, 5.49339437485, 10.2915229797, 10.1230897903, 10.8567800522, 10.6406936646, 13.7534732819, 10.1891336441, 18.1561660767, 37.3398857117, 38.9208450317, 29.2692775726, 22.7902641296, 22.1904392242, 26.6570796967, 25.2787837982, 27.6121006012, 24.3971710205, 33.7045593262, 32.3292427063, 16.8627891541, 14.8903961182, 8.73240280151, 7.88370418549, 7.30562257767, 6.48136806488, 6.16401767731, 5.42401027679, 4.82591295242, 3.60028076172, 1.88693642616, 1.02784156799, 0.333784431219, 0.1181801036, 0.0379855260253, 0.00957292784005, 0.000211032282095, 2.11619790207e-05],
        "dvar": [0.137155711651, 7.36589813232, 23.7736339569, 28.7820549011, 267.717437744, 323.217987061, 363.978485107, 508.80645752, 694.139404297, 343.394042969, 830.354858398, 2664.95068359, 5493.453125, 3835.69116211, 1835.71948242, 1999.82177734, 1252.42138672, 1982.12365723, 2518.30029297, 1756.15673828, 5015.12695312, 3719.18994141, 554.230834961, 406.403289795, 203.086425781, 168.117248535, 168.759857178, 241.886413574, 288.487823486, 160.978897095, 183.825256348, 118.481666565, 31.0444583893, 7.26070070267, 0.520912945271, 0.0602143481374, 0.00238081743009, 0.000159230447025, 7.8267596848e-08, 4.7074993903e-10],
        "dvar2": [0.288375407457, 19.9041385651, 69.6595153809, 81.0333099365, 563.871765137, 818.756103516, 844.919799805, 1059.24938965, 1573.85314941, 729.815612793, 2182.24291992, 6367.31884766, 12450.2539062, 8002.78759766, 3992.76953125, 2837.9128418, 2880.32543945, 5078.61279297, 6796.97265625, 4419.60839844, 13003.5302734, 10102.9345703, 1174.6315918, 933.915771484, 434.941711426, 396.594299316, 400.377166748, 583.707824707, 641.45098877, 310.834197998, 341.200042725, 250.915649414, 57.932598114, 12.6837377548, 0.985861301422, 0.124965004623, 0.00463870866224, 0.000334182463121, 1.65725253964e-07, 9.83919723474e-10],
        "max": [2.50996994972, 21.1057758331, 40.6930961609, 48.1138458252, 142.472747803, 234.856613159, 366.701019287, 504.330749512, 492.578552246, 377.344085693, 444.881622314, 637.117797852, 861.002197266, 1017.20819092, 748.750427246, 1159.07055664, 582.641235352, 987.441955566, 904.362731934, 716.246826172, 1493.65368652, 1241.07885742, 468.751831055, 252.137161255, 268.499542236, 241.886169434, 183.929321289, 365.545288086, 382.042388916, 221.529876709, 240.031906128, 176.346206665, 129.816360474, 62.4168014526, 18.5491867065, 6.59422397614, 0.66334092617, 0.134146571159, 0.00302371731959, 0.000211745456909],
        "mean": [0.146650731564, 0.946978509426, 3.49652957916, 8.21360397339, 10.1736421585, 8.83413791656, 10.2553405762, 10.235206604, 14.0690631866, 9.59590816498, 14.818605423, 36.6778678894, 41.5321273804, 33.6603965759, 27.1099433899, 28.9306430817, 30.3799877167, 27.6650447845, 27.7389316559, 25.3591461182, 32.812210083, 35.7583580017, 22.2494258881, 18.197637558, 10.7212934494, 9.32741928101, 8.97748374939, 7.08741044998, 6.17840671539, 5.38390445709, 4.92905330658, 3.53135800362, 1.98960864544, 1.14873492718, 0.388099938631, 0.129108414054, 0.0381007306278, 0.00723983068019, 0.000177048292244, 3.75502313545e-05],
        "median": [0.0268133692443, 0.37339669466, 2.61064434052, 6.59154701233, 5.28635311127, 3.43231654167, 3.09238505363, 3.53309512138, 2.77757263184, 2.85027456284, 5.13815736771, 12.9420595169, 8.84633159637, 9.04373073578, 9.76149845123, 9.857629776, 13.2425947189, 11.1554546356, 9.81993865967, 8.48857498169, 11.9781551361, 12.5296878815, 7.57311630249, 6.53858804703, 4.2774939537, 3.67701005936, 2.71899032593, 2.18118357658, 1.16679573059, 0.950631558895, 0.855743467808, 0.660183370113, 0.420575112104, 0.266050040722, 0.0914513617754, 0.0244491025805, 0.00732442550361, 0.000924400927033, 3.80722958653e-05, 2.90410462185e-05],
        "min": [1.53060177865e-08, 2.40796140361e-07, 6.16695103872e-07, 5.76959962473e-07, 2.60388469542e-06, 1.18889943224e-06, 1.6145797872e-06, 5.30218017047e-07, 2.12722824244e-07, 1.54012275289e-06, 9.26763391362e-07, 2.09654763239e-06, 5.31233536094e-06, 2.43184808824e-06, 5.00719806951e-06, 2.85490841634e-06, 4.00702310799e-06, 5.62493960388e-06, 5.54947291675e-06, 2.76373725683e-06, 4.7477001317e-06, 5.24315373696e-06, 8.15637486085e-06, 6.24975109531e-06, 6.03433409196e-06, 5.80795358474e-06, 6.21135995971e-06, 5.47973149878e-06, 7.80010338985e-07, 2.66580968855e-07, 1.28996475723e-07, 9.82285470741e-08, 6.72665620982e-08, 1.14966056231e-07, 3.62110625929e-08, 1.97708018845e-08, 1.47483207869e-08, 3.00687741372e-09, 5.28430466051e-10, 9.42650540958e-11],
        "var": [0.156626686454, 5.2712931633, 16.6194572449, 52.3188400269, 319.67956543, 330.653778076, 879.964599609, 876.899475098, 1246.66442871, 644.933410645, 1120.95727539, 4914.86035156, 9847.98339844, 7826.87158203, 4006.48730469, 6839.19482422, 2761.50854492, 3570.14428711, 3867.16552734, 3089.3347168, 5580.76220703, 6576.91748047, 1819.81860352, 931.308105469, 392.583068848, 265.489959717, 254.463287354, 272.591644287, 376.12600708, 319.02130127, 337.374206543, 182.066726685, 46.0632858276, 11.6343383789, 0.902924716473, 0.100517831743, 0.0049108825624, 0.000219110472244, 1.10367686545e-07, 9.3859997552e-10]
    },
    "gfcc": {
        "mean": [-19.7225456238, 105.645713806, -117.291603088, 35.5274124146, -47.8734207153, 23.173160553, -35.1991271973, 8.70073413849, -26.5346088409, -8.01177787781, -19.3564167023, -7.52099657059, -9.85753726959],
        "cov": [[9973.9609375, -2761.39233398, -421.70526123, 334.475097656, -630.899841309, 214.737014771, -402.820220947, 386.889526367, -323.934967041, 347.568206787, -370.455780029, 310.241485596, -275.97088623], [-2761.39233398, 2339.48193359, 0.808524429798, -369.952148438, 438.998596191, -268.57019043, 279.870452881, -288.380767822, 249.880615234, -290.125244141, 325.035491943, -303.688262939, 230.347106934], [-421.70526123, 0.808524429798, 835.929260254, -61.7999649048, -4.16452264786, 92.9818725586, 15.1733474731, -67.6969985962, 25.8112125397, 68.1284484863, -64.2007751465, 124.773048401, -87.5471038818], [334.475097656, -369.952148438, -61.7999649048, 320.186187744, -78.6852264404, 35.2788047791, -41.7743110657, 54.5728111267, -5.84535264969, 11.885102272, 12.7635679245, 24.5572929382, 3.21944046021], [-630.899841309, 438.998596191, -4.16452264786, -78.6852264404, 343.587402344, -30.31391716, 92.5918655396, -6.75619506836, 58.8917732239, -38.5876464844, 59.4823417664, -7.04638957977, 38.9718589783], [214.737014771, -268.57019043, 92.9818725586, 35.2788047791, -30.31391716, 247.947219849, 39.8214378357, 11.2260360718, -35.9296264648, 29.0653610229, -28.6382007599, 25.1622772217, -27.3115692139], [-402.820220947, 279.870452881, 15.1733474731, -41.7743110657, 92.5918655396, 39.8214378357, 178.615234375, -6.1421380043, 31.1310863495, -39.3931312561, 39.1668510437, -35.9551315308, 23.7354278564], [386.889526367, -288.380767822, -67.6969985962, 54.5728111267, -6.75619506836, 11.2260360718, -6.1421380043, 178.155944824, 8.51934623718, 43.5052528381, -32.6280288696, 36.536693573, -9.56879043579], [-323.934967041, 249.880615234, 25.8112125397, -5.84535264969, 58.8917732239, -35.9296264648, 31.1310863495, 8.51934623718, 121.475593567, -2.26077008247, 39.6281242371, -16.9579772949, 25.4140434265], [347.568206787, -290.125244141, 68.1284484863, 11.885102272, -38.5876464844, 29.0653610229, -39.3931312561, 43.5052528381, -2.26077008247, 129.012390137, -21.1918983459, 67.4517822266, -43.6340408325], [-370.455780029, 325.035491943, -64.2007751465, 12.7635679245, 59.4823417664, -28.6382007599, 39.1668510437, -32.6280288696, 39.6281242371, -21.1918983459, 155.528076172, -35.9514427185, 52.6726074219], [310.241485596, -303.688262939, 124.773048401, 24.5572929382, -7.04638957977, 25.1622772217, -35.9551315308, 36.536693573, -16.9579772949, 67.4517822266, -35.9514427185, 144.430908203, -36.8283958435], [-275.97088623, 230.347106934, -87.5471038818, 3.21944046021, 38.9718589783, -27.3115692139, 23.7354278564, -9.56879043579, 25.4140434265, -43.6340408325, 52.6726074219, -36.8283958435, 102.881843567]],
        "icov": [[0.00015855357924, 0.000133311914396, 0.000101066034404, 5.76710845053e-05, 9.17559154914e-05, -4.70547320219e-06, 5.99920422246e-05, -7.33154083719e-05, 4.16126786149e-05, -4.47656348115e-05, 3.88822400055e-06, -6.65299303364e-05, 9.92866189335e-05], [0.000133311914396, 0.00478860270232, -0.00115336861927, 0.00326907006092, -0.00194315763656, 0.0026340149343, -0.00198095501401, 0.00312312762253, -0.00438698846847, 0.00395413767546, -0.00451165949926, 0.00421671243384, -0.0026847939007], [0.000101066034404, -0.00115336861927, 0.0021928078495, -0.000558071420528, 0.000712505774572, -0.00121852871962, 0.00019158408395, 0.000298457569443, 4.01178622269e-05, -0.0012011565268, 0.00171468779445, -0.00278840609826, 0.00173167139292], [5.76710845053e-05, 0.00326907006092, -0.000558071420528, 0.00613262271509, -0.000439848634414, 0.000967763189692, -0.000462682335638, 0.000961018085945, -0.00346958474256, 0.00367620005272, -0.00428069755435, 0.0019666668959, -0.00189992249943], [9.17559154914e-05, -0.00194315763656, 0.000712505774572, -0.000439848634414, 0.00498960027471, -0.000869696028531, -0.000636692508124, -0.00167533778585, 0.000678407261148, -0.000687813037075, 0.00100901210681, -0.00327166705392, 0.000939916528296], [-4.70547320219e-06, 0.0026340149343, -0.00121852871962, 0.000967763189692, -0.000869696028531, 0.00670456560329, -0.00333133549429, 0.00179007672705, -0.000681187666487, 0.000928081921302, -0.00192550988868, 0.0025784841273, -0.00146220589522], [5.99920422246e-05, -0.00198095501401, 0.00019158408395, -0.000462682335638, -0.000636692508124, -0.00333133549429, 0.00925859622657, -0.00247979420237, 0.000809727876913, 0.000347527035046, 0.000462280120701, -0.000523413298652, 0.00128719338682], [-7.33154083719e-05, 0.00312312762253, 0.000298457569443, 0.000961018085945, -0.00167533778585, 0.00179007672705, -0.00247979420237, 0.010004689917, -0.0044582481496, 0.000260236352915, -0.000700743810739, 0.00135617598426, -0.00229696044698], [4.16126786149e-05, -0.00438698846847, 4.01178622269e-05, -0.00346958474256, 0.000678407261148, -0.000681187666487, 0.000809727876913, -0.0044582481496, 0.0153493974358, -0.00553222000599, 0.00263152155094, -0.00202551763505, 0.00082701590145], [-4.47656348115e-05, 0.00395413767546, -0.0012011565268, 0.00367620005272, -0.000687813037075, 0.000928081921302, 0.000347527035046, 0.000260236352915, -0.00553222000599, 0.0164956953377, -0.00575494719669, -0.000788795936387, 0.00136730389204], [3.88822400055e-06, -0.00451165949926, 0.00171468779445, -0.00428069755435, 0.00100901210681, -0.00192550988868, 0.000462280120701, -0.000700743810739, 0.00263152155094, -0.00575494719669, 0.0139720132574, -0.00329678948037, -0.000784573378041], [-6.65299303364e-05, 0.00421671243384, -0.00278840609826, 0.0019666668959, -0.00327166705392, 0.0025784841273, -0.000523413298652, 0.00135617598426, -0.00202551763505, -0.000788795936387, -0.00329678948037, 0.0156128406525, -0.002440526383], [9.92866189335e-05, -0.0026847939007, 0.00173167139292, -0.00189992249943, 0.000939916528296, -0.00146220589522, 0.00128719338682, -0.00229696044698, 0.00082701590145, 0.00136730389204, -0.000784573378041, -0.002440526383, 0.0161791965365]]
    },
    "melbands": {
        "dmean": [0.00117665994912, 0.00102609861642, 0.000607670808677, 0.000461194402305, 0.000259615597315, 0.000153951827087, 0.000130896019982, 7.25146965124e-05, 0.000102161815448, 0.000154483685037, 0.000140887859743, 9.28844965529e-05, 5.31300793227e-05, 5.14302228112e-05, 4.43638127763e-05, 3.82953949156e-05, 3.05968605971e-05, 3.1131439755e-05, 2.10872949538e-05, 2.44145921897e-05, 2.56438379438e-05, 2.2563704988e-05, 1.45893745866e-05, 1.07903970274e-05, 8.20981858851e-06, 5.54128746444e-06, 3.54665326086e-06, 3.49935157828e-06, 3.39576149599e-06, 2.9095458558e-06, 2.49417144005e-06, 2.4839271191e-06, 2.19810885937e-06, 2.08430856219e-06, 1.98770771931e-06, 1.9832500584e-06, 1.34771619287e-06, 9.13965948257e-07, 8.69410371251e-07, 5.7778873952e-07],
        "dmean2": [0.00179638853297, 0.00185039499775, 0.00103028467856, 0.000710954307579, 0.000417095987359, 0.000239881250309, 0.000201641480089, 0.000115941766126, 0.000166765952599, 0.000243825197686, 0.000205320873647, 0.000132748260512, 8.18592889118e-05, 6.86270359438e-05, 6.80458979332e-05, 5.98026817897e-05, 4.83671792608e-05, 5.07323093188e-05, 3.50371592504e-05, 3.79923985747e-05, 4.18801282649e-05, 3.68774963135e-05, 2.31175436056e-05, 1.64837638295e-05, 1.30000225909e-05, 8.36231265566e-06, 5.77736636842e-06, 5.64245783607e-06, 5.17275702805e-06, 4.70643590234e-06, 3.92109404856e-06, 3.78065169571e-06, 3.31161572831e-06, 3.11636017614e-06, 2.87711054625e-06, 2.91676451525e-06, 2.01423176804e-06, 1.33540402203e-06, 1.2704481378e-06, 7.95962023403e-07],
        "dvar": [1.03199918158e-05, 8.0665704445e-06, 9.55576979322e-07, 1.40140343774e-06, 5.18177387221e-07, 2.20073232526e-07, 1.36496140613e-07, 3.84403513465e-08, 5.58535795392e-08, 1.27030631347e-07, 1.51342618437e-07, 8.44304395287e-08, 2.40124204964e-08, 3.81368501223e-08, 8.96963392449e-09, 9.24219278886e-09, 6.54787335463e-09, 8.51021475512e-09, 3.25491789077e-09, 6.57292442696e-09, 1.00264481162e-08, 5.6753441946e-09, 2.08192907358e-09, 5.01562680277e-10, 3.32830291105e-10, 1.76401546148e-10, 6.90060925068e-11, 8.80401238024e-11, 8.13049835791e-11, 5.40878453137e-11, 1.25049470778e-10, 9.92775722741e-11, 7.3472644635e-11, 5.77763704934e-11, 5.75249396728e-11, 7.8429457373e-11, 3.69524688626e-11, 1.55535914009e-11, 1.25922154648e-11, 3.78327967912e-12],
        "dvar2": [2.38641714532e-05, 2.2932768843e-05, 2.5281174203e-06, 3.00963756672e-06, 1.25114013372e-06, 4.65758802193e-07, 3.09836877932e-07, 8.50550208042e-08, 1.39563809398e-07, 3.01870755948e-07, 3.40539997978e-07, 1.71996447307e-07, 5.98874407842e-08, 5.39059641369e-08, 1.98939247298e-08, 2.26597922648e-08, 1.68288707414e-08, 2.29442242983e-08, 8.04485189576e-09, 1.52945602849e-08, 2.63888608742e-08, 1.57823372149e-08, 5.05920194627e-09, 9.91425941343e-10, 7.68129393425e-10, 3.40854233727e-10, 1.60524371573e-10, 2.14042700231e-10, 1.92839411106e-10, 1.32103480932e-10, 3.18135046085e-10, 2.25350849092e-10, 1.58844964959e-10, 1.18743320732e-10, 1.04356086272e-10, 1.62616461963e-10, 7.93250604092e-11, 3.04619905689e-11, 2.15454060842e-11, 6.95869360398e-12],
        "max": [0.0250350162387, 0.0215393677354, 0.00912866741419, 0.0105013651773, 0.0107192005962, 0.00967202335596, 0.00633757701144, 0.00352086126804, 0.00330255553126, 0.00525269331411, 0.00489110546187, 0.00464494572952, 0.0026664850302, 0.0047096288763, 0.0021057582926, 0.00162163819186, 0.00165915198158, 0.00155594700482, 0.00098416802939, 0.00170988985337, 0.00225355825387, 0.0016315462999, 0.00132281030528, 0.000522367306985, 0.000212009937968, 0.000313316617394, 0.000131126013002, 0.000180212926352, 0.000127157443785, 9.78874159046e-05, 0.00027666206006, 0.000223053866648, 0.000175469976966, 0.000153400629642, 0.000140701624332, 0.000152069056639, 0.00011867206922, 9.57235533861e-05, 7.55077999202e-05, 4.69186306873e-05],
        "mean": [0.00126408110373, 0.00169076258317, 0.00146570848301, 0.000690797693096, 0.000375217903638, 0.000231299287407, 0.000204618874704, 0.000102190169855, 0.000143696073792, 0.000236712672631, 0.000214943793253, 0.00014987718896, 8.50228170748e-05, 9.28228619159e-05, 7.51381594455e-05, 5.82376451348e-05, 5.06491160195e-05, 4.88291007059e-05, 2.95010904665e-05, 4.015646482e-05, 3.64787629223e-05, 3.759187166e-05, 2.57625670201e-05, 1.93465257325e-05, 1.41411674122e-05, 9.27501241677e-06, 6.04545402894e-06, 6.1574432948e-06, 5.90862828176e-06, 4.7407997954e-06, 3.86527563023e-06, 3.49629590346e-06, 3.20905269291e-06, 2.93025345854e-06, 2.86979366138e-06, 2.6422414976e-06, 1.95287316274e-06, 1.35859943384e-06, 1.28525869059e-06, 8.5941371708e-07],
        "median": [0.000338936515618, 0.00119349523447, 0.00122434366494, 0.000315813871566, 0.000117782379675, 7.99786357675e-05, 4.1553961637e-05, 2.73378718703e-05, 4.56637608295e-05, 7.99503250164e-05, 3.82768339477e-05, 3.24372449541e-05, 3.17564336001e-05, 1.7092201233e-05, 3.18802594848e-05, 2.38377415371e-05, 1.84239652299e-05, 1.46421170939e-05, 8.51156801218e-06, 1.0524911886e-05, 1.29217305584e-05, 1.31357410282e-05, 8.1516791397e-06, 5.62674995308e-06, 5.07656250193e-06, 3.03598562823e-06, 2.71165231425e-06, 2.16859484681e-06, 1.56552550834e-06, 1.59909996e-06, 1.10636767658e-06, 6.24794552095e-07, 5.13253382906e-07, 4.83529049689e-07, 4.91244179557e-07, 4.34123506921e-07, 3.72106512714e-07, 2.82426924514e-07, 2.761781559e-07, 2.04693833439e-07],
        "min": [2.01543670642e-10, 3.32801508574e-10, 1.83919782182e-10, 1.39731004545e-10, 6.94989413241e-11, 1.37028808439e-11, 3.03760402248e-12, 2.01809177008e-11, 6.44123166263e-12, 1.81793035486e-11, 2.60289116649e-11, 7.49662745075e-12, 2.23135052102e-11, 5.6726420436e-12, 8.65566732872e-12, 5.6702979985e-12, 1.00183654775e-11, 9.58100786208e-12, 5.03938861127e-12, 3.51452959617e-12, 4.64951861734e-12, 5.98790938708e-12, 2.87086348617e-12, 1.19833899748e-11, 4.00348981397e-12, 4.02093809637e-12, 4.51846893235e-12, 3.4638919337e-12, 3.04787445282e-12, 4.29807665153e-12, 2.73339532432e-12, 2.97211338656e-13, 2.37244062286e-13, 1.01632413694e-13, 6.06167541292e-14, 6.62018522142e-14, 5.75613775394e-14, 3.2902195237e-14, 8.7971689937e-14, 8.75648769531e-14],
        "var": [1.04426426333e-05, 5.49870901523e-06, 1.45892738601e-06, 1.69405359429e-06, 1.04519062916e-06, 3.86918173945e-07, 2.55082426293e-07, 7.15608408086e-08, 8.39729210611e-08, 2.29928630802e-07, 2.77912022284e-07, 1.77749839736e-07, 3.54726843455e-08, 1.33004931513e-07, 2.13469952826e-08, 1.43179574863e-08, 1.19437784107e-08, 1.34484219316e-08, 5.93116178393e-09, 1.29147430528e-08, 9.55149559445e-09, 8.69752447841e-09, 4.99874008852e-09, 1.42231737499e-09, 6.43886111096e-10, 3.90072696366e-10, 1.03417829855e-10, 1.32699934374e-10, 1.20142604199e-10, 7.33787128282e-11, 1.18276707872e-10, 1.2171726127e-10, 1.11206203968e-10, 1.08834233292e-10, 1.12387987805e-10, 1.13575489291e-10, 5.63528806952e-11, 2.22629380209e-11, 1.91373965286e-11, 5.97803490737e-12]
    },
    "mfcc": {
        "mean": [-660.125488281, 129.127243042, -0.557857990265, 19.370552063, 13.6293592453, 9.38087368011, 8.40343093872, 9.21253395081, 3.62129950523, -0.0722899734974, -3.75394368172, -1.16221785545, -8.96328258514],
        "cov": [[9201.23339844, -2325.25317383, -570.260742188, 85.1707077026, -307.29977417, -197.690383911, -137.80557251, -36.9394073486, -26.6949234009, 32.7118644714, -105.754211426, -34.1667633057, -46.0035209656], [-2325.25317383, 2191.63769531, -59.150680542, -80.8597106934, 157.979278564, 0.00169811898377, 94.1326217651, -21.086019516, -3.12414240837, -3.30591011047, 42.7756309509, 6.56317138672, -30.8474597931], [-570.260742188, -59.150680542, 663.809020996, -31.4429702759, -40.9190559387, 159.119018555, -69.41355896, 14.8049697876, -25.1412944794, -28.1413478851, 43.5237045288, -44.1388244629, 42.7892036438], [85.1707077026, -80.8597106934, -31.4429702759, 210.590270996, 32.2476348877, -54.751663208, -14.6722259521, 14.5090351105, 0.552124083042, -4.11392736435, 2.46782422066, 17.8429279327, 17.0500907898], [-307.29977417, 157.979278564, -40.9190559387, 32.2476348877, 172.511627197, 4.30377435684, 19.8475971222, 17.4361438751, 9.25557327271, 5.41250562668, 2.16003370285, 26.3106822968, 16.5645446777], [-197.690383911, 0.00169811898377, 159.119018555, -54.751663208, 4.30377435684, 204.165664673, 30.8153572083, 32.348487854, -8.6569890976, -5.29886102676, 24.7232437134, -26.410358429, 12.9993152618], [-137.80557251, 94.1326217651, -69.41355896, -14.6722259521, 19.8475971222, 30.8153572083, 163.222854614, 35.7510528564, 4.61865377426, 19.9199581146, -3.78457760811, 14.218337059, -18.3692836761], [-36.9394073486, -21.086019516, 14.8049697876, 14.5090351105, 17.4361438751, 32.348487854, 35.7510528564, 114.070930481, 34.6385383606, 10.0727329254, 15.4891204834, -7.95961761475, 13.1882801056], [-26.6949234009, -3.12414240837, -25.1412944794, 0.552124083042, 9.25557327271, -8.6569890976, 4.61865377426, 34.6385383606, 96.3091659546, 27.3218727112, 2.27862286568, -6.00414037704, -5.30946969986], [32.7118644714, -3.30591011047, -28.1413478851, -4.11392736435, 5.41250562668, -5.29886102676, 19.9199581146, 10.0727329254, 27.3218727112, 81.5358276367, 13.5208263397, 9.193608284, -1.08946299553], [-105.754211426, 42.7756309509, 43.5237045288, 2.46782422066, 2.16003370285, 24.7232437134, -3.78457760811, 15.4891204834, 2.27862286568, 13.5208263397, 76.7160491943, 12.6883144379, 12.954375267], [-34.1667633057, 6.56317138672, -44.1388244629, 17.8429279327, 26.3106822968, -26.410358429, 14.218337059, -7.95961761475, -6.00414037704, 9.193608284, 12.6883144379, 83.1849594116, 23.0572776794], [-46.0035209656, -30.8474597931, 42.7892036438, 17.0500907898, 16.5645446777, 12.9993152618, -18.3692836761, 13.1882801056, -5.30946969986, -1.08946299553, 12.954375267, 23.0572776794, 93.4548873901]],
