{
"lowlevel": {
    "average_loudness": 0.968421578407,
    "barkbands_crest": {
        "dmean": 2.3802986145,
        "dmean2": 3.99140357971,
        "dvar": 4.66493225098,
        "dvar2": 12.6377067566,
        "max": 21.751783371,
        "mean": 10.1029062271,
        "median": 9.83628463745,
        "min": 2.89223074913,
        "var": 9.00678062439
    },
    "barkbands_flatness_db": {
        "dmean": 0.026700977236,
        "dmean2": 0.0427720099688,
        "dvar": 0.000589366827626,
        "dvar2": 0.00153711740859,
        "max": 0.377101689577,
        "mean": 0.198389396071,
        "median": 0.194385439157,
        "min": 0.0856444984674,
        "var": 0.00241291965358
    },
    "barkbands_kurtosis": {
        "dmean": 4.18355464935,
        "dmean2": 6.75468015671,
        "dvar": 33.5531196594,
        "dvar2": 84.8715744019,
        "max": 89.7842636108,
        "mean": 7.23888015747,
        "median": 3.90153455734,
        "min": -1.81551766396,
        "var": 90.2952575684
    },
    "barkbands_skewness": {
        "dmean": 0.641737699509,
        "dmean2": 1.01652622223,
        "dvar": 0.42127636075,
        "dvar2": 1.0386711359,
        "max": 7.99048137665,
        "mean": 2.2265791893,
        "median": 2.11815142632,
        "min": -1.17519342899,
        "var": 1.41815698147
    },
    "barkbands_spread": {
        "dmean": 5.62907934189,
        "dmean2": 8.96037006378,
        "dvar": 39.0380172729,
        "dvar2": 95.177772522,
        "max": 93.6706695557,
        "mean": 19.9600105286,
        "median": 17.9892959595,
        "min": 1.65383553505,
        "var": 163.942474365
    },
    "dissonance": {
        "dmean": 0.0138180172071,
        "dmean2": 0.0228096023202,
        "dvar": 0.000204182520974,
        "dvar2": 0.000510368379764,
        "max": 0.499987542629,
        "mean": 0.472712486982,
        "median": 0.478164315224,
        "min": 0.326298445463,
        "var": 0.000451245694421
    },
    "dynamic_complexity": 1.63855326176,
    "erbbands_crest": {
        "dmean": 2.18750691414,
        "dmean2": 3.45104503632,
        "dvar": 4.50439453125,
        "dvar2": 10.5237150192,
        "max": 26.4431762695,
        "mean": 8.13671398163,
        "median": 7.25462198257,
        "min": 2.66720986366,
        "var": 12.9164485931
    },
    "erbbands_flatness_db": {
        "dmean": 0.0169875901192,
        "dmean2": 0.0229554902762,
        "dvar": 0.00026204821188,
        "dvar2": 0.000533638696652,
        "max": 0.306978434324,
        "mean": 0.182618439198,
        "median": 0.18114118278,
        "min": 0.111571736634,
        "var": 0.000910262169782
    },
    "erbbands_kurtosis": {
        "dmean": 0.707480072975,
        "dmean2": 1.09830892086,
        "dvar": 1.12888979912,
        "dvar2": 2.49155163765,
        "max": 14.2069168091,
        "mean": -0.177188426256,
        "median": -0.689987421036,
        "min": -1.83869028091,
        "var": 2.55272102356
    },
    "erbbands_skewness": {
        "dmean": 0.32626324892,
        "dmean2": 0.500046312809,
        "dvar": 0.116075463593,
        "dvar2": 0.27143996954,
        "max": 3.46457672119,
        "mean": 0.0154567854479,
        "median": -0.127447023988,
        "min": -1.8847694397,
        "var": 0.627764642239
    },
    "erbbands_spread": {
        "dmean": 10.9447422028,
        "dmean2": 16.7259654999,
        "dvar": 142.905776978,
        "dvar2": 338.72567749,
        "max": 136.676849365,
        "mean": 50.1272163391,
        "median": 48.2381134033,
        "min": 5.2811217308,
        "var": 361.080383301
    },
    "hfc": {
        "dmean": 6.01570701599,
        "dmean2": 8.54333686829,
        "dvar": 63.2188415527,
        "dvar2": 123.030731201,
        "max": 133.26940918,
        "mean": 18.5717029572,
        "median": 14.3718557358,
        "min": 0.000133200810524,
        "var": 246.573806763
    },
    "melbands_crest": {
        "dmean": 3.36232352257,
        "dmean2": 5.62050867081,
        "dvar": 9.3552312851,
        "dvar2": 24.9251403809,
        "max": 29.1092834473,
        "mean": 16.7906417847,
        "median": 15.9815778732,
        "min": 4.97020483017,
        "var": 21.8112468719
    },
    "melbands_flatness_db": {
        "dmean": 0.0328726097941,
        "dmean2": 0.0507984347641,
        "dvar": 0.00100742059294,
        "dvar2": 0.00252995942719,
        "max": 0.464009582996,
        "mean": 0.238373428583,
        "median": 0.235303580761,
        "min": 0.0671388059855,
        "var": 0.0045710769482
    },
    "melbands_kurtosis": {
        "dmean": 12.6711349487,
        "dmean2": 20.4375286102,
        "dvar": 299.765289307,
        "dvar2": 743.441040039,
        "max": 214.142990112,
        "mean": 26.1732521057,
        "median": 18.2446994781,
        "min": -1.21369826794,
        "var": 711.217163086
    },
    "melbands_skewness": {
        "dmean": 1.00370979309,
        "dmean2": 1.59535217285,
        "dvar": 1.07502889633,
        "dvar2": 2.61640381813,
        "max": 12.4604921341,
        "mean": 4.02038860321,
        "median": 3.80240869522,
        "min": -0.612403929234,
        "var": 3.04941630363
    },
    "melbands_spread": {
        "dmean": 5.98845386505,
        "dmean2": 9.62201213837,
        "dvar": 58.2798805237,
        "dvar2": 144.328536987,
        "max": 110.651771545,
        "mean": 17.1250839233,
        "median": 13.4167375565,
        "min": 1.21314918995,
        "var": 207.370651245
    },
    "pitch_salience": {
        "dmean": 0.0720821395516,
        "dmean2": 0.121857561171,
        "dvar": 0.00440066680312,
        "dvar2": 0.0129286414012,
        "max": 0.8005194664,
        "mean": 0.51805472374,
        "median": 0.521224439144,
        "min": 0.130651444197,
        "var": 0.0103120887652
    },
    "silence_rate_20dB": {
        "dmean": 0,
        "dmean2": 0,
        "dvar": 0,
        "dvar2": 0,
        "max": 1,
        "mean": 1,
        "median": 1,
        "min": 1,
        "var": 0
    },
    "silence_rate_30dB": {
        "dmean": 0.0302091408521,
        "dmean2": 0.0604416877031,
        "dvar": 0.0292964261025,
        "dvar2": 0.0769341811538,
        "max": 1,
        "mean": 0.979868352413,
        "median": 1,
        "min": 0,
        "var": 0.0197257902473
    },
    "silence_rate_60dB": {
        "dmean": 0.002323779976,
        "dmean2": 0.00464936066419,
        "dvar": 0.00231822696514,
        "dvar2": 0.00540295196697,
        "max": 1,
        "mean": 0.0127758421004,
        "median": 0,
        "min": 0,
        "var": 0.0126134157181
    },
    "spectral_centroid": {
        "dmean": 270.378845215,
        "dmean2": 428.037811279,
        "dvar": 83709.78125,
        "dvar2": 203557.9375,
        "max": 3592.30151367,
        "mean": 1190.55566406,
        "median": 1118.69104004,
        "min": 202.863204956,
        "var": 414248.15625
    },
    "spectral_complexity": {
        "dmean": 4.03408193588,
        "dmean2": 5.8992638588,
        "dvar": 20.9437770844,
        "dvar2": 36.0355911255,
        "max": 54,
        "mean": 19.5129699707,
        "median": 19,
        "min": 0,
        "var": 89.3118515015
    },
    "spectral_decrease": {
        "dmean": 4.41465930479e-09,
        "dmean2": 7.18635062569e-09,
        "dvar": 4.54817351966e-17,
        "dvar2": 1.13039207024e-16,
        "max": -1.17615403636e-13,
        "mean": -9.32838428724e-09,
        "median": -7.26595228429e-09,
        "min": -6.03582108738e-08,
        "var": 5.21584657858e-17
    },
    "spectral_energy": {
        "dmean": 0.0170618910342,
        "dmean2": 0.0276470221579,
        "dvar": 0.000669045490213,
        "dvar2": 0.00165568117518,
        "max": 0.230338528752,
        "mean": 0.0368919782341,
        "median": 0.0292484778911,
        "min": 4.55989152215e-07,
        "var": 0.000784879142884
    },
    "spectral_energyband_high": {
        "dmean": 0.000491410552058,
        "dmean2": 0.000682772719301,
        "dvar": 6.06483467891e-07,
        "dvar2": 1.14546969598e-06,
        "max": 0.0210529752076,
        "mean": 0.000994602683932,
        "median": 0.000377529504476,
        "min": 3.78503922649e-10,
        "var": 2.93198831969e-06
    },
    "spectral_energyband_low": {
        "dmean": 0.0128471879289,
        "dmean2": 0.0214899294078,
        "dvar": 0.000474667438539,
        "dvar2": 0.00123874237761,
        "max": 0.225393936038,
        "mean": 0.0198791828007,
        "median": 0.0125360861421,
        "min": 9.89835768905e-08,
        "var": 0.000483122392325
    },
    "spectral_energyband_middle_high": {
        "dmean": 0.00129605294205,
        "dmean2": 0.00191336940043,
        "dvar": 5.20908679391e-06,
        "dvar2": 1.18988982649e-05,
        "max": 0.0458648242056,
        "mean": 0.0041649164632,
        "median": 0.00300138350576,
        "min": 2.85209562634e-08,
        "var": 1.46415413838e-05
    },
    "spectral_energyband_middle_low": {
        "dmean": 0.00739888474345,
        "dmean2": 0.0123339761049,
        "dvar": 0.000169145787368,
        "dvar2": 0.000415521033574,
        "max": 0.157659828663,
        "mean": 0.0157539322972,
        "median": 0.0124460505322,
        "min": 3.57098826953e-07,
        "var": 0.000195923275896
    },
    "spectral_entropy": {
        "dmean": 0.223346337676,
        "dmean2": 0.30466657877,
        "dvar": 0.0564848743379,
        "dvar2": 0.126590132713,
        "max": 8.45832157135,
        "mean": 7.38187170029,
        "median": 7.41200494766,
        "min": 5.63849258423,
        "var": 0.179310843349
    },
    "spectral_flux": {
        "dmean": 0.0384481325746,
        "dmean2": 0.0589796602726,
        "dvar": 0.00203363387845,
        "dvar2": 0.00401985319331,
        "max": 0.388450682163,
        "mean": 0.092796638608,
        "median": 0.0732285007834,
        "min": 0.000675269693602,
        "var": 0.00377231254242
    },
    "spectral_kurtosis": {
        "dmean": 2.23964452744,
        "dmean2": 3.72192382812,
        "dvar": 7.96669530869,
        "dvar2": 20.5501728058,
        "max": 31.5628013611,
        "mean": 3.19383621216,
        "median": 2.18834495544,
        "min": -0.870975732803,
        "var": 11.5589952469
    },
    "spectral_rms": {
        "dmean": 0.00123114953749,
        "dmean2": 0.00193599937484,
        "dvar": 2.29118040806e-06,
        "dvar2": 5.35423578185e-06,
        "max": 0.014990680851,
        "mean": 0.00566651998088,
        "median": 0.00534182554111,
        "min": 2.1091882445e-05,
        "var": 3.88271928387e-06
    },
    "spectral_rolloff": {
        "dmean": 410.616851807,
        "dmean2": 715.777038574,
        "dvar": 414307.3125,
        "dvar2": 1012627.5,
        "max": 8268.75,
        "mean": 1001.78173828,
        "median": 516.796875,
        "min": 107.666015625,
        "var": 1060540.375
    },
    "spectral_skewness": {
        "dmean": 0.3124358356,
        "dmean2": 0.485383868217,
        "dvar": 0.126369088888,
        "dvar2": 0.312797784805,
        "max": 4.24823760986,
        "mean": 1.14736306667,
        "median": 1.04109156132,
        "min": 0.0423567406833,
        "var": 0.289035052061
    },
    "spectral_spread": {
        "dmean": 489306.875,
        "dmean2": 673874,
        "dvar": 292964401152,
        "dvar2": 563508609024,
        "max": 12506659,
        "mean": 3811435,
        "median": 3659778,
        "min": 1863958,
        "var": 988637691904
    },
    "spectral_strongpeak": {
        "dmean": 0.285315841436,
        "dmean2": 0.498618721962,
        "dvar": 0.282627671957,
        "dvar2": 0.747443318367,
        "max": 6.76619958878,
        "mean": 0.612732231617,
        "median": 0.543170213699,
        "min": 0.00168051489163,
        "var": 0.272598981857
    },
    "zerocrossingrate": {
        "dmean": 0.00790667627007,
        "dmean2": 0.0095544969663,
        "dvar": 5.94394550717e-05,
        "dvar2": 8.19004271762e-05,
        "max": 0.173828125,
        "mean": 0.0423284843564,
        "median": 0.0380859375,
        "min": 0.00390625,
        "var": 0.000581997912377
    },
    "barkbands": {
        "dmean": [0.000121915138152, 0.00619533658028, 0.0058468026109, 0.00477871205658, 0.0027333535254, 0.000958152755629, 0.00047213389189, 0.000269793439656, 0.000195036991499, 0.00039240217302, 0.000168087368365, 0.000238423817791, 0.000115346832899, 0.000240976223722, 0.000270905729849, 0.000227403521421, 0.000209197736694, 0.000147892380483, 0.000179984563147, 0.000178884089109, 0.000160697163665, 0.000152332737343, 9.21301325434e-05, 3.53273717337e-05, 9.16197313927e-06, 8.61046434153e-09, 1.61235991225e-09],
        "dmean2": [0.000186912700883, 0.0101489648223, 0.0103678591549, 0.00822666846216, 0.00451498338953, 0.00158756156452, 0.000781609094702, 0.00043302832637, 0.000309397379169, 0.00060559133999, 0.000257139967289, 0.000370697758626, 0.000187381418073, 0.000386367202736, 0.000431476189988, 0.000346631975845, 0.000325221510138, 0.000233966798987, 0.000281958666164, 0.00027611272526, 0.000239997913013, 0.0002288978867, 0.000134721442009, 4.92138642585e-05, 1.29885529532e-05, 1.36875701884e-08, 3.02113423167e-09],
        "dvar": [1.47863133293e-07, 0.000174014814547, 0.00010305147589, 9.52252812567e-05, 1.63885051734e-05, 2.60896467807e-06, 1.7321086716e-06, 5.86951273363e-07, 2.28884559306e-07, 1.83645283869e-06, 4.90201216508e-07, 2.27899747074e-07, 2.30421150604e-07, 5.34017999598e-07, 2.76648194131e-07, 1.9455040956e-07, 1.76324661538e-07, 7.23807715985e-08, 1.36968807851e-07, 1.56814948582e-07, 7.43629655631e-08, 8.02384789722e-08, 2.37446009521e-08, 4.59584592605e-09, 4.31009922197e-10, 4.19990857803e-16, 5.09676143898e-18],
        "dvar2": [3.47779263166e-07, 0.000435302383266, 0.000294906960335, 0.000245833420195, 4.0516963054e-05, 6.61269359625e-06, 4.66333585791e-06, 1.48789945342e-06, 5.69819690099e-07, 4.75287379231e-06, 1.11467034003e-06, 5.16109764703e-07, 5.56443978894e-07, 1.46557454173e-06, 6.83595828832e-07, 4.43337341949e-07, 4.10976440435e-07, 1.80770683755e-07, 3.39058203735e-07, 3.68300675291e-07, 1.56849111477e-07, 1.76562025445e-07, 5.08609687699e-08, 9.52036138813e-09, 9.21677900667e-10, 1.00395225936e-15, 1.59326616137e-17],
        "max": [0.00338085973635, 0.131095156074, 0.099874034524, 0.101069606841, 0.0445421151817, 0.0165366046131, 0.0287648551166, 0.0166328176856, 0.0105369463563, 0.0291597750038, 0.0184759758413, 0.011617324315, 0.0122512327507, 0.0211919825524, 0.00718429498374, 0.0146103827283, 0.00765677727759, 0.00566252600402, 0.00926903635263, 0.00985449086875, 0.00558682670817, 0.00648093223572, 0.00273597193882, 0.00184297689702, 0.000435314461356, 5.75258582103e-07, 2.43445121839e-08],
        "mean": [0.000116686176625, 0.00780326733366, 0.00826339330524, 0.00654152641073, 0.0057750842534, 0.00152843922842, 0.000740072980989, 0.000456363748526, 0.000324600259773, 0.00073196773883, 0.000245799630648, 0.00059788080398, 0.000161652918905, 0.000505174975842, 0.00050664745504, 0.000404909747886, 0.000420300697442, 0.000295120262308, 0.000385316554457, 0.000337712408509, 0.00029600027483, 0.000216535787331, 0.000152742723003, 6.85829581926e-05, 1.61632233358e-05, 1.28606885141e-08, 1.26586063853e-09],
        "median": [4.88330169901e-06, 0.00285417097621, 0.00491200201213, 0.00410715257749, 0.00420054513961, 0.000958489603363, 0.000410667533288, 0.000212525046663, 0.000139774609124, 0.000292015727609, 8.34206584841e-05, 0.000144874677062, 6.04243541602e-05, 0.000191466810065, 0.000245099363383, 0.00022116524633, 0.000217164721107, 0.000187956145965, 0.000215848936932, 0.000158087859745, 0.000100154189568, 3.84578233934e-05, 4.25934049417e-05, 1.49384477481e-05, 2.25835538004e-06, 2.79834577732e-09, 4.85653683935e-10],
        "min": [7.46595230083e-10, 4.39701608457e-08, 2.51251357497e-08, 1.31700005568e-07, 2.02993916787e-07, 1.94600335846e-08, 7.42824413091e-10, 1.35833122528e-09, 7.27616633611e-10, 1.2013516848e-09, 4.41656156092e-10, 3.7045236323e-10, 1.52386281371e-09, 1.54704302702e-08, 4.09905220877e-09, 9.19168963165e-10, 6.79218403743e-10, 2.98766611451e-09, 7.83687781336e-10, 2.04161978989e-10, 5.75768911715e-11, 8.83242992633e-11, 4.96392232874e-11, 3.89985509164e-11, 1.43766673913e-11, 8.78053012243e-12, 1.26621282903e-11],
        "var": [1.54707436195e-07, 0.000179060341907, 9.29241869017e-05, 9.01424500626e-05, 3.04070545099e-05, 3.19398145621e-06, 1.56834687459e-06, 6.90853767082e-07, 3.40997615922e-07, 2.01505281439e-06, 7.34396564894e-07, 1.53774692535e-06, 2.79292464711e-07, 8.60101010858e-07, 5.62467960208e-07, 3.76262192958e-07, 4.28086849524e-07, 1.37861320582e-07, 2.78740884596e-07, 3.77743020863e-07, 2.37111848378e-07, 1.93592995856e-07, 8.05158819617e-08, 2.14638813389e-08, 1.52902224215e-09, 9.98086450321e-16, 4.15918571547e-18]
    },
    "erbbands": {
        "dmean": [0.116384938359, 1.6725461483, 6.34669351578, 11.6894016266, 14.2653570175, 6.25835084915, 8.76592350006, 6.67312002182, 7.50949764252, 5.19576454163, 5.85745668411, 4.02693748474, 11.6379699707, 8.49324226379, 6.16496181488, 10.7764377594, 5.34567308426, 11.4448127747, 13.1496610641, 11.8755903244, 11.4790029526, 9.61250209808, 8.47177314758, 8.58483314514, 7.38962364197, 8.15621185303, 7.89601230621, 5.76722431183, 5.82039928436, 4.08382701874, 2.44033241272, 0.955636680126, 0.51889359951, 0.179927021265, 0.0143261831254, 0.000630853348412, 3.76734933525e-05, 6.55534086036e-06, 8.70881649462e-06, 1.91079179785e-05],
        "dmean2": [0.173275977373, 2.87677168846, 11.3237113953, 20.0540351868, 24.0970687866, 10.3293228149, 14.6154336929, 11.1061048508, 12.4616909027, 8.53627490997, 9.29666996002, 6.41697216034, 18.0515079498, 12.9632225037, 9.45887947083, 16.8320198059, 8.47040557861, 18.3425121307, 21.1138134003, 17.9521846771, 17.7745189667, 14.7328662872, 13.2080516815, 13.2437210083, 11.4977674484, 12.3680067062, 11.9967880249, 8.63651371002, 8.81327152252, 6.00112915039, 3.57008957863, 1.35002815723, 0.724362432957, 0.248713508248, 0.0199148915708, 0.000868287112098, 4.98161643918e-05, 8.63130298967e-06, 1.33522144097e-05, 3.05632565869e-05],
        "dvar": [0.100017271936, 12.5667676926, 133.173995972, 466.196838379, 602.160522461, 86.3201370239, 177.031570435, 155.38822937, 415.259765625, 213.39932251, 284.368804932, 115.890670776, 1555.54272461, 926.035339355, 491.517913818, 487.901275635, 384.021179199, 1938.25390625, 805.112304688, 408.987548828, 612.214538574, 393.150115967, 246.799407959, 239.767059326, 201.600631714, 307.786804199, 212.268341064, 104.124168396, 147.908050537, 54.1895141602, 17.11120224, 2.97874689102, 1.07000339031, 0.150376707315, 0.000964734528679, 1.7602664002e-06, 4.09508649213e-09, 9.41068542537e-11, 1.48533269018e-10, 8.07270694736e-10],
        "dvar2": [0.192204400897, 34.1504364014, 377.265014648, 1200.56884766, 1581.23242188, 216.525772095, 473.798614502, 405.490447998, 1104.62365723, 551.92767334, 708.089233398, 287.951751709, 4143.63378906, 2204.17504883, 1110.64221191, 1099.58789062, 869.592407227, 5512.41699219, 1845.94750977, 1002.59509277, 1386.48449707, 891.434448242, 596.225708008, 571.914978027, 501.538543701, 694.833068848, 463.437469482, 218.236312866, 342.652862549, 115.520767212, 36.9144325256, 6.09314250946, 2.14437150955, 0.305745869875, 0.00188962440006, 3.37978622156e-06, 7.18786363763e-09, 1.58398169581e-10, 3.45483919251e-10, 1.97466443197e-09],
        "max": [2.75462555885, 35.8590698242, 132.236663818, 221.109771729, 329.551361084, 139.850921631, 133.938018799, 120.637062073, 408.879302979, 312.072784424, 416.953094482, 233.177932739, 872.581298828, 834.818603516, 664.256652832, 536.440063477, 531.251220703, 1470.35949707, 668.904418945, 404.428497314, 962.881591797, 429.560180664, 373.592346191, 316.539459229, 270.177032471, 461.656677246, 298.308532715, 204.146331787, 340.68850708, 122.078857422, 94.5292663574, 38.8804244995, 29.8084354401, 8.79509067535, 0.773470520973, 0.0334708020091, 0.0016723764129, 0.000254659331404, 0.000108508727862, 0.000250265904469],
        "mean": [0.140804901719, 2.08007287979, 8.88102436066, 17.5899028778, 26.1912784576, 11.9777212143, 13.5027503967, 10.4172391891, 12.1530456543, 8.58587265015, 10.4576339722, 7.53418684006, 22.8918743134, 14.7441473007, 11.7732028961, 27.2303924561, 9.86972236633, 24.9101104736, 25.5314865112, 25.0539798737, 23.6612358093, 20.3855838776, 18.147228241, 18.2980823517, 15.7940330505, 15.8129005432, 15.7919921875, 9.36323165894, 8.35786724091, 5.94811677933, 4.14763450623, 1.83761143684, 0.996139407158, 0.339845597744, 0.0265835728496, 0.0012249344727, 8.62232845975e-05, 1.56206497195e-05, 2.16435601033e-05, 4.32723645645e-05],
        "median": [0.0365324169397, 0.808602869511, 4.67396259308, 11.8439207077, 16.9509353638, 8.92638874054, 7.7405462265, 6.41945695877, 6.81414651871, 4.45134544373, 4.81578636169, 4.14789152145, 7.88276576996, 5.77026128769, 5.11379861832, 7.08223438263, 4.02903985977, 9.63409042358, 14.5016498566, 12.599401474, 15.3664941788, 12.5036001205, 11.751707077, 11.1591854095, 8.7279548645, 7.6677775383, 5.87489509583, 2.60500216484, 1.51404106617, 1.17478883266, 1.18603241444, 0.504430949688, 0.141790911555, 0.0489891916513, 0.00358934700489, 0.000202374605578, 2.84260368062e-05, 6.42662689643e-06, 1.63806471392e-05, 3.43002102454e-05],
        "min": [4.27436162909e-07, 1.27584116854e-05, 4.19368298026e-05, 0.000191492901649, 0.000879587081727, 0.000422967743361, 0.000352609087713, 7.6448348409e-05, 1.70655785041e-05, 8.06581920187e-06, 3.61445745511e-05, 1.6424268324e-05, 2.31349731621e-05, 4.36078116763e-05, 1.05257004179e-05, 2.12478535104e-05, 6.67320928187e-05, 0.000532947538886, 0.000538213644177, 9.76153896772e-05, 4.16816292272e-05, 5.44079557585e-05, 0.000207785138628, 5.53458448849e-05, 2.23735769396e-05, 9.17247507459e-06, 3.90464856537e-06, 2.44959869633e-06, 2.71545991382e-06, 2.61279637925e-06, 1.38496443469e-06, 9.83839299806e-07, 5.30651789177e-07, 2.18458410473e-07, 7.19202049027e-08, 2.88782047164e-08, 1.62169211393e-08, 7.63427987494e-09, 2.0315216176e-09, 6.81506906464e-10],
        "var": [0.128118872643, 11.1397886276, 123.578834534, 448.50213623, 784.196960449, 129.708343506, 258.432037354, 166.153366089, 406.824707031, 248.750213623, 379.385559082, 172.038513184, 1816.37597656, 1241.26611328, 889.206420898, 3233.125, 579.677429199, 2575.63720703, 1280.93994141, 1547.796875, 1286.95117188, 842.484436035, 498.758850098, 517.010498047, 552.221374512, 724.128845215, 659.781433105, 299.954528809, 321.478302002, 132.729385376, 63.1013412476, 12.3359909058, 5.66222953796, 0.643367290497, 0.00406094407663, 8.06087973615e-06, 2.55437626606e-08, 6.73279043628e-10, 2.71292655007e-10, 1.02165897964e-09]
    },
    "gfcc": {
        "mean": [-21.9960021973, 143.298950195, -141.132369995, 75.9439849854, -57.0576019287, 13.1425609589, -30.2338542938, -13.2162151337, -8.67571353912, -24.7651844025, -1.26285433769, -24.639043808, 2.62545132637],
        "cov": [[3417.87329102, -1182.0880127, -325.466339111, 392.837402344, -523.986633301, 343.32635498, -122.896965027, 229.583465576, -101.600914001, 106.945732117, -96.1188659668, 28.568151474, 27.277879715], [-1182.0880127, 988.760681152, 20.84400177, -278.149017334, 401.315795898, -291.252105713, 204.57359314, -152.538421631, 117.60218811, -95.3469772339, 86.6725158691, -35.8436965942, 4.40172958374], [-325.466339111, 20.84400177, 513.281494141, 54.3993263245, -72.1868438721, 82.9305114746, -65.2621841431, -34.3371696472, 0.244020357728, 21.6722812653, 25.6854934692, 27.5018482208, 8.41832447052], [392.837402344, -278.149017334, 54.3993263245, 254.174118042, -78.6370925903, 25.8122558594, -19.0584430695, 35.7765731812, 20.600944519, 34.4017066956, -22.6013221741, 37.5163421631, 33.4720344543], [-523.986633301, 401.315795898, -72.1868438721, -78.6370925903, 314.423370361, -107.517921448, 105.951118469, -32.5652809143, 53.9112892151, -35.1545829773, 39.9507980347, -5.65853404999, 11.3271064758], [343.32635498, -291.252105713, 82.9305114746, 25.8122558594, -107.517921448, 266.921264648, -40.3557777405, 25.8725795746, -44.6075592041, 37.9203491211, 10.5884475708, 14.6573085785, -14.3132667542], [-122.896965027, 204.57359314, -65.2621841431, -19.0584430695, 105.951118469, -40.3557777405, 163.850524902, -20.1380348206, 32.8320846558, -15.36378479, 24.5662956238, -6.80767679214, 4.37428569794], [229.583465576, -152.538421631, -34.3371696472, 35.7765731812, -32.5652809143, 25.8725795746, -20.1380348206, 128.475265503, 6.4985704422, 23.5198192596, -9.66733551025, 6.28874874115, 16.9178180695], [-101.600914001, 117.60218811, 0.244020357728, 20.600944519, 53.9112892151, -44.6075592041, 32.8320846558, 6.4985704422, 96.906463623, 6.48732948303, 9.23603343964, 14.3987112045, 15.4851417542], [106.945732117, -95.3469772339, 21.6722812653, 34.4017066956, -35.1545829773, 37.9203491211, -15.36378479, 23.5198192596, 6.48732948303, 68.3162994385, 14.0017156601, 2.43153238297, 3.12762498856], [-96.1188659668, 86.6725158691, 25.6854934692, -22.6013221741, 39.9507980347, 10.5884475708, 24.5662956238, -9.66733551025, 9.23603343964, 14.0017156601, 62.5404853821, 16.6842727661, -6.89214706421], [28.568151474, -35.8436965942, 27.5018482208, 37.5163421631, -5.65853404999, 14.6573085785, -6.80767679214, 6.28874874115, 14.3987112045, 2.43153238297, 16.6842727661, 69.5065307617, 21.6203861237], [27.277879715, 4.40172958374, 8.41832447052, 33.4720344543, 11.3271064758, -14.3132667542, 4.37428569794, 16.9178180695, 15.4851417542, 3.12762498856, -6.89214706421, 21.6203861237, 55.9824333191]],
        "icov": [[0.000693428213708, -0.000704817415681, 0.000933667877689, -0.00142569618765, 0.00118932500482, -0.00107718561776, 0.000267201394308, -0.000844403926749, 0.000679852149915, -0.000210054698982, 0.000287692673737, -3.01513027807e-05, 1.85641547432e-05], [-0.000704817415681, 0.0317362993956, -0.0105668744072, 0.0258060898632, -0.015404349193, 0.0201244857162, -0.0147034963593, 0.0167855415493, -0.0215137619525, 0.0141718443483, -0.0212315265089, 0.0117538170889, -0.0136480787769], [0.000933667877689, -0.0105668744072, 0.00668493518606, -0.00996341090649, 0.00635544303805, -0.00800536666065, 0.00594566017389, -0.00493904063478, 0.00676601333544, -0.00429466413334, 0.00516560673714, -0.00339535344392, 0.00333876465447], [-0.00142569618765, 0.0258060898632, -0.00996341090649, 0.0277357511222, -0.0125559233129, 0.0172917768359, -0.0127579104155, 0.0137218441814, -0.0186093747616, 0.00872298702598, -0.0138445533812, 0.00634348299354, -0.0121018625796], [0.00118932500482, -0.015404349193, 0.00635544303805, -0.0125559233129, 0.014193453826, -0.00944088678807, 0.00516836345196, -0.00835277326405, 0.00879765674472, -0.00471247546375, 0.00663907453418, -0.00436680670828, 0.00435156421736], [-0.00107718561776, 0.0201244857162, -0.00800536666065, 0.0172917768359, -0.00944088678807, 0.0185984130949, -0.00970388203859, 0.0101347090676, -0.0116729633883, 0.0068098125048, -0.0138436369598, 0.00574854156002, -0.00690761581063], [0.000267201394308, -0.0147034963593, 0.00594566017389, -0.0127579104155, 0.00516836345196, -0.00970388203859, 0.0157982744277, -0.00665993010625, 0.00795917306095, -0.00462792627513, 0.00606124429032, -0.00303455279209, 0.00498638534918], [-0.000844403926749, 0.0167855415493, -0.00493904063478, 0.0137218441814, -0.00835277326405, 0.0101347090676, -0.00665993010625, 0.0187715534121, -0.0125718200579, 0.0050895921886, -0.010500561446, 0.00637974357232, -0.00980459433049], [0.000679852149915, -0.0215137619525, 0.00676601333544, -0.0186093747616, 0.00879765674472, -0.0116729633883, 0.00795917306095, -0.0125718200579, 0.0285699125379, -0.0125530175865, 0.0150421578437, -0.0106966234744, 0.00866378284991], [-0.000210054698982, 0.0141718443483, -0.00429466413334, 0.00872298702598, -0.00471247546375, 0.0068098125048, -0.00462792627513, 0.0050895921886, -0.0125530175865, 0.0277482252568, -0.0186447873712, 0.0103850448504, -0.00844759121537], [0.000287692673737, -0.0212315265089, 0.00516560673714, -0.0138445533812, 0.00663907453418, -0.0138436369598, 0.00606124429032, -0.010500561446, 0.0150421578437, -0.0186447873712, 0.0412911362946, -0.0179014578462, 0.015724863857], [-3.01513027807e-05, 0.0117538170889, -0.00339535344392, 0.00634348299354, -0.00436680670828, 0.00574854156002, -0.00303455279209, 0.00637974357232, -0.0106966234744, 0.0103850448504, -0.0179014578462, 0.0262894053012, -0.0135075012222], [1.85641547432e-05, -0.0136480787769, 0.00333876465447, -0.0121018625796, 0.00435156421736, -0.00690761581063, 0.00498638534918, -0.00980459433049, 0.00866378284991, -0.00844759121537, 0.015724863857, -0.0135075012222, 0.0308152325451]]
    },
    "melbands": {
        "dmean": [0.00133565464057, 0.00292835617438, 0.00204120390117, 0.000723198172636, 0.000274476944469, 0.000157114322064, 0.000110743974801, 5.42768430023e-05, 4.6508073865e-05, 2.66522038146e-05, 5.94058583374e-05, 3.60190024367e-05, 2.20551173697e-05, 2.6697109206e-05, 1.85129774763e-05, 1.40262545756e-05, 2.33031587413e-05, 2.11580118048e-05, 1.76480079972e-05, 1.6819614757e-05, 1.46030715769e-05, 1.11115514301e-05, 1.09334869194e-05, 6.9660823101e-06, 7.72107432567e-06, 6.83003281665e-06, 4.29995361628e-06, 6.5409653871e-06, 6.10058850725e-06, 4.04452612202e-06, 3.42217549587e-06, 3.38620884577e-06, 2.98302757074e-06, 2.16959801946e-06, 1.60311947184e-06, 9.23216362025e-07, 5.22463551533e-07, 4.39121748741e-07, 2.47516254603e-07, 1.22937308333e-07],
        "dmean2": [0.00208471948281, 0.00516598345712, 0.00350511819124, 0.00120948744006, 0.000456992303953, 0.000259647786152, 0.000183695810847, 8.85970075615e-05, 7.34013374313e-05, 4.2350286094e-05, 9.2236965429e-05, 5.51825323782e-05, 3.44606814906e-05, 4.14389724028e-05, 2.82025321212e-05, 2.27221298701e-05, 3.74623850803e-05, 3.41072627634e-05, 2.79974228761e-05, 2.56258554145e-05, 2.26148149522e-05, 1.69988761627e-05, 1.74079250428e-05, 1.11661511255e-05, 1.20413033073e-05, 1.08602753244e-05, 6.72074793329e-06, 1.00723009382e-05, 9.54403094511e-06, 6.24103768132e-06, 5.14785415362e-06, 5.22749542142e-06, 4.52123003924e-06, 3.26164399667e-06, 2.39366568167e-06, 1.38462849009e-06, 7.65825632243e-07, 6.43787359422e-07, 3.45639563193e-07, 1.75216385401e-07],
        "dvar": [9.5949299066e-06, 3.01382515318e-05, 1.372414863e-05, 1.24943471747e-06, 1.61211090699e-07, 8.24497945473e-08, 8.87354119072e-08, 2.37678534631e-08, 1.78157932851e-08, 5.32778487994e-09, 4.26550528232e-08, 1.76992394074e-08, 8.23781132198e-09, 2.95634738912e-09, 1.60699986651e-09, 5.37797761879e-09, 6.38053387902e-09, 2.37782660228e-09, 1.29953281469e-09, 7.57858720224e-10, 1.18916620995e-09, 6.10225037168e-10, 4.19810186614e-10, 1.33210636966e-10, 2.08751044228e-10, 2.6022650701e-10, 5.08449185532e-11, 2.60592269985e-10, 1.54431828436e-10, 6.36832461764e-11, 3.88655219119e-11, 5.02524168111e-11, 3.46027477505e-11, 1.61555629985e-11, 7.65104646305e-12, 3.08134550861e-12, 1.2251650432e-12, 9.53112480433e-13, 2.58656350461e-13, 7.68327187897e-14],
        "dvar2": [2.13705316128e-05, 8.48889103509e-05, 3.53655632352e-05, 3.14856083605e-06, 4.28109160566e-07, 2.12402142097e-07, 2.38428469856e-07, 6.11776158621e-08, 4.31627249498e-08, 1.35610456198e-08, 1.13401895874e-07, 4.24877448779e-08, 1.89816855567e-08, 6.91920432061e-09, 3.12710346506e-09, 1.40608920063e-08, 1.79145853707e-08, 5.30665067444e-09, 3.34622973774e-09, 1.78754822056e-09, 2.72670042101e-09, 1.34487165848e-09, 1.03235353599e-09, 3.48543971462e-10, 4.93358243148e-10, 6.80888789795e-10, 1.20460919018e-10, 5.98210869729e-10, 3.53538170961e-10, 1.46903461617e-10, 8.62301272053e-11, 1.19550966349e-10, 7.60264837196e-11, 3.63954803795e-11, 1.70946659606e-11, 7.38728869742e-12, 2.6857739123e-12, 2.06229369519e-12, 5.27278741502e-13, 1.56387503316e-13],
        "max": [0.0296997558326, 0.0639044344425, 0.0379607453942, 0.0133324638009, 0.00364870368503, 0.00300312764011, 0.00592566467822, 0.00378831871785, 0.00311526865698, 0.00174903473817, 0.00433296337724, 0.00336989038624, 0.00289421156049, 0.00101298477966, 0.00118232262321, 0.00204743328504, 0.00253016664647, 0.00132308411412, 0.000708862440661, 0.00037128967233, 0.00128344923723, 0.000520373869222, 0.000353845127393, 0.000174887638423, 0.000292014854494, 0.000432372034993, 0.000162238604389, 0.000421666103648, 0.00028303169529, 0.000212630169699, 0.00012100708409, 0.000186331264558, 0.000110087377834, 7.45908837416e-05, 5.73603174416e-05, 4.1461767978e-05, 2.27261407417e-05, 2.88478768198e-05, 1.19100350275e-05, 6.26600376563e-06],
        "mean": [0.00169382989407, 0.00410411693156, 0.00336554693058, 0.00140824727714, 0.00043756767991, 0.000249147589784, 0.000180009956239, 8.82552121766e-05, 8.17254040157e-05, 4.76262066513e-05, 0.000114344540634, 5.92560172663e-05, 3.48451794707e-05, 6.67760832584e-05, 4.11046494264e-05, 2.08210658457e-05, 5.00436726725e-05, 3.98147349188e-05, 3.32426388923e-05, 3.32739000442e-05, 2.75640068139e-05, 2.16452299355e-05, 2.04492826015e-05, 1.29498002934e-05, 1.52159227582e-05, 1.36112530527e-05, 7.90178091847e-06, 1.17307627079e-05, 1.16088249342e-05, 6.84525775796e-06, 4.86085991724e-06, 4.66966093882e-06, 4.12951430917e-06, 3.04686841446e-06, 2.60993147094e-06, 1.5947277916e-06, 9.3975091886e-07, 7.99393944817e-07, 4.38810531023e-07, 2.25711076496e-07],
        "median": [0.00057360494975, 0.00215779198334, 0.0024983570911, 0.00104046810884, 0.000269913842203, 0.000150813808432, 0.000102275575045, 4.62723655801e-05, 3.51274175046e-05, 2.26647807722e-05, 3.78320437449e-05, 1.98221532628e-05, 1.35571099236e-05, 1.66255940712e-05, 1.33266885314e-05, 7.43051987229e-06, 1.79506987479e-05, 2.09263362194e-05, 1.63843687915e-05, 1.54346125782e-05, 1.49790557771e-05, 1.20060312838e-05, 1.14110562208e-05, 8.62539127411e-06, 8.64859885041e-06, 7.09166852175e-06, 4.50544075647e-06, 4.9666268751e-06, 4.17730097979e-06, 2.17272395275e-06, 1.04295725123e-06, 9.05411013719e-07, 6.12390806509e-07, 6.49705896194e-07, 7.26570419829e-07, 4.53251004728e-07, 2.24026834417e-07, 9.13441411399e-08, 6.13935924321e-08, 3.11288950172e-08],
        "min": [8.1628428461e-09, 1.96807476982e-08, 5.96423035404e-08, 5.0335483337e-08, 1.21993855018e-08, 2.0313628557e-09, 1.99494989972e-10, 1.17655940546e-10, 2.94653301758e-10, 8.76544184458e-11, 1.1636285685e-10, 1.85835430377e-10, 4.07221235899e-11, 3.6693679345e-11, 8.08152017528e-11, 1.92847390834e-10, 1.23590049306e-09, 1.15285903046e-09, 2.01060973426e-10, 8.55902501651e-11, 3.49175410808e-11, 3.36005875901e-11, 1.55545271108e-10, 1.37816841272e-10, 3.67398229895e-11, 2.52286559699e-11, 7.9362419414e-12, 5.63147488711e-12, 2.81480763177e-12, 1.52740428812e-12, 1.40260643811e-12, 1.57193149556e-12, 1.7368198893e-12, 1.18991838952e-12, 7.27892843656e-13, 7.81016852754e-13, 5.11604051224e-13, 4.06445737526e-13, 2.51719299701e-13, 1.59552072617e-13],
        "var": [1.10892551675e-05, 2.74806861853e-05, 1.31071537908e-05, 1.90777791431e-06, 2.31385186567e-07, 9.33049548735e-08, 8.51127381907e-08, 2.74894418339e-08, 2.50746037267e-08, 7.43552996951e-09, 4.81300865829e-08, 2.32896848473e-08, 1.31317037244e-08, 1.93437497131e-08, 8.01536437223e-09, 5.21683896082e-09, 1.03067927526e-08, 3.7111986817e-09, 2.52129117584e-09, 2.16325246605e-09, 2.4788826547e-09, 1.35346223118e-09, 7.79901754289e-10, 2.26522273161e-10, 4.2037079373e-10, 5.04847164073e-10, 1.17521811727e-10, 5.42618616706e-10, 4.32131858075e-10, 1.49723414222e-10, 9.58986293154e-11, 9.69579833088e-11, 8.15630132878e-11, 3.42217365557e-11, 2.56312384511e-11, 9.22144912513e-12, 3.87049333556e-12, 4.30524105949e-12, 9.46062022125e-13, 3.10637502049e-13]
    },
    "mfcc": {
        "mean": [-640.343322754, 131.844573975, -2.53714680672, 48.3577041626, 10.1411781311, 17.5764923096, -1.52315855026, 6.2866191864, -3.67160010338, 4.09770298004, -8.49041461945, -3.54211306572, -6.19725370407],
        "cov": [[3798.62207031, -1493.62805176, -15.2735013962, -61.636390686, -229.233734131, -11.0516080856, -43.9596252441, 46.7206878662, 81.487953186, 56.669303894, -54.5350608826, 7.22288179398, 65.8230743408], [-1493.62805176, 1317.57348633, -323.594116211, 87.710647583, 75.5302505493, -22.6420631409, 47.7279129028, 9.15663719177, -44.847743988, 20.5733146667, 22.1365318298, -12.5677404404, -29.1174621582], [-15.2735013962, -323.594116211, 628.303466797, -79.8356323242, 14.1519184113, 87.3976287842, -24.0750637054, -28.2825546265, -25.7524986267, -53.0284309387, 37.0772399902, -8.0445318222, 1.70811498165], [-61.636390686, 87.710647583, -79.8356323242, 260.468719482, 3.75989532471, -24.7507896423, -25.8175144196, 9.03790283203, 47.9482154846, 0.398051559925, -24.4904651642, 27.2740821838, 11.3330478668], [-229.233734131, 75.5302505493, 14.1519184113, 3.75989532471, 137.274429321, 4.81642770767, 2.69424510002, 6.8887257576, 9.80246067047, -10.4418096542, 14.1340150833, 9.47124195099, -1.04994142056], [-11.0516080856, -22.6420631409, 87.3976287842, -24.7507896423, 4.81642770767, 153.564056396, 25.1076583862, 12.0218629837, -17.398525238, -2.7275223732, 27.4657402039, -19.304599762, 0.876061499119], [-43.9596252441, 47.7279129028, -24.0750637054, -25.8175144196, 2.69424510002, 25.1076583862, 112.238891602, 12.6255264282, -10.7164697647, 17.5005989075, 16.7602882385, 0.588083863258, -2.50308060646], [46.7206878662, 9.15663719177, -28.2825546265, 9.03790283203, 6.8887257576, 12.0218629837, 12.6255264282, 82.8452453613, 18.6889266968, 0.947158753872, 1.12092530727, 8.77342891693, 6.19566822052], [81.487953186, -44.847743988, -25.7524986267, 47.9482154846, 9.80246067047, -17.398525238, -10.7164697647, 18.6889266968, 86.8012084961, 13.1837902069, -11.1355381012, 13.055103302, 13.4877748489], [56.669303894, 20.5733146667, -53.0284309387, 0.398051559925, -10.4418096542, -2.7275223732, 17.5005989075, 0.947158753872, 13.1837902069, 95.2635955811, -7.35284328461, -7.89783859253, 4.27137422562], [-54.5350608826, 22.1365318298, 37.0772399902, -24.4904651642, 14.1340150833, 27.4657402039, 16.7602882385, 1.12092530727, -11.1355381012, -7.35284328461, 80.4182052612, 9.87939453125, -1.97729837894], [7.22288179398, -12.5677404404, -8.0445318222, 27.2740821838, 9.47124195099, -19.304599762, 0.588083863258, 8.77342891693, 13.055103302, -7.89783859253, 9.87939453125, 74.4866714478, 15.7379207611], [65.8230743408, -29.1174621582, 1.70811498165, 11.3330478668, -1.04994142056, 0.876061499119, -2.50308060646, 6.19566822052, 13.4877748489, 4.27137422562, -1.97729837894, 15.7379207611, 61.4232788086]],
