{
"lowlevel": {
    "average_loudness": 0.961006581783,
    "barkbands_crest": {
        "dmean": 1.78823971748,
        "dmean2": 2.94781541824,
        "dvar": 2.9005959034,
        "dvar2": 7.76293706894,
        "max": 17.7255058289,
        "mean": 6.30774974823,
        "median": 5.86310148239,
        "min": 2.02595663071,
        "var": 5.7688498497
    },
    "barkbands_flatness_db": {
        "dmean": 0.0128146437928,
        "dmean2": 0.0201651807874,
        "dvar": 0.000123338977573,
        "dvar2": 0.000274880148936,
        "max": 0.286429703236,
        "mean": 0.124967545271,
        "median": 0.119651891291,
        "min": 0.0702255442739,
        "var": 0.000591400486883
    },
    "barkbands_kurtosis": {
        "dmean": 0.609432041645,
        "dmean2": 0.915613532066,
        "dvar": 2.04445004463,
        "dvar2": 3.97515034676,
        "max": 34.2812004089,
        "mean": -0.719263374805,
        "median": -1.33270406723,
        "min": -1.92584967613,
        "var": 5.46449899673
    },
    "barkbands_skewness": {
        "dmean": 0.344321548939,
        "dmean2": 0.519322693348,
        "dvar": 0.111282818019,
        "dvar2": 0.24465739727,
        "max": 4.98035430908,
        "mean": 0.462067842484,
        "median": 0.341131776571,
        "min": -1.35381007195,
        "var": 0.51699501276
    },
    "barkbands_spread": {
        "dmean": 5.3855638504,
        "dmean2": 8.10399627686,
        "dvar": 30.4859695435,
        "dvar2": 63.6778755188,
        "max": 97.4649810791,
        "mean": 45.8305435181,
        "median": 47.2330284119,
        "min": 3.6625058651,
        "var": 117.873222351
    },
    "dissonance": {
        "dmean": 0.00695804459974,
        "dmean2": 0.011801068671,
        "dvar": 5.75412450416e-05,
        "dvar2": 0.000155351153808,
        "max": 0.5,
        "mean": 0.48904505372,
        "median": 0.491163551807,
        "min": 0.382830798626,
        "var": 8.50613505463e-05
    },
    "dynamic_complexity": 1.95458865166,
    "erbbands_crest": {
        "dmean": 1.48087143898,
        "dmean2": 2.45433735847,
        "dvar": 2.24568724632,
        "dvar2": 5.62995243073,
        "max": 21.2462062836,
        "mean": 6.06600761414,
        "median": 5.41911935806,
        "min": 2.90598392487,
        "var": 5.58026361465
    },
    "erbbands_flatness_db": {
        "dmean": 0.00845743343234,
        "dmean2": 0.0130821699277,
        "dvar": 5.67996903555e-05,
        "dvar2": 0.000134824207635,
        "max": 0.227132022381,
        "mean": 0.175487309694,
        "median": 0.176151320338,
        "min": 0.109198503196,
        "var": 0.000201639253646
    },
    "erbbands_kurtosis": {
        "dmean": 0.673308968544,
        "dmean2": 1.06710481644,
        "dvar": 0.441549122334,
        "dvar2": 1.02130317688,
        "max": 9.04234600067,
        "mean": 0.2302839607,
        "median": 0.0603287220001,
        "min": -1.72420096397,
        "var": 1.45192480087
    },
    "erbbands_skewness": {
        "dmean": 0.266288787127,
        "dmean2": 0.406065255404,
        "dvar": 0.0611110888422,
        "dvar2": 0.131458371878,
        "max": 2.79272174835,
        "mean": -0.816101253033,
        "median": -0.889705955982,
        "min": -2.40215563774,
        "var": 0.305008471012
    },
    "erbbands_spread": {
        "dmean": 6.97875404358,
        "dmean2": 11.0607938766,
        "dvar": 44.6174125671,
        "dvar2": 98.4694137573,
        "max": 137.21534729,
        "mean": 44.7399406433,
        "median": 42.7391700745,
        "min": 15.7414674759,
        "var": 156.461669922
    },
    "hfc": {
        "dmean": 8.11743164062,
        "dmean2": 10.5760211945,
        "dvar": 88.3067855835,
        "dvar2": 147.072128296,
        "max": 107.052192688,
        "mean": 32.8148002625,
        "median": 27.511631012,
        "min": 0.00106165464967,
        "var": 470.715820312
    },
    "melbands_crest": {
        "dmean": 2.591578722,
        "dmean2": 4.28452253342,
        "dvar": 4.79958438873,
        "dvar2": 13.5180664062,
        "max": 23.2009773254,
        "mean": 11.2874546051,
        "median": 11.0057897568,
        "min": 3.52994608879,
        "var": 10.8344488144
    },
    "melbands_flatness_db": {
        "dmean": 0.018173828721,
        "dmean2": 0.0268963649869,
        "dvar": 0.000293959019473,
        "dvar2": 0.000608708243817,
        "max": 0.329016506672,
        "mean": 0.113750688732,
        "median": 0.10713698715,
        "min": 0.0408941283822,
        "var": 0.00167912826873
    },
    "melbands_kurtosis": {
        "dmean": 2.69978523254,
        "dmean2": 4.16903352737,
        "dvar": 18.4040679932,
        "dvar2": 39.0198135376,
        "max": 73.0428543091,
        "mean": 4.49250173569,
        "median": 2.45963096619,
        "min": -1.51907634735,
        "var": 49.4641876221
    },
    "melbands_skewness": {
        "dmean": 0.480338275433,
        "dmean2": 0.747091054916,
        "dvar": 0.223149046302,
        "dvar2": 0.514289796352,
        "max": 7.47130823135,
        "mean": 2.00819182396,
        "median": 1.86370062828,
        "min": -0.0362158343196,
        "var": 0.882331669331
    },
    "melbands_spread": {
        "dmean": 12.2254934311,
        "dmean2": 18.6446590424,
        "dvar": 121.076263428,
        "dvar2": 277.295898438,
        "max": 174.160186768,
        "mean": 58.4631729126,
        "median": 57.6699028015,
        "min": 2.86971306801,
        "var": 585.558532715
    },
    "pitch_salience": {
        "dmean": 0.0501318536699,
        "dmean2": 0.0817611292005,
        "dvar": 0.00165806605946,
        "dvar2": 0.00445928936824,
        "max": 0.827120602131,
        "mean": 0.647038400173,
        "median": 0.652759611607,
        "min": 0.363430440426,
        "var": 0.00523524079472
    },
    "silence_rate_20dB": {
        "dmean": 0,
        "dmean2": 0,
        "dvar": 0,
        "dvar2": 0,
        "max": 1,
        "mean": 1,
        "median": 1,
        "min": 1,
        "var": 0
    },
    "silence_rate_30dB": {
        "dmean": 0,
        "dmean2": 0,
        "dvar": 0,
        "dvar2": 0,
        "max": 1,
        "mean": 1,
        "median": 1,
        "min": 1,
        "var": 0
    },
    "silence_rate_60dB": {
        "dmean": 0.002323779976,
        "dmean2": 0.00464936066419,
        "dvar": 0.00231843977235,
        "dvar2": 0.00540252635255,
        "max": 1,
        "mean": 0.013550135307,
        "median": 0,
        "min": 0,
        "var": 0.0133669003844
    },
    "spectral_centroid": {
        "dmean": 243.888946533,
        "dmean2": 367.607330322,
        "dvar": 55647.1015625,
        "dvar2": 111062.585938,
        "max": 4008.55151367,
        "mean": 2638.1628418,
        "median": 2740.77539062,
        "min": 384.258026123,
        "var": 320269.8125
    },
    "spectral_complexity": {
        "dmean": 5.08907842636,
        "dmean2": 7.1266951561,
        "dvar": 25.0585460663,
        "dvar2": 39.3991622925,
        "max": 62,
        "mean": 34.3596611023,
        "median": 38,
        "min": 0,
        "var": 178.213027954
    },
    "spectral_decrease": {
        "dmean": 1.01339792113e-09,
        "dmean2": 1.55803581148e-09,
        "dvar": 1.59138331218e-18,
        "dvar2": 3.86319071379e-18,
        "max": -1.15044773838e-13,
        "mean": -3.98053456863e-09,
        "median": -3.5367984097e-09,
        "min": -1.33410820169e-08,
        "var": 3.77027516995e-18
    },
    "spectral_energy": {
        "dmean": 0.00436977948993,
        "dmean2": 0.00653550075367,
        "dvar": 2.81149768853e-05,
        "dvar2": 6.50137517368e-05,
        "max": 0.0560104064643,
        "mean": 0.0179998707026,
        "median": 0.015966495499,
        "min": 5.30497402451e-07,
        "var": 7.97273387434e-05
    },
    "spectral_energyband_high": {
        "dmean": 0.00102698488627,
        "dmean2": 0.00134656752925,
        "dvar": 1.60784406944e-06,
        "dvar2": 2.82567998511e-06,
        "max": 0.0174937453121,
        "mean": 0.00317218853161,
        "median": 0.00237377849407,
        "min": 1.25390045014e-07,
        "var": 7.19006357031e-06
    },
    "spectral_energyband_low": {
        "dmean": 0.00174549361691,
        "dmean2": 0.00290450942703,
        "dvar": 1.172481916e-05,
        "dvar2": 3.13867167279e-05,
        "max": 0.0325571112335,
        "mean": 0.00350627792068,
        "median": 0.00280915223993,
        "min": 8.50202113156e-08,
        "var": 1.15708198791e-05
    },
    "spectral_energyband_middle_high": {
        "dmean": 0.00142779306043,
        "dmean2": 0.00205982313491,
        "dvar": 2.83915915134e-06,
        "dvar2": 5.90798708799e-06,
        "max": 0.0286098532379,
        "mean": 0.00573110952973,
        "median": 0.00468022469431,
        "min": 1.64758461096e-07,
        "var": 1.77214751602e-05
    },
    "spectral_energyband_middle_low": {
        "dmean": 0.00223952857777,
        "dmean2": 0.0036543875467,
        "dvar": 6.2905573941e-06,
        "dvar2": 1.68624846992e-05,
        "max": 0.032556604594,
        "mean": 0.00620067026466,
        "median": 0.00531541742384,
        "min": 1.68269778555e-07,
        "var": 1.27979892568e-05
    },
    "spectral_entropy": {
        "dmean": 0.0696754083037,
        "dmean2": 0.101355679333,
        "dvar": 0.00621004262939,
        "dvar2": 0.010838104412,
        "max": 8.4327545166,
        "mean": 7.9574007988,
        "median": 7.98685836792,
        "min": 6.83748245239,
        "var": 0.0313991680741
    },
    "spectral_flux": {
        "dmean": 0.0136364139616,
        "dmean2": 0.0199207272381,
        "dvar": 0.000210917976801,
        "dvar2": 0.000399547774578,
        "max": 0.172277837992,
        "mean": 0.0749239102006,
        "median": 0.0712399408221,
        "min": 0.000728352519218,
        "var": 0.000767916149925
    },
    "spectral_kurtosis": {
        "dmean": 0.871780872345,
        "dmean2": 1.53768110275,
        "dvar": 0.607432842255,
        "dvar2": 1.75020980835,
        "max": 8.80190181732,
        "mean": 1.20313775539,
        "median": 1.03495597839,
        "min": -1.31305968761,
        "var": 0.890705704689
    },
    "spectral_rms": {
        "dmean": 0.000480150076328,
        "dmean2": 0.000705115264282,
        "dvar": 2.69368626959e-07,
        "dvar2": 5.83399753395e-07,
        "max": 0.00739217828959,
        "mean": 0.00405651703477,
        "median": 0.0039467792958,
        "min": 2.27499112953e-05,
        "var": 1.10554401545e-06
    },
    "spectral_rolloff": {
        "dmean": 536.413452148,
        "dmean2": 819.296508789,
        "dvar": 415574,
        "dvar2": 840174.25,
        "max": 8656.34765625,
        "mean": 3811.19970703,
        "median": 3919.04296875,
        "min": 236.865234375,
        "var": 1546109.5
    },
    "spectral_skewness": {
        "dmean": 0.137278616428,
        "dmean2": 0.231239393353,
        "dvar": 0.0155854821205,
        "dvar2": 0.0401872210205,
        "max": 2.12034249306,
        "mean": 0.483097732067,
        "median": 0.446042746305,
        "min": -0.0177045539021,
        "var": 0.0503933168948
    },
    "spectral_spread": {
        "dmean": 261403.21875,
        "dmean2": 404955.71875,
        "dvar": 115699712000,
        "dvar2": 215233167360,
        "max": 10410817,
        "mean": 3784450,
        "median": 3703070.25,
        "min": 2767752.5,
        "var": 359799226368
    },
    "spectral_strongpeak": {
        "dmean": 0.468231230974,
        "dmean2": 0.822903454304,
        "dvar": 1.1519548893,
        "dvar2": 2.83401155472,
        "max": 20.6191635132,
        "mean": 0.683592259884,
        "median": 0.287055641413,
        "min": 0.000374336232198,
        "var": 1.56230711937
    },
    "zerocrossingrate": {
        "dmean": 0.0111941592768,
        "dmean2": 0.0124134300277,
        "dvar": 9.74742069957e-05,
        "dvar2": 0.000113129237434,
        "max": 0.24755859375,
        "mean": 0.110272921622,
        "median": 0.11083984375,
        "min": 0.01708984375,
        "var": 0.000984321115538
    },
    "barkbands": {
        "dmean": [4.70916384074e-05, 0.000849398202263, 0.000866731221322, 0.000762059469707, 0.00144926062785, 0.000519949651789, 0.000439827417722, 0.000223300448852, 0.000216914137127, 0.000325854140101, 0.000266599177849, 0.000176689572982, 0.000192740160855, 0.00017729436513, 0.000204358031624, 0.00020053301705, 0.000284220761387, 0.000316584424581, 0.00041373228305, 0.000392571935663, 0.000528339238372, 0.000305335677695, 0.000183237832971, 8.46364346216e-05, 1.24702646644e-05, 9.65336166558e-09, 9.56608237068e-10],
        "dmean2": [6.84762489982e-05, 0.00149210868403, 0.0014021381503, 0.00129256013315, 0.00242774304934, 0.000863022985868, 0.000725126999896, 0.000370861933334, 0.000354924821295, 0.000516989501193, 0.000414533889852, 0.000274135352811, 0.000302428321447, 0.000281812361209, 0.000313442113111, 0.000323644111631, 0.000461469317088, 0.000518448941875, 0.000659954093862, 0.000605524983257, 0.000796279520728, 0.000429750594776, 0.000263432331849, 0.000118027055578, 1.81491304829e-05, 1.48976750936e-08, 1.77992798278e-09],
        "dvar": [1.66962266235e-08, 6.97906898495e-06, 1.47588662003e-06, 8.76508465808e-07, 3.88313628719e-06, 5.30183285719e-07, 3.69808645928e-07, 1.6316320739e-07, 1.14383894356e-07, 1.0731492921e-06, 5.98494750648e-07, 1.17746004946e-07, 1.40519290426e-07, 1.64675114434e-07, 1.47580337284e-07, 8.68770158036e-08, 1.37270433243e-07, 1.24906250676e-07, 2.24439006047e-07, 2.13073533928e-07, 5.85676048104e-07, 1.54069681457e-07, 6.74321114502e-08, 2.9450163197e-08, 8.01277488804e-10, 4.32237471913e-16, 3.04110491343e-18],
        "dvar2": [2.90284258853e-08, 1.92790339497e-05, 4.04661295761e-06, 2.49304821409e-06, 1.04037935671e-05, 1.4034050082e-06, 9.65583353718e-07, 4.50582859912e-07, 3.12985804385e-07, 2.49235858973e-06, 1.34437254928e-06, 2.31967987929e-07, 3.18672107369e-07, 4.2345948259e-07, 3.30991753117e-07, 2.02211808187e-07, 3.39840624974e-07, 3.19489174672e-07, 5.51373886992e-07, 4.96060465593e-07, 1.32473178382e-06, 3.04979181465e-07, 1.38545232176e-07, 6.90662531611e-08, 2.12121720189e-09, 1.12371371838e-15, 8.86443967539e-18],
        "max": [0.00117054360453, 0.0239192228764, 0.0132725667208, 0.0106318118051, 0.0213096830994, 0.00949224922806, 0.00928234122694, 0.00844090711325, 0.00661319354549, 0.02097058855, 0.0154742710292, 0.00884886179119, 0.00690025091171, 0.0101129487157, 0.00618215417489, 0.00533451419324, 0.00565613945946, 0.00640711281449, 0.0077765006572, 0.00545657472685, 0.0137176634744, 0.00421980768442, 0.00446191290393, 0.0038793052081, 0.000591716729105, 4.19544107899e-07, 3.11351300297e-08],
        "mean": [5.27883421455e-05, 0.000822209578473, 0.00210390705615, 0.00140735763125, 0.00236160028726, 0.000881271320395, 0.000731469830498, 0.000333641335601, 0.000402254285291, 0.000549480726477, 0.000445929093985, 0.000330666924128, 0.000394524686271, 0.000321484287269, 0.000360859034117, 0.000383867853088, 0.000613031093962, 0.000732720305678, 0.00107957643922, 0.00100188236684, 0.00128394574858, 0.000712915498298, 0.000472923507914, 0.000195164000615, 2.43856320594e-05, 1.63899755989e-08, 7.55039031297e-10],
        "median": [5.44134354641e-06, 0.000276096252492, 0.00192490767222, 0.000978719093837, 0.00165456929244, 0.000601764593739, 0.000524914707057, 0.000217827415327, 0.000251826044405, 0.000169947277755, 0.000167483100086, 0.000179943657713, 0.00017516691878, 0.000140142277814, 0.0001616152731, 0.000268711941317, 0.00047641157289, 0.000619073398411, 0.000970360648353, 0.000869928393513, 0.00089235487394, 0.000461872754386, 0.000321344850818, 0.000128964849864, 1.03800130091e-05, 6.20283380215e-09, 3.09291092737e-10],
        "min": [6.31165009146e-10, 1.8092272569e-08, 5.40498810153e-08, 2.71207873936e-08, 3.58874636674e-08, 1.03069375257e-08, 1.58300608177e-08, 4.00831261516e-08, 3.84505014495e-08, 3.58106344578e-09, 3.21526911762e-08, 3.77243658534e-09, 3.43931283453e-08, 5.64127233815e-09, 6.54186038673e-09, 2.97921620707e-09, 1.41145442001e-08, 1.38940894345e-08, 2.73711933119e-08, 4.08358928894e-08, 2.03933918641e-08, 2.41135538204e-08, 1.47279113349e-08, 7.48076889323e-09, 1.53093859812e-09, 2.43643343348e-12, 2.60098344772e-12],
        "var": [2.49455371915e-08, 5.15682495461e-06, 2.31291664932e-06, 1.71344572664e-06, 5.25670066054e-06, 9.07184983134e-07, 5.59783529752e-07, 1.65795711382e-07, 2.48120045399e-07, 2.24092150347e-06, 1.29940031002e-06, 3.1190052141e-07, 4.63745550405e-07, 4.75503895814e-07, 3.2318121157e-07, 1.77660595568e-07, 3.22504661199e-07, 3.0849608379e-07, 6.22078346169e-07, 5.82689665407e-07, 1.67154360042e-06, 4.68515963803e-07, 2.47451481528e-07, 6.03405325705e-08, 1.72485126182e-09, 8.2502523134e-16, 2.20336968305e-18]
    },
    "erbbands": {
        "dmean": [0.022760020569, 0.202733069658, 0.833258867264, 1.66658258438, 4.69568967819, 5.44167947769, 2.39846801758, 5.59228181839, 5.34440135956, 6.40594434738, 4.40083026886, 5.03464889526, 7.37270402908, 10.2522850037, 8.61625671387, 6.73047161102, 7.95031881332, 6.74509811401, 9.6110124588, 11.1075630188, 11.0959253311, 15.0300121307, 14.8635234833, 20.3370170593, 21.3493671417, 17.8299865723, 23.2044219971, 18.1772270203, 11.1635503769, 7.4685087204, 5.056828022, 2.57541561127, 0.993992745876, 0.258758723736, 0.0154617037624, 0.000724426936358, 5.29545432073e-05, 1.09022739707e-05, 5.32822969035e-06, 6.53085180602e-06],
        "dmean2": [0.0392698571086, 0.360272735357, 1.36950385571, 2.88047838211, 8.2205286026, 8.834400177, 3.94384932518, 9.32186603546, 8.92930030823, 10.5891151428, 7.20210361481, 8.25615215302, 11.7741060257, 16.3493423462, 13.280880928, 10.430770874, 12.3456878662, 10.6591176987, 14.6854162216, 17.5081100464, 17.6898059845, 24.1890201569, 24.3587932587, 33.257144928, 33.5510673523, 27.3190841675, 35.7865982056, 27.1361865997, 15.6879205704, 10.4367132187, 7.45521116257, 3.62121868134, 1.36096346378, 0.354998260736, 0.0211414713413, 0.000968150969129, 6.60059886286e-05, 1.33898065542e-05, 6.86957173457e-06, 9.16012686503e-06],
        "dvar": [0.00503678899258, 0.374553561211, 1.58239758015, 4.85849237442, 37.6700401306, 59.4573783875, 7.50831460953, 66.4765548706, 61.7990951538, 104.425674438, 59.3100624084, 70.1181182861, 373.815704346, 846.330566406, 420.709960938, 120.934059143, 236.64402771, 109.61151886, 410.871612549, 541.492858887, 194.310501099, 376.28036499, 334.673980713, 504.637786865, 588.290588379, 437.304656982, 1618.7277832, 537.607971191, 228.743927002, 111.678237915, 54.0908164978, 23.4986362457, 5.01590967178, 0.296221733093, 0.000849148200359, 1.77206902663e-06, 7.90863019517e-09, 2.63703225922e-10, 4.30596044931e-11, 5.8018648913e-11],
        "dvar2": [0.0134175242856, 1.04500901699, 4.33779764175, 13.4915761948, 111.478897095, 152.08404541, 19.6091194153, 176.30696106, 157.484786987, 279.368713379, 162.845657349, 194.286422729, 888.20526123, 1930.87402344, 964.209899902, 245.921051025, 536.28314209, 254.599716187, 1017.60479736, 1253.59973145, 427.289031982, 946.078674316, 830.552124023, 1302.80114746, 1405.62341309, 1006.60656738, 3881.43164062, 1146.24938965, 455.610717773, 236.04901123, 115.825721741, 53.2556648254, 12.5240106583, 0.742877483368, 0.00185753568076, 3.84484656024e-06, 1.72650480579e-08, 5.40968825291e-10, 8.09115760503e-11, 1.19662349474e-10],
        "max": [0.608401954174, 5.9217133522, 13.6690912247, 21.2258758545, 62.3248023987, 106.279388428, 42.1299934387, 116.632781982, 113.314308167, 147.09967041, 211.067504883, 141.364074707, 361.796508789, 603.328125, 406.224060059, 236.097518921, 319.343780518, 165.058059692, 411.11517334, 287.774810791, 333.590362549, 353.752990723, 291.783569336, 289.248840332, 410.087524414, 245.40385437, 805.920166016, 279.805023193, 162.250823975, 159.820098877, 108.802238464, 92.8629989624, 57.8781280518, 11.653429985, 0.930156886578, 0.0412652380764, 0.00209835777059, 0.000301294756355, 8.8346459961e-05, 8.36556573631e-05],
        "mean": [0.0232239402831, 0.219943150878, 1.88357675076, 3.70666837692, 7.40833616257, 8.57519626617, 4.50352334976, 8.93278217316, 8.94610881805, 10.391166687, 7.57434511185, 9.61710643768, 13.5856714249, 18.8843688965, 15.5217123032, 13.7510404587, 17.1188259125, 14.1483592987, 19.8423519135, 20.5616207123, 24.7174243927, 34.5465316772, 35.9924659729, 51.2819290161, 56.0246276855, 46.8123550415, 52.8531265259, 45.65574646, 26.348739624, 17.7767295837, 12.9878015518, 6.25201797485, 2.22075033188, 0.559145689011, 0.0329416245222, 0.0016571644228, 0.000147985643707, 3.41849445249e-05, 2.1166049919e-05, 2.77119979728e-05],
        "median": [0.00704342499375, 0.103505373001, 1.66834580898, 3.08301877975, 5.59002923965, 5.59172677994, 3.33858346939, 5.69164657593, 6.2059879303, 7.24380350113, 5.37196350098, 6.10858392715, 6.14609146118, 6.79189968109, 7.31550121307, 8.18210697174, 8.11595916748, 8.75249099731, 8.12346363068, 10.6341123581, 18.9899940491, 27.4160270691, 30.2304115295, 45.4488563538, 49.3846321106, 41.0420417786, 34.8952713013, 35.0382423401, 17.5269088745, 10.9610776901, 9.21095752716, 4.41155052185, 1.35065829754, 0.260130941868, 0.0147671829909, 0.000843646004796, 9.57070660661e-05, 2.47255120485e-05, 1.74813958438e-05, 2.4214394216e-05],
        "min": [2.2914299791e-07, 5.83930977882e-06, 5.00981004734e-05, 8.42326917336e-05, 0.000167253689142, 5.99241866439e-05, 4.05851569667e-05, 0.000107839216071, 0.000133506138809, 0.000520616362337, 0.000867690891027, 0.000997203984298, 0.00032360322075, 0.00032065238338, 0.00165151886176, 0.000332487543346, 0.00120222638361, 0.000659396755509, 0.000230571895372, 0.000230835546972, 0.000316781311994, 0.000773279403802, 0.000617007550318, 0.00120579311624, 0.00120171380695, 0.00183292420115, 0.00186511257198, 0.000651131384075, 0.000789391051512, 0.000506059499457, 0.000489104015287, 0.000195044645807, 8.80266743479e-05, 4.02566947741e-05, 1.06649065401e-06, 6.00556333552e-08, 9.9590335978e-09, 3.08983749697e-09, 1.03385011663e-09, 8.84734452367e-10],
        "var": [0.00422176811844, 0.259562045336, 2.05620718002, 6.91268157959, 45.0571327209, 87.5533065796, 16.1681480408, 105.228538513, 90.4952087402, 128.491439819, 65.8843917847, 147.407180786, 916.583312988, 2018.65209961, 869.511535645, 371.005157471, 833.43536377, 311.533355713, 1333.63391113, 945.538208008, 546.182617188, 973.74206543, 790.136169434, 1259.22839355, 1705.6027832, 1240.63464355, 3927.28076172, 1501.95703125, 639.923217773, 372.92489624, 178.073074341, 52.2164459229, 9.30815410614, 0.781323671341, 0.00275661307387, 5.99777013122e-06, 2.87461485726e-08, 1.06080533246e-09, 1.99294220016e-10, 2.25383364749e-10]
    },
    "gfcc": {
        "mean": [4.00746917725, 97.8859176636, -164.77192688, 87.5638809204, -84.6036071777, 8.65029716492, -30.3709220886, -11.5439596176, -11.8124198914, -24.1178131104, -0.724479675293, -20.601272583, -2.93043732643],
        "cov": [[2187.10131836, -763.969482422, -59.3075332642, 35.5779724121, -162.424072266, 296.316040039, -127.959960938, 127.811096191, -130.815811157, 116.19883728, -48.3144340515, 32.2557868958, 34.3387832642], [-763.969482422, 596.22064209, -34.5079650879, -14.8507184982, 148.294387817, -185.888061523, 137.228866577, -106.652267456, 95.650970459, -73.6841812134, 44.3084945679, -10.2282323837, -2.55226707458], [-59.3075332642, -34.5079650879, 217.269805908, 34.9422988892, -33.0404586792, 26.1689605713, -78.2887115479, 35.8259468079, -11.7396869659, 14.1089468002, 0.208201795816, -6.07836532593, 8.58212089539], [35.5779724121, -14.8507184982, 34.9422988892, 101.437530518, 24.4589042664, -26.915687561, 12.5808315277, 6.26546621323, 19.8015155792, 9.18997478485, -1.60686326027, 10.4119501114, 0.388754546642], [-162.424072266, 148.294387817, -33.0404586792, 24.4589042664, 103.820487976, -13.3359508514, 50.6588478088, -23.5114116669, 32.1587753296, -21.3368625641, 15.4916610718, -2.29265213013, -0.198051616549], [296.316040039, -185.888061523, 26.1689605713, -26.915687561, -13.3359508514, 159.849899292, -23.5695552826, 47.2550697327, -42.3929100037, 21.0343112946, -3.57314348221, -2.32212162018, 5.00674962997], [-127.959960938, 137.228866577, -78.2887115479, 12.5808315277, 50.6588478088, -23.5695552826, 132.818222046, -7.0871219635, 27.6531391144, -19.8651943207, 8.09042453766, 9.63590621948, -3.0737528801], [127.811096191, -106.652267456, 35.8259468079, 6.26546621323, -23.5114116669, 47.2550697327, -7.0871219635, 86.0281906128, 5.41912651062, 17.0941581726, -5.48140668869, 5.6698718071, 10.3130016327], [-130.815811157, 95.650970459, -11.7396869659, 19.8015155792, 32.1587753296, -42.3929100037, 27.6531391144, 5.41912651062, 70.6476364136, 2.58622479439, 10.4826431274, 1.67586791515, -1.9841902256], [116.19883728, -73.6841812134, 14.1089468002, 9.18997478485, -21.3368625641, 21.0343112946, -19.8651943207, 17.0941581726, 2.58622479439, 60.5964431763, 8.11419582367, 3.52503848076, 1.94835567474], [-48.3144340515, 44.3084945679, 0.208201795816, -1.60686326027, 15.4916610718, -3.57314348221, 8.09042453766, -5.48140668869, 10.4826431274, 8.11419582367, 45.0017356873, 12.2097940445, -6.20643568039], [32.2557868958, -10.2282323837, -6.07836532593, 10.4119501114, -2.29265213013, -2.32212162018, 9.63590621948, 5.6698718071, 1.67586791515, 3.52503848076, 12.2097940445, 33.9756240845, 14.8661031723], [34.3387832642, -2.55226707458, 8.58212089539, 0.388754546642, -0.198051616549, 5.00674962997, -3.0737528801, 10.3130016327, -1.9841902256, 1.94835567474, -6.20643568039, 14.8661031723, 35.9902191162]],
        "icov": [[0.00106553116348, -0.000448115490144, 0.00189177074935, -0.00241126306355, 0.00200181640685, -0.00237029674463, 0.0013663287973, -0.000629173649941, 0.000730056955945, -0.000532444915734, 0.000150261097588, -0.000108870895929, -0.000695782480761], [-0.000448115490144, 0.0270365513861, -0.0185073446482, 0.0261982921511, -0.0264499653131, 0.0256957374513, -0.0233057774603, 0.016321728006, -0.011597821489, 0.00536256702617, -0.0111957686022, 0.00986875779927, -0.0108493156731], [0.00189177074935, -0.0185073446482, 0.0227413102984, -0.0254208724946, 0.0226194262505, -0.0213485583663, 0.0214631427079, -0.0138039281592, 0.00870053563267, -0.00207045604475, 0.0033908081241, -0.00176119594835, 0.00252125412226], [-0.00241126306355, 0.0261982921511, -0.0254208724946, 0.045292571187, -0.0360164567828, 0.0325915850699, -0.025770207867, 0.0143562555313, -0.0115680266172, -1.00992303942e-06, -0.00250292476267, -0.00125469162595, -0.00186687463429], [0.00200181640685, -0.0264499653131, 0.0226194262505, -0.0360164567828, 0.0490940921009, -0.0336374975741, 0.0202709138393, -0.00971506629139, 0.0034126767423, 0.00218820781447, 0.000947433058172, 0.00118893827312, 0.00041627601604], [-0.00237029674463, 0.0256957374513, -0.0213485583663, 0.0325915850699, -0.0336374975741, 0.0398586727679, -0.023498525843, 0.00851105712354, -0.00314767938107, 0.00113083585165, -0.00911762844771, 0.00802506413311, -0.00647521950305], [0.0013663287973, -0.0233057774603, 0.0214631427079, -0.025770207867, 0.0202709138393, -0.023498525843, 0.033511955291, -0.0167461205274, 0.00897035747766, -0.00233859545551, 0.00937819574028, -0.0115877930075, 0.0102700209245], [-0.000629173649941, 0.016321728006, -0.0138039281592, 0.0143562555313, -0.00971506629139, 0.00851105712354, -0.0167461205274, 0.0296742711216, -0.0155136864632, 0.0032626981847, -0.00536661781371, 0.00527712469921, -0.010413649492], [0.000730056955945, -0.011597821489, 0.00870053563267, -0.0115680266172, 0.0034126767423, -0.00314767938107, 0.00897035747766, -0.0155136864632, 0.0302332043648, -0.00785348378122, 0.00301752239466, -0.00352662778459, 0.0062684812583], [-0.000532444915734, 0.00536256702617, -0.00207045604475, -1.00992303942e-06, 0.00218820781447, 0.00113083585165, -0.00233859545551, 0.0032626981847, -0.00785348378122, 0.0248439274728, -0.0110028674826, 0.00661670183763, -0.00630632927641], [0.000150261097588, -0.0111957686022, 0.0033908081241, -0.00250292476267, 0.000947433058172, -0.00911762844771, 0.00937819574028, -0.00536661781371, 0.00301752239466, -0.0110028674826, 0.0416650250554, -0.0277675893158, 0.0213102288544], [-0.000108870895929, 0.00986875779927, -0.00176119594835, -0.00125469162595, 0.00118893827312, 0.00802506413311, -0.0115877930075, 0.00527712469921, -0.00352662778459, 0.00661670183763, -0.0277675893158, 0.0591424293816, -0.0321448631585], [-0.000695782480761, -0.0108493156731, 0.00252125412226, -0.00186687463429, 0.00041627601604, -0.00647521950305, 0.0102700209245, -0.010413649492, 0.0062684812583, -0.00630632927641, 0.0213102288544, -0.0321448631585, 0.0495026148856]]
    },
    "melbands": {
        "dmean": [0.000218572269659, 0.000366251188098, 0.000351683673216, 0.000375256291591, 0.000102564532426, 0.000115505892609, 8.37952684378e-05, 6.43807579763e-05, 3.50373229594e-05, 3.32419404003e-05, 4.02840269089e-05, 4.50269471912e-05, 3.40535552823e-05, 1.97246354219e-05, 1.87995283341e-05, 1.87299465324e-05, 1.30115577122e-05, 1.72211493918e-05, 1.6613612388e-05, 1.45529966176e-05, 1.49506822709e-05, 1.81873747351e-05, 1.37994693432e-05, 1.56234564201e-05, 1.84724885912e-05, 1.72550280695e-05, 1.70003513631e-05, 1.23859726955e-05, 1.45952444655e-05, 1.52633729158e-05, 1.0015947737e-05, 7.14025600246e-06, 5.62660170544e-06, 4.05632408729e-06, 3.35494860337e-06, 2.49989034273e-06, 1.39990504522e-06, 8.41676296659e-07, 4.19196254597e-07, 1.56371200433e-07],
        "dmean2": [0.000380330951884, 0.000608252128586, 0.000603879627306, 0.000629664747976, 0.000166502242791, 0.000191846324014, 0.000138565912494, 0.00010658215615, 5.71937562199e-05, 5.40992805327e-05, 6.3859988586e-05, 7.1902788477e-05, 5.22596928931e-05, 3.04449768009e-05, 2.94760120596e-05, 2.92118274956e-05, 2.07928314921e-05, 2.65536782535e-05, 2.58057807514e-05, 2.36254636548e-05, 2.41178549913e-05, 2.94621677313e-05, 2.23831812036e-05, 2.56382136286e-05, 3.04394125124e-05, 2.74744616036e-05, 2.76204518741e-05, 1.93406631297e-05, 2.28307198995e-05, 2.39823875745e-05, 1.50553933054e-05, 1.04105665741e-05, 8.12132293504e-06, 5.84281860938e-06, 5.15676310897e-06, 3.70581551579e-06, 1.98898237613e-06, 1.19790388453e-06, 5.92034666624e-07, 2.26733931186e-07],
        "dvar": [4.77074081573e-07, 4.34438618413e-07, 1.77709054583e-07, 2.66681524863e-07, 1.56272825791e-08, 2.74863030114e-08, 1.40343807686e-08, 1.08849063096e-08, 3.44061912294e-09, 2.96248692244e-09, 1.24695453962e-08, 1.69792819804e-08, 9.14456155243e-09, 1.77288628223e-09, 1.42328604458e-09, 1.37144418044e-09, 4.56969101448e-10, 1.81642967334e-09, 1.0766336711e-09, 6.6543198729e-10, 4.05984634799e-10, 5.59555624058e-10, 2.98823216172e-10, 3.70990183018e-10, 4.32002017492e-10, 4.22972240566e-10, 3.85862453101e-10, 2.26293733752e-10, 6.50179521333e-10, 4.57880039439e-10, 1.5431662892e-10, 9.06341321438e-11, 5.9893166815e-11, 3.67992580852e-11, 2.28617680342e-11, 1.8842616703e-11, 7.41963608608e-12, 3.29140621008e-12, 9.50523297225e-13, 9.89027788703e-14],
        "dvar2": [1.3035109987e-06, 1.17129866339e-06, 5.19205741512e-07, 7.26016935459e-07, 3.93316774705e-08, 7.28387306026e-08, 3.59040654985e-08, 2.92869355434e-08, 9.29350729706e-09, 8.22901746744e-09, 2.94044273375e-08, 3.88512333416e-08, 2.12148911771e-08, 3.32053051721e-09, 3.34867777951e-09, 2.99217162159e-09, 1.09737896548e-09, 4.6357455652e-09, 2.40471975665e-09, 1.57079282914e-09, 8.82929174217e-10, 1.36561673081e-09, 7.69003694057e-10, 9.51292045137e-10, 1.13608322749e-09, 1.02173003391e-09, 9.80429071262e-10, 5.36505562199e-10, 1.58107071879e-09, 1.08020115075e-09, 3.32871813447e-10, 1.92457327852e-10, 1.27287139162e-10, 8.01676502959e-11, 5.28832637403e-11, 4.36439530349e-11, 1.73337212639e-11, 8.25917893105e-12, 2.42506015269e-12, 2.367716754e-13],
        "max": [0.00607522577047, 0.00677765533328, 0.00363828567788, 0.00572859821841, 0.00161326455418, 0.00224962038919, 0.00166893715505, 0.00156396196689, 0.0015147983795, 0.000892331707291, 0.00209377892315, 0.00247832550667, 0.00206377613358, 0.0012600364862, 0.00111594644841, 0.0008661292959, 0.000411063607316, 0.000950327084865, 0.000608324597124, 0.000415824120864, 0.000526062212884, 0.000485477823531, 0.000335709744832, 0.000468691112474, 0.00026813117438, 0.000436109723523, 0.00022319528216, 0.000171127088834, 0.00050549703883, 0.000312895979732, 0.000133005480166, 9.9496312032e-05, 8.42120425659e-05, 0.000112797533802, 7.11416141712e-05, 8.69222349138e-05, 5.81044223509e-05, 4.44875367975e-05, 1.9561713998e-05, 7.39315782994e-06],
        "mean": [0.000215810578084, 0.000752203864977, 0.000787017808761, 0.000611080147792, 0.000194748310605, 0.000189374899492, 0.000143594137626, 0.000104533719423, 5.93131589994e-05, 6.08745322097e-05, 7.16643771739e-05, 8.03459770395e-05, 5.68913637835e-05, 3.73668844986e-05, 3.75328600057e-05, 3.74259579985e-05, 2.4421760827e-05, 3.32904164679e-05, 2.83101180685e-05, 2.55133782048e-05, 3.0396551665e-05, 3.77359319828e-05, 2.99451676256e-05, 3.47638524545e-05, 4.22597986471e-05, 4.07270163123e-05, 3.9345028199e-05, 2.85246787826e-05, 3.08262533508e-05, 3.33894240612e-05, 2.41557681875e-05, 1.55841607921e-05, 1.1420645933e-05, 9.25116910366e-06, 8.03008424555e-06, 5.58647116122e-06, 3.07032132696e-06, 1.71838564711e-06, 8.67879180078e-07, 3.11784106088e-07],
        "median": [6.79823788232e-05, 0.000628259032965, 0.000667247164529, 0.000432772008935, 0.000146630511153, 0.000123207195429, 0.00010243403085, 7.38154121791e-05, 4.026323586e-05, 3.71236674255e-05, 2.98913601e-05, 2.68449439318e-05, 2.35377847275e-05, 2.04115876841e-05, 1.73118551174e-05, 1.78085592779e-05, 1.44959731188e-05, 1.13743353722e-05, 1.26482709675e-05, 1.56566329679e-05, 2.26424126595e-05, 2.86583672278e-05, 2.48666492553e-05, 2.84973921225e-05, 3.64615625585e-05, 3.42773637385e-05, 3.46052293025e-05, 2.38231168623e-05, 1.98799807549e-05, 2.33535483858e-05, 1.84948312381e-05, 1.03190832306e-05, 6.42839904685e-06, 5.44932663615e-06, 5.56234681426e-06, 3.92584070141e-06, 2.00463614419e-06, 9.91459273791e-07, 4.12317206155e-07, 1.29111995761e-07],
        "min": [3.44327233393e-09, 2.03163939005e-08, 1.77923560329e-08, 9.07479336121e-09, 1.31713173701e-09, 2.21708229553e-09, 2.45283193756e-09, 6.66521415837e-09, 6.4325367255e-09, 6.37688479799e-09, 1.41776912432e-09, 9.46051348372e-10, 4.68818406318e-09, 1.20852372554e-09, 2.19447848782e-10, 4.48895809413e-09, 7.06541880557e-10, 2.25398241738e-10, 6.02804417493e-10, 1.12180910394e-10, 4.46973791313e-10, 8.18586642914e-10, 6.51472209512e-10, 5.86728721164e-10, 9.95603266496e-10, 1.0977370124e-09, 4.16487261345e-10, 1.57069912632e-09, 1.53753976218e-09, 1.9916000793e-10, 4.21771478853e-10, 4.67976712937e-10, 3.67123137446e-10, 2.37571878836e-10, 3.00004188158e-10, 2.28045277106e-10, 6.57887147537e-11, 4.18911641487e-11, 8.76735142818e-11, 1.56905807791e-11],
        "var": [3.70142828388e-07, 4.4827407919e-07, 2.65543945943e-07, 3.47984268956e-07, 2.85418106927e-08, 4.43177690101e-08, 2.14760920159e-08, 1.28789734433e-08, 4.48549508647e-09, 6.18637185923e-09, 2.93333997092e-08, 3.85899454614e-08, 1.75095085098e-08, 4.69412553272e-09, 5.39359934493e-09, 4.37720260038e-09, 1.23322740908e-09, 5.72975888957e-09, 2.21573004389e-09, 1.10996245528e-09, 1.07693787221e-09, 1.39535150101e-09, 6.00071048407e-10, 8.98826957307e-10, 9.37754207619e-10, 1.09327280562e-09, 8.91318796548e-10, 5.44473410802e-10, 1.46298906323e-09, 1.08251474451e-09, 4.1474437773e-10, 2.28465121821e-10, 1.56414201036e-10, 1.218969925e-10, 7.14656597789e-11, 3.97948271558e-11, 1.49623473333e-11, 5.84403922824e-12, 1.85701801159e-12, 2.8567247309e-13]
    },
    "mfcc": {
        "mean": [-600.128601074, 77.9054794312, -8.87600803375, 50.5769577026, -13.2627754211, 10.5075874329, -7.52360296249, 7.3170542717, -10.1832609177, 0.565672397614, -9.88840961456, 1.80888557434, -8.98503875732],
        "cov": [[2300.40112305, -779.70513916, 24.166021347, -227.666320801, -3.62615799904, 45.4902801514, 85.2048568726, -29.4855308533, 49.191783905, -8.52591323853, 34.9084091187, -54.065700531, 73.5617980957], [-779.70513916, 582.559204102, -132.504974365, 150.979370117, -38.1897277832, 18.3154220581, -36.6604270935, 33.2854881287, -29.6414661407, 10.3654212952, -21.3943367004, 31.8824462891, -46.8539505005], [24.166021347, -132.504974365, 248.961288452, -53.8425292969, 71.3151626587, -42.9385528564, -0.893201053143, -35.833984375, 4.62615013123, -5.60647726059, 5.49368667603, -13.0462913513, 18.8409080505], [-227.666320801, 150.979370117, -53.8425292969, 191.684310913, -25.1315002441, 7.14344501495, -36.695098877, 15.4408044815, 3.08841967583, -5.99474430084, 1.37607443333, 37.189907074, -13.0335826874], [-3.62615799904, -38.1897277832, 71.3151626587, -25.1315002441, 102.679946899, -2.21991324425, 0.315202027559, -7.76805448532, -3.9601931572, 14.8452253342, -4.25091838837, -9.52263069153, 10.5095252991], [45.4902801514, 18.3154220581, -42.9385528564, 7.14344501495, -2.21991324425, 73.3678970337, 23.2512111664, 9.98985385895, -6.1767077446, 6.99457788467, 4.39549350739, -4.78224754333, -3.31269168854], [85.2048568726, -36.6604270935, -0.893201053143, -36.695098877, 0.315202027559, 23.2512111664, 74.5553894043, 21.5678710938, 9.67394161224, -2.88639187813, 9.9624671936, -4.17767286301, 2.37170100212], [-29.4855308533, 33.2854881287, -35.833984375, 15.4408044815, -7.76805448532, 9.98985385895, 21.5678710938, 75.6078338623, 8.56509399414, 21.871055603, -13.352104187, 6.56657409668, -5.20512723923], [49.191783905, -29.6414661407, 4.62615013123, 3.08841967583, -3.9601931572, -6.1767077446, 9.67394161224, 8.56509399414, 70.0540237427, -4.40768289566, 16.6434230804, -3.43238544464, 7.01800012589], [-8.52591323853, 10.3654212952, -5.60647726059, -5.99474430084, 14.8452253342, 6.99457788467, -2.88639187813, 21.871055603, -4.40768289566, 67.1762771606, -2.78676056862, 0.249944239855, -5.45723056793], [34.9084091187, -21.3943367004, 5.49368667603, 1.37607443333, -4.25091838837, 4.39549350739, 9.9624671936, -13.352104187, 16.6434230804, -2.78676056862, 51.4506378174, 15.3365459442, 9.05080032349], [-54.065700531, 31.8824462891, -13.0462913513, 37.189907074, -9.52263069153, -4.78224754333, -4.17767286301, 6.56657409668, -3.43238544464, 0.249944239855, 15.3365459442, 55.7798576355, 9.492811203], [73.5617980957, -46.8539505005, 18.8409080505, -13.0335826874, 10.5095252991, -3.31269168854, 2.37170100212, -5.20512723923, 7.01800012589, -5.45723056793, 9.05080032349, 9.492811203, 47.5899772644]],
