{
"lowlevel": {
    "average_loudness": 0.86525529623,
    "barkbands_crest": {
        "dmean": 2.31027650833,
        "dmean2": 3.49211835861,
        "dvar": 4.36684179306,
        "dvar2": 10.9811382294,
        "max": 23.3794345856,
        "mean": 12.4258937836,
        "median": 11.6238193512,
        "min": 3.89338898659,
        "var": 16.2818546295
    },
    "barkbands_flatness_db": {
        "dmean": 0.0210956204683,
        "dmean2": 0.0291282925755,
        "dvar": 0.000522582908161,
        "dvar2": 0.00101134798024,
        "max": 0.465915203094,
        "mean": 0.252639204264,
        "median": 0.242606565356,
        "min": 0.0317474417388,
        "var": 0.00442555453628
    },
    "barkbands_kurtosis": {
        "dmean": 5.14893865585,
        "dmean2": 8.01901340485,
        "dvar": 156.265686035,
        "dvar2": 393.52432251,
        "max": 216.161682129,
        "mean": 9.69272041321,
        "median": 4.29570865631,
        "min": -1.9490724802,
        "var": 279.525115967
    },
    "barkbands_skewness": {
        "dmean": 0.579810678959,
        "dmean2": 0.859937250614,
        "dvar": 0.517333269119,
        "dvar2": 1.21435344219,
        "max": 11.9853067398,
        "mean": 1.78733837605,
        "median": 1.49581027031,
        "min": -1.86936569214,
        "var": 2.71308779716
    },
    "barkbands_spread": {
        "dmean": 2.44786643982,
        "dmean2": 3.63439869881,
        "dvar": 46.8963317871,
        "dvar2": 87.9395065308,
        "max": 124.253829956,
        "mean": 10.1957235336,
        "median": 7.75134468079,
        "min": 0.476081341505,
        "var": 149.765457153
    },
    "dissonance": {
        "dmean": 0.0395478084683,
        "dmean2": 0.067228756845,
        "dvar": 0.00121068803128,
        "dvar2": 0.00332894828171,
        "max": 0.499589443207,
        "mean": 0.405273109674,
        "median": 0.411468178034,
        "min": 0.172448560596,
        "var": 0.00308269239031
    },
    "dynamic_complexity": 4.2640337944,
    "erbbands_crest": {
        "dmean": 2.74790835381,
        "dmean2": 4.23117733002,
        "dvar": 6.77573823929,
        "dvar2": 15.6639547348,
        "max": 32.4469070435,
        "mean": 13.5110721588,
        "median": 12.5430850983,
        "min": 2.74214792252,
        "var": 29.1037197113
    },
    "erbbands_flatness_db": {
        "dmean": 0.0170905087143,
        "dmean2": 0.0243033412844,
        "dvar": 0.000345230684616,
        "dvar2": 0.000615105673205,
        "max": 0.349225372076,
        "mean": 0.217494383454,
        "median": 0.22065320611,
        "min": 0.052249353379,
        "var": 0.00230064918287
    },
    "erbbands_kurtosis": {
        "dmean": 2.0867857933,
        "dmean2": 3.15054559708,
        "dvar": 9.7472448349,
        "dvar2": 20.0950489044,
        "max": 54.3180770874,
        "mean": 4.25995111465,
        "median": 2.79084253311,
        "min": -1.78824150562,
        "var": 30.7456073761
    },
    "erbbands_skewness": {
        "dmean": 0.410063743591,
        "dmean2": 0.604158341885,
        "dvar": 0.185689851642,
        "dvar2": 0.35458368063,
        "max": 5.62940740585,
        "mean": 0.997201800346,
        "median": 0.874942362309,
        "min": -4.39284181595,
        "var": 1.07132744789
    },
    "erbbands_spread": {
        "dmean": 5.66718101501,
        "dmean2": 8.50617980957,
        "dvar": 115.162284851,
        "dvar2": 222.998153687,
        "max": 158.855361938,
        "mean": 21.9122581482,
        "median": 16.9633216858,
        "min": 2.92580628395,
        "var": 324.913757324
    },
    "hfc": {
        "dmean": 2.84989500046,
        "dmean2": 3.86375665665,
        "dvar": 49.5447731018,
        "dvar2": 73.4718017578,
        "max": 212.101913452,
        "mean": 14.3299560547,
        "median": 7.05403232574,
        "min": 4.04024490308e-07,
        "var": 317.809539795
    },
    "melbands_crest": {
        "dmean": 3.16695976257,
        "dmean2": 4.71913671494,
        "dvar": 8.77480983734,
        "dvar2": 20.7792797089,
        "max": 36.1674919128,
        "mean": 17.0073070526,
        "median": 16.3657245636,
        "min": 6.64200925827,
        "var": 34.5868873596
    },
    "melbands_flatness_db": {
        "dmean": 0.0247927121818,
        "dmean2": 0.0333921276033,
        "dvar": 0.00071986450348,
        "dvar2": 0.00135244813282,
        "max": 0.630023360252,
        "mean": 0.35849571228,
        "median": 0.351014614105,
        "min": 0.0662990882993,
        "var": 0.00735285691917
    },
    "melbands_kurtosis": {
        "dmean": 8.80102062225,
        "dmean2": 13.3926124573,
        "dvar": 387.67880249,
        "dvar2": 882.253173828,
        "max": 302.070861816,
        "mean": 17.1039047241,
        "median": 6.85757064819,
        "min": -1.72549295425,
        "var": 896.704162598
    },
    "melbands_skewness": {
        "dmean": 0.700224936008,
        "dmean2": 1.04288303852,
        "dvar": 0.839002370834,
        "dvar2": 1.8216381073,
        "max": 13.9499378204,
        "mean": 2.38954663277,
        "median": 1.87462055683,
        "min": -1.08998787403,
        "var": 4.28955888748
    },
    "melbands_spread": {
        "dmean": 2.63495445251,
        "dmean2": 3.58867025375,
        "dvar": 48.7501792908,
        "dvar2": 60.3624305725,
        "max": 250.465942383,
        "mean": 11.7979249954,
        "median": 7.62420845032,
        "min": 0.364801108837,
        "var": 240.895004272
    },
    "pitch_salience": {
        "dmean": 0.0582025907934,
        "dmean2": 0.0901268050075,
        "dvar": 0.00290583493188,
        "dvar2": 0.00726610515267,
        "max": 0.772549271584,
        "mean": 0.460482120514,
        "median": 0.457412987947,
        "min": 0.1145677194,
        "var": 0.00999493617564
    },
    "silence_rate_20dB": {
        "dmean": 0,
        "dmean2": 0,
        "dvar": 0,
        "dvar2": 0,
        "max": 1,
        "mean": 1,
        "median": 1,
        "min": 1,
        "var": 0
    },
    "silence_rate_30dB": {
        "dmean": 0.0232198145241,
        "dmean2": 0.0464756004512,
        "dvar": 0.0226809997112,
        "dvar2": 0.0520608648658,
        "max": 1,
        "mean": 0.959783434868,
        "median": 1,
        "min": 0,
        "var": 0.0385992415249
    },
    "silence_rate_60dB": {
        "dmean": 0.0061919502914,
        "dmean2": 0.0123934932053,
        "dvar": 0.00615357374772,
        "dvar2": 0.0168877150863,
        "max": 1,
        "mean": 0.0340293906629,
        "median": 0,
        "min": 0,
        "var": 0.0328711569309
    },
    "spectral_centroid": {
        "dmean": 108.395103455,
        "dmean2": 153.662567139,
        "dvar": 129003.070312,
        "dvar2": 161248.421875,
        "max": 10765.3652344,
        "mean": 661.176696777,
        "median": 527.469665527,
        "min": 184.200668335,
        "var": 345651.625
    },
    "spectral_complexity": {
        "dmean": 1.2817337513,
        "dmean2": 2.1301317215,
        "dvar": 1.39429712296,
        "dvar2": 3.32463431358,
        "max": 19,
        "mean": 8.77030181885,
        "median": 8,
        "min": 0,
        "var": 13.3617677689
    },
    "spectral_decrease": {
        "dmean": 2.53757792557e-09,
        "dmean2": 3.76732423035e-09,
        "dvar": 1.84664465245e-17,
        "dvar2": 4.02229145999e-17,
        "max": -6.54474854588e-18,
        "mean": -1.0517952731e-08,
        "median": -8.89175932883e-09,
        "min": -6.5175420616e-08,
        "var": 6.73258050076e-17
    },
    "spectral_energy": {
        "dmean": 0.0097477985546,
        "dmean2": 0.0144607387483,
        "dvar": 0.000265614798991,
        "dvar2": 0.000577959814109,
        "max": 0.248893260956,
        "mean": 0.0409969687462,
        "median": 0.0345915704966,
        "min": 6.13475936717e-11,
        "var": 0.00100054882932
    },
    "spectral_energyband_high": {
        "dmean": 0.000128281419165,
        "dmean2": 0.000151817221195,
        "dvar": 5.34289938514e-07,
        "dvar2": 6.59053171148e-07,
        "max": 0.0235181227326,
        "mean": 0.000259134627413,
        "median": 2.46356557909e-05,
        "min": 2.89928879516e-11,
        "var": 2.0058885184e-06
    },
    "spectral_energyband_low": {
        "dmean": 0.00821655523032,
        "dmean2": 0.0122232846916,
        "dvar": 0.000256266008364,
        "dvar2": 0.000571053649765,
        "max": 0.198406264186,
        "mean": 0.0224612206221,
        "median": 0.015088009648,
        "min": 7.98889773779e-12,
        "var": 0.000578928506002
    },
    "spectral_energyband_middle_high": {
        "dmean": 0.00135003821924,
        "dmean2": 0.00187233975157,
        "dvar": 7.27224824004e-06,
        "dvar2": 1.33143721541e-05,
        "max": 0.0611974708736,
        "mean": 0.00656924583018,
        "median": 0.000548004405573,
        "min": 7.87043867578e-12,
        "var": 0.000122466721223
    },
    "spectral_energyband_middle_low": {
        "dmean": 0.00327497231774,
        "dmean2": 0.00518860528246,
        "dvar": 2.37504536926e-05,
        "dvar2": 6.31643997622e-05,
        "max": 0.0764089226723,
        "mean": 0.012389972806,
        "median": 0.00826741475612,
        "min": 1.24493887421e-11,
        "var": 0.000153584507643
    },
    "spectral_entropy": {
        "dmean": 0.188534379005,
        "dmean2": 0.275003671646,
        "dvar": 0.0488840788603,
        "dvar2": 0.0840018168092,
        "max": 9.78021717072,
        "mean": 6.49163293839,
        "median": 6.44595193863,
        "min": 4.90730619431,
        "var": 0.291563123465
    },
    "spectral_flux": {
        "dmean": 0.0254348125309,
        "dmean2": 0.0429438054562,
        "dvar": 0.00108952424489,
        "dvar2": 0.00277866097167,
        "max": 0.35884359479,
        "mean": 0.0726412385702,
        "median": 0.0628050416708,
        "min": 2.18479945033e-05,
        "var": 0.00228358060122
    },
    "spectral_kurtosis": {
        "dmean": 5.03453826904,
        "dmean2": 8.04322528839,
        "dvar": 47.0859603882,
        "dvar2": 103.473152161,
        "max": 143.145050049,
        "mean": 14.1341934204,
        "median": 11.3836231232,
        "min": -1.22922039032,
        "var": 157.152374268
    },
    "spectral_rms": {
        "dmean": 0.000708371051587,
        "dmean2": 0.001020407537,
        "dvar": 8.73200860951e-07,
        "dvar2": 1.78051220701e-06,
        "max": 0.0155827691779,
        "mean": 0.00584541074932,
        "median": 0.00580929219723,
        "min": 2.44645292469e-07,
        "var": 5.82822121942e-06
    },
    "spectral_rolloff": {
        "dmean": 154.865356445,
        "dmean2": 257.880706787,
        "dvar": 648318.9375,
        "dvar2": 1201152.25,
        "max": 16214.5019531,
        "mean": 644.795410156,
        "median": 387.59765625,
        "min": 43.06640625,
        "var": 1413476
    },
    "spectral_skewness": {
        "dmean": 0.437116742134,
        "dmean2": 0.673095464706,
        "dvar": 0.221889346838,
        "dvar2": 0.462371945381,
        "max": 10.3992710114,
        "mean": 2.78385853767,
        "median": 2.6783645153,
        "min": -0.343123614788,
        "var": 1.12996649742
    },
    "spectral_spread": {
        "dmean": 505076,
        "dmean2": 701989.8125,
        "dvar": 1.6043138089e+12,
        "dvar2": 1.86313919693e+12,
        "max": 41294164,
        "mean": 3483758,
        "median": 3095032.5,
        "min": 786125.75,
        "var": 4.73111671603e+12
    },
    "spectral_strongpeak": {
        "dmean": 0.499306082726,
        "dmean2": 0.875143647194,
        "dvar": 0.777125895023,
        "dvar2": 2.06912302971,
        "max": 9.93052005768,
        "mean": 1.18925726414,
        "median": 0.299065053463,
        "min": 0,
        "var": 3.13944959641
    },
    "zerocrossingrate": {
        "dmean": 0.0050808461383,
        "dmean2": 0.00577162811533,
        "dvar": 0.000208306650165,
        "dvar2": 0.00016589309962,
        "max": 0.4169921875,
        "mean": 0.0263120532036,
        "median": 0.0205078125,
        "min": 0.00244140625,
        "var": 0.00104386277962
    },
    "barkbands": {
        "dmean": [0.00177040114067, 0.00694614509121, 0.001058163587, 0.000941120786592, 0.00137648405507, 0.00147221121006, 0.000443424563855, 0.000628150126431, 0.000388731306884, 0.000971365545411, 0.000481367344037, 0.00021519290749, 0.000163718432304, 0.000122875440866, 6.76787749398e-05, 1.57865779329e-05, 1.5442901713e-05, 2.94414567179e-05, 2.11285496334e-05, 3.07572554448e-05, 1.71779065568e-05, 1.80847237061e-05, 2.12250106415e-05, 2.63664405793e-05, 4.11062537751e-05, 7.96383665147e-06, 3.40465049931e-07],
        "dmean2": [0.00260202167556, 0.0103135388345, 0.00171290140133, 0.00151973334141, 0.00230719032697, 0.00229588476941, 0.000663237238768, 0.00102062837686, 0.00059049326228, 0.00140862562694, 0.000608214410022, 0.000302937900415, 0.000225828844123, 0.000167307531228, 0.000102568941657, 2.29719571507e-05, 2.57112897089e-05, 4.51087944384e-05, 3.04978602799e-05, 4.65232333227e-05, 2.60416345554e-05, 2.54659262282e-05, 2.70828059001e-05, 2.89489853458e-05, 6.12035000813e-05, 1.1779929082e-05, 5.10907568696e-07],
        "dvar": [2.23689421546e-05, 0.000188010977581, 3.75950389753e-06, 3.56336590812e-06, 5.32062085767e-06, 5.75662352276e-06, 8.33158480873e-07, 5.39902384844e-06, 2.79579785456e-06, 5.87861040913e-06, 3.82899634133e-06, 5.70150518797e-07, 4.36466507381e-07, 1.2130969651e-07, 8.08177631484e-08, 2.1667179162e-09, 6.74766298392e-10, 8.2971709503e-09, 4.48689263521e-09, 4.93213425656e-09, 2.02792738158e-09, 1.45148284503e-08, 3.10382368696e-08, 4.38305498562e-08, 1.38090754831e-07, 2.99865199338e-09, 6.60702525676e-12],
        "dvar2": [4.40953517682e-05, 0.000469538761536, 1.03307002064e-05, 9.64573064266e-06, 1.4416704289e-05, 1.52685661305e-05, 1.89511376902e-06, 1.40947413456e-05, 5.97336793362e-06, 1.27133625938e-05, 5.1278684623e-06, 1.03867716916e-06, 1.02031356164e-06, 2.08069479868e-07, 1.49037148844e-07, 3.86720300227e-09, 1.68120339872e-09, 2.07309707179e-08, 8.19524359486e-09, 1.09752251731e-08, 4.5828256745e-09, 3.47010846724e-08, 4.16875778342e-08, 6.55836700503e-08, 2.95790556493e-07, 6.2642380172e-09, 1.2325105346e-11],
        "max": [0.082254178822, 0.133112460375, 0.029649425298, 0.0298464819789, 0.0421359278262, 0.0401121899486, 0.0281959436834, 0.048751026392, 0.0328982286155, 0.0375437550247, 0.0562102012336, 0.0173845719546, 0.013238415122, 0.0101073570549, 0.00667646434158, 0.000875087745953, 0.000415808142861, 0.00193749391474, 0.00182715954725, 0.00131721515208, 0.000689711945597, 0.00278769852594, 0.00662774918601, 0.00677002128214, 0.00987078715116, 0.00112838472705, 8.04839582997e-05],
        "mean": [0.00373283284716, 0.0159755162895, 0.00211384077556, 0.00194007798564, 0.00308415712789, 0.00435262732208, 0.00128297798801, 0.00101301283576, 0.000638765806798, 0.00336105702445, 0.00189016072545, 0.000460400391603, 0.000353812822141, 0.000241852510953, 0.000112824098323, 2.79653158941e-05, 2.98375034617e-05, 5.89522423979e-05, 4.59569600935e-05, 7.31010368327e-05, 2.76224109257e-05, 2.42066907958e-05, 3.62855826097e-05, 4.05049759138e-05, 6.58885473968e-05, 1.23242416521e-05, 4.40795588474e-07],
        "median": [0.00203855056316, 0.00964419916272, 0.00112337595783, 0.000849344010931, 0.00151564728003, 0.00206363713369, 0.000303901702864, 0.00027795942151, 9.22822000575e-05, 4.42141063104e-05, 2.83948902506e-05, 5.22356203874e-05, 4.21434560849e-05, 3.33598291036e-05, 2.3525341021e-05, 9.54738789005e-06, 1.79909129656e-05, 1.20765726024e-05, 9.86496252153e-06, 1.17233012134e-05, 2.61881700681e-06, 1.01232160432e-06, 1.9157623683e-06, 2.1837499844e-06, 3.48515186488e-06, 5.40365022061e-07, 2.09319583888e-08],
        "min": [4.42074328533e-12, 4.79931719366e-12, 9.94334822813e-13, 1.76897857257e-13, 4.62992404832e-12, 3.66891022771e-12, 6.40218780767e-13, 9.84164572754e-13, 1.69308534206e-12, 8.75618588053e-13, 5.04688305036e-13, 1.00122709602e-12, 5.94684403717e-13, 1.11183143855e-12, 7.22281067421e-13, 5.5206105529e-13, 4.02073529636e-13, 5.29073367148e-13, 4.88169888627e-13, 1.92939934862e-12, 1.69404052418e-12, 1.88311692628e-12, 2.94291696047e-12, 2.8844507078e-12, 6.04216243011e-12, 4.10728178898e-12, 9.37612140706e-12],
        "var": [3.92806869058e-05, 0.000329687754856, 7.79097081249e-06, 7.89613932284e-06, 1.5423498553e-05, 3.8242287701e-05, 6.57067448628e-06, 6.04738715992e-06, 5.00692294736e-06, 4.95922577102e-05, 5.09298224642e-05, 1.83796146302e-06, 1.04924038169e-06, 5.57492114694e-07, 1.60444201924e-07, 6.223018989e-09, 1.82011339334e-09, 2.5484924393e-08, 2.00120364724e-08, 2.40280630948e-08, 4.66076377492e-09, 3.0403629836e-08, 1.03749734137e-07, 1.16815705553e-07, 3.12139150083e-07, 6.91876955727e-09, 1.34461391674e-11]
    },
    "erbbands": {
        "dmean": [0.34896877408, 1.09599530697, 1.28233957291, 2.27254128456, 3.03569364548, 3.89222669601, 12.4916391373, 10.3782758713, 9.96846294403, 3.57152414322, 17.492193222, 10.0081148148, 12.1877737045, 42.8741455078, 15.7134428024, 8.85863208771, 6.12052059174, 5.45158290863, 4.94166851044, 1.43968105316, 0.688659548759, 0.603607177734, 0.951822459698, 1.4303483963, 0.661038756371, 1.25986456871, 0.992910206318, 0.336089134216, 0.668746173382, 0.640384495258, 0.658995985985, 0.525640368462, 0.541888892651, 0.570975840092, 0.230074778199, 0.0462062396109, 0.0138412257656, 0.00178912864067, 4.2559018766e-05, 1.19217775136e-05],
        "dmean2": [0.503529548645, 1.70404481888, 2.02527999878, 3.70874118805, 4.92590999603, 6.36412715912, 18.6953964233, 17.2904319763, 15.3676700592, 5.52697324753, 27.9017620087, 14.9230327606, 16.3080787659, 58.1424331665, 20.4813785553, 12.1975793839, 8.09261608124, 7.48290586472, 6.93021869659, 1.983091712, 1.03903400898, 0.966846823692, 1.40201425552, 2.06275558472, 0.917886853218, 1.82025098801, 1.47482252121, 0.504152059555, 0.98544216156, 0.88456338644, 0.899584054947, 0.584726810455, 0.725836753845, 0.878828406334, 0.362730413675, 0.0693911090493, 0.019678208977, 0.00275949714705, 6.33855379419e-05, 1.76618359546e-05],
        "dvar": [0.520178854465, 5.00122737885, 5.60326576233, 17.7795696259, 24.4659843445, 41.4802589417, 609.11920166, 330.415863037, 433.009735107, 95.0726623535, 3966.953125, 1770.23510742, 975.196105957, 9919.18261719, 3316.86108398, 578.00970459, 659.044494629, 211.684143066, 319.515533447, 24.7826747894, 1.00426495075, 1.31492471695, 4.80190086365, 17.03474617, 3.0179104805, 7.98367977142, 5.59602117538, 1.78698301315, 21.6304798126, 27.001411438, 32.8192024231, 22.1452121735, 26.4630813599, 27.5083332062, 3.80064606667, 0.104818657041, 0.008819562383, 0.000197299974388, 8.7054893072e-08, 4.68525274133e-10],
        "dvar2": [1.24956595898, 12.95271492, 15.066822052, 45.5472450256, 66.0873031616, 110.876419067, 1489.82556152, 1051.4831543, 1110.1217041, 218.983474731, 10344.2285156, 3601.09301758, 1786.66784668, 17659.8730469, 6190.9765625, 924.865539551, 1434.43505859, 304.882019043, 507.582489014, 58.9172897339, 2.17092633247, 3.27648448944, 10.703710556, 33.3477897644, 4.00842666626, 16.2392215729, 11.6728239059, 3.6293823719, 55.6458282471, 61.2959785461, 56.6662521362, 31.3451423645, 57.0785064697, 59.7506904602, 8.57558250427, 0.213682636619, 0.0164812877774, 0.000397933035856, 1.67613649182e-07, 9.4274588136e-10],
        "max": [8.00300693512, 24.0594348907, 31.5098953247, 60.9208374023, 74.8985977173, 99.6512832642, 438.738616943, 346.409698486, 563.540344238, 187.064498901, 1194.43603516, 1017.94586182, 658.463806152, 2041.69482422, 2486.04882812, 674.83215332, 495.640716553, 475.8984375, 462.140838623, 133.297027588, 21.1120223999, 25.266462326, 50.0423164368, 86.4680709839, 76.7335586548, 69.4907302856, 45.663230896, 28.7563934326, 113.609298706, 172.414794922, 189.636032104, 192.369277954, 176.557785034, 134.765045166, 55.0722198486, 6.79837942123, 2.3727376461, 0.412162691355, 0.00836490280926, 0.000369613786461],
        "mean": [0.634276747704, 2.83294200897, 3.24498510361, 4.90645313263, 6.6984372139, 8.27169418335, 29.1232032776, 30.431596756, 33.3578834534, 8.51977157593, 27.6108818054, 17.7482681274, 35.5551300049, 126.550270081, 66.0059738159, 21.8324337006, 13.5369186401, 13.7129659653, 10.8369569778, 3.32747173309, 1.60776519775, 1.36588692665, 2.54522371292, 3.60840988159, 1.87019348145, 3.2509560585, 2.53917574883, 0.590204060078, 0.868296921253, 0.873217403889, 1.10338401794, 0.78356897831, 0.784038245678, 0.847846031189, 0.38030821085, 0.0756850242615, 0.0213501062244, 0.00276616914198, 8.23248192319e-05, 4.87304059789e-05],
        "median": [0.365151315928, 1.63327741623, 1.8990598917, 2.6039788723, 3.43695521355, 4.35693407059, 10.9923648834, 13.5669155121, 6.94403505325, 4.19758367538, 8.50506210327, 3.72361302376, 2.65267658234, 2.59020376205, 1.86334371567, 3.43168187141, 2.08114647865, 3.48348045349, 1.79410910606, 0.532112598419, 0.984196841717, 0.741180360317, 0.633785068989, 0.708395004272, 0.625827968121, 0.412194311619, 0.190589368343, 0.0830350443721, 0.0454216636717, 0.0444661900401, 0.0546212568879, 0.0411350652575, 0.0344195440412, 0.0323880650103, 0.0223782807589, 0.00378820043989, 0.000885120534804, 0.000137664799695, 2.37398890022e-05, 4.08037885791e-05],
        "min": [1.64486049781e-10, 9.83576442515e-10, 1.63935820474e-09, 5.15037179571e-10, 1.93770999246e-09, 1.5846733703e-08, 4.56690862904e-08, 2.12640216546e-08, 1.01368771155e-08, 1.67834102172e-08, 1.99898479991e-08, 3.56726204132e-08, 4.98685537309e-08, 1.18270726546e-08, 5.60190080989e-08, 2.98808835453e-08, 3.0650191718e-08, 5.493818378e-08, 4.63783003113e-08, 2.79306799911e-08, 2.9438703919e-08, 2.39053647988e-08, 2.96984303816e-08, 1.69913096926e-08, 5.50934267096e-08, 8.39952889464e-08, 9.06272887846e-08, 4.53408866008e-08, 6.04443002317e-08, 6.83051624151e-08, 9.15067062124e-08, 8.22596106786e-08, 4.20152801439e-08, 5.31298987028e-08, 4.78899337963e-08, 2.17365769828e-08, 7.02998370627e-09, 4.66606886462e-09, 1.25521881778e-09, 1.14350202918e-10],
        "var": [0.756116509438, 9.56068706512, 15.7920341492, 37.1298217773, 84.6222381592, 127.168434143, 2295.79736328, 2030.13842773, 4552.53613281, 247.366836548, 4461.99560547, 3407.18017578, 5887.29638672, 57835.4335938, 58533.3007812, 2840.62353516, 1593.43212891, 934.0546875, 1040.74169922, 98.3993225098, 4.60893821716, 4.80978870392, 34.2848014832, 82.3794937134, 31.6969432831, 48.9346389771, 31.6764678955, 4.75835990906, 39.2739486694, 51.3282165527, 96.056312561, 55.9322776794, 51.0052757263, 59.2886505127, 8.43871498108, 0.267231523991, 0.022453662008, 0.000440992007498, 2.1206169265e-07, 1.67385039163e-09]
    },
    "gfcc": {
        "mean": [-77.1324539185, 153.976974487, -82.205657959, 21.2868442535, -42.205116272, 11.0095911026, -24.5748519897, 11.5232162476, -24.6693058014, 6.64335393906, 3.02773690224, -4.45351171494, 0.509802281857],
        "cov": [[8840.51855469, -1203.28430176, -663.31427002, -58.0083732605, -873.626281738, 574.415344238, 156.78163147, 256.044952393, -555.049865723, -28.4222717285, -147.402923584, 132.686477661, 176.436508179], [-1203.28430176, 1793.99731445, -293.951965332, -172.701263428, 679.958618164, -620.475158691, 161.0859375, -170.154907227, 206.287872314, -107.700401306, 306.855529785, -143.58694458, 21.226108551], [-663.31427002, -293.951965332, 1207.92321777, 196.300338745, -264.901916504, 87.2980422974, -199.682876587, -17.8855686188, 167.930923462, 58.4644622803, -177.91444397, 83.6038894653, -65.7768936157], [-58.0083732605, -172.701263428, 196.300338745, 283.975463867, 106.861526489, -31.5438671112, -83.9487380981, -29.5010585785, 114.475875854, 42.161113739, -44.5736465454, 21.4011707306, -72.1100387573], [-873.626281738, 679.958618164, -264.901916504, 106.861526489, 664.859985352, -266.170837402, 41.2666091919, -100.714096069, 177.62310791, -17.2810707092, 140.398849487, -67.2136535645, -69.5541381836], [574.415344238, -620.475158691, 87.2980422974, -31.5438671112, -266.170837402, 452.151184082, 30.2408943176, 79.0591430664, -150.283172607, -22.5055027008, -83.9134902954, 23.0251178741, 26.2549133301], [156.78163147, 161.0859375, -199.682876587, -83.9487380981, 41.2666091919, 30.2408943176, 216.926574707, 5.46942090988, -80.9520568848, -54.3112678528, 46.0217895508, -31.1794948578, 26.1852226257], [256.044952393, -170.154907227, -17.8855686188, -29.5010585785, -100.714096069, 79.0591430664, 5.46942090988, 106.402740479, -38.8537635803, -11.6106758118, -28.725435257, 2.44343972206, 13.7322645187], [-555.049865723, 206.287872314, 167.930923462, 114.475875854, 177.62310791, -150.283172607, -80.9520568848, -38.8537635803, 258.110137939, 48.0549850464, 9.99528408051, 2.35608410835, -90.6755142212], [-28.4222717285, -107.700401306, 58.4644622803, 42.161113739, -17.2810707092, -22.5055027008, -54.3112678528, -11.6106758118, 48.0549850464, 107.999443054, -11.3756475449, 15.3401994705, -44.9833221436], [-147.402923584, 306.855529785, -177.91444397, -44.5736465454, 140.398849487, -83.9134902954, 46.0217895508, -28.725435257, 9.99528408051, -11.3756475449, 154.284713745, -14.2911987305, -9.25948238373], [132.686477661, -143.58694458, 83.6038894653, 21.4011707306, -67.2136535645, 23.0251178741, -31.1794948578, 2.44343972206, 2.35608410835, 15.3401994705, -14.2911987305, 91.7286148071, 5.37803792953], [176.436508179, 21.226108551, -65.7768936157, -72.1100387573, -69.5541381836, 26.2549133301, 26.1852226257, 13.7322645187, -90.6755142212, -44.9833221436, -9.25948238373, 5.37803792953, 160.01651001]],
        "icov": [[0.000177309600986, -0.000233043712797, 0.00024770971504, -0.000457736110548, 0.000372598500689, -0.000246182753472, 6.02308500675e-06, -0.000227041135076, 0.00022158070351, -0.000157081143698, 0.000214666259126, -0.000346674991306, 5.72836033825e-05], [-0.000233043712797, 0.00508697703481, -0.00170032714959, 0.00445948261768, -0.00284799444489, 0.00451693870127, -0.00192468927708, 0.00220529851504, -0.00217100628652, 0.00321839679964, -0.00434817979112, 0.00381338526495, -0.00166575564072], [0.00024770971504, -0.00170032714959, 0.00225747236982, -0.00230519589968, 0.00206897128373, -0.00179822579958, 0.00100900710095, 1.35480377139e-05, -0.000449406885309, -0.00051546090981, 0.0022587813437, -0.00181873876136, 0.000661917671096], [-0.000457736110548, 0.00445948261768, -0.00230519589968, 0.0101308319718, -0.00450890185311, 0.00361452810466, -0.00055591983255, 0.00251958682202, -0.00254329387099, 0.00218697194941, -0.00180074840318, 0.00234110839665, -0.000156524183694], [0.000372598500689, -0.00284799444489, 0.00206897128373, -0.00450890185311, 0.00576343433931, -0.00193349155597, 0.000373326765839, 0.000279692176264, -0.000785857904702, -0.000378335040295, 0.000753631466068, -0.000863229797687, 0.00104381144047], [-0.000246182753472, 0.00451693870127, -0.00179822579958, 0.00361452810466, -0.00193349155597, 0.00765336723998, -0.00220157299191, 0.000606644025538, -0.000137669529067, 0.00325955962762, -0.00305655878037, 0.00314147816971, -0.000670159934089], [6.02308500675e-06, -0.00192468927708, 0.00100900710095, -0.00055591983255, 0.000373326765839, -0.00220157299191, 0.00760398851708, -0.000505520089064, 0.00217007216997, 0.000856783473864, 0.000887927017175, -0.000522569345776, 0.0012749733869], [-0.000227041135076, 0.00220529851504, 1.35480377139e-05, 0.00251958682202, 0.000279692176264, 0.000606644025538, -0.000505520089064, 0.0134211126715, -0.00202483986504, 0.00286525464617, -0.00061178568285, 0.00220456090756, -0.00039963008021], [0.00022158070351, -0.00217100628652, -0.000449406885309, -0.00254329387099, -0.000785857904702, -0.000137669529067, 0.00217007216997, -0.00202483986504, 0.00993452221155, -0.00268624536693, 0.0020489229355, -0.00214450457133, 0.00327749294229], [-0.000157081143698, 0.00321839679964, -0.00051546090981, 0.00218697194941, -0.000378335040295, 0.00325955962762, 0.000856783473864, 0.00286525464617, -0.00268624536693, 0.0146929780021, -0.00261731259525, 0.00144017010462, 0.00184296187945], [0.000214666259126, -0.00434817979112, 0.0022587813437, -0.00180074840318, 0.000753631466068, -0.00305655878037, 0.000887927017175, -0.00061178568285, 0.0020489229355, -0.00261731259525, 0.0140875484794, -0.00468997051939, 0.0025914828293], [-0.000346674991306, 0.00381338526495, -0.00181873876136, 0.00234110839665, -0.000863229797687, 0.00314147816971, -0.000522569345776, 0.00220456090756, -0.00214450457133, 0.00144017010462, -0.00468997051939, 0.0160525906831, -0.00243181036785], [5.72836033825e-05, -0.00166575564072, 0.000661917671096, -0.000156524183694, 0.00104381144047, -0.000670159934089, 0.0012749733869, -0.00039963008021, 0.00327749294229, 0.00184296187945, 0.0025914828293, -0.00243181036785, 0.00960504822433]]
    },
    "melbands": {
        "dmean": [0.00239623780362, 0.000865073292516, 0.00039273139555, 0.000206846991205, 0.000381467631087, 0.000248749012826, 0.0001388292294, 5.35546350875e-05, 0.000143133249367, 5.5834028899e-05, 7.47351732571e-05, 0.000183336567716, 7.01553726685e-05, 3.36083103321e-05, 1.62187734531e-05, 1.55913312483e-05, 1.07542418846e-05, 9.69773009274e-06, 3.28678333972e-06, 1.34929041451e-06, 9.27641622184e-07, 7.96509198153e-07, 5.59056388738e-07, 1.61784771535e-06, 1.32269633468e-06, 4.73081286145e-07, 6.07073957326e-07, 1.0177503782e-06, 9.1465915375e-07, 2.64189395693e-07, 1.8877322816e-07, 3.56887198905e-07, 4.07311119943e-07, 3.4484776279e-07, 4.22226520413e-07, 3.75569243261e-07, 3.06089191326e-07, 3.66184934819e-07, 4.43615533641e-07, 5.61559602374e-07],
        "dmean2": [0.00349549809471, 0.00135981838685, 0.000640205747914, 0.00034439493902, 0.000585763948038, 0.000407751533203, 0.000213771156268, 8.65725742187e-05, 0.000227541429922, 8.18744811113e-05, 9.86082814052e-05, 0.000254135055002, 8.49652278703e-05, 4.21503209509e-05, 2.3855956897e-05, 1.95991069631e-05, 1.4617639863e-05, 1.34462870847e-05, 5.0759572332e-06, 1.83774648121e-06, 1.50009236677e-06, 1.29912632474e-06, 8.72075304414e-07, 2.44506964009e-06, 1.9100159534e-06, 6.65202890104e-07, 9.11101722068e-07, 1.50618586758e-06, 1.36691278385e-06, 4.11276516843e-07, 2.94471448115e-07, 5.35555443548e-07, 6.24345659617e-07, 4.52615836366e-07, 5.85531722663e-07, 5.55381348022e-07, 3.68193468603e-07, 5.28368730102e-07, 5.79847039717e-07, 9.61652744991e-07],
        "dvar": [2.36021533055e-05, 2.72105148724e-06, 5.05158141095e-07, 8.0295421867e-08, 5.58317992727e-07, 1.8027562021e-07, 8.13252682974e-08, 3.14580965721e-08, 2.61051752659e-07, 5.85291033417e-08, 3.62879468696e-08, 1.76567212407e-07, 6.70552822157e-08, 1.25144143936e-08, 7.28526172722e-09, 1.77922432343e-09, 1.04276798307e-09, 1.15977250026e-09, 1.4523304781e-10, 2.26713578466e-11, 1.58599359774e-12, 2.19856403048e-12, 3.25360376661e-12, 1.96108893014e-11, 1.60931146881e-11, 1.65203267732e-12, 2.64428236252e-12, 5.32244300716e-12, 4.72233840573e-12, 6.21701095552e-13, 8.46435931328e-13, 6.20817112995e-12, 8.79422576427e-12, 8.37363511863e-12, 1.28927068674e-11, 1.34894751619e-11, 8.30429735393e-12, 1.14109737284e-11, 1.88861426498e-11, 2.95316965326e-11],
        "dvar2": [5.58567444386e-05, 6.95453354638e-06, 1.32855984702e-06, 2.17744172915e-07, 1.44791522416e-06, 5.5135024013e-07, 2.07695208587e-07, 8.07926738844e-08, 6.77169168739e-07, 1.16726930344e-07, 6.62936727736e-08, 3.33731605906e-07, 9.79481526997e-08, 1.61129651843e-08, 1.79811117107e-08, 2.98059932291e-09, 1.44911138644e-09, 1.91850135778e-09, 3.37688182972e-10, 4.31386662503e-11, 4.03447674574e-12, 5.48228910185e-12, 8.3748554966e-12, 4.66718989844e-11, 3.16541376444e-11, 2.65962035381e-12, 4.81299505459e-12, 1.1151690682e-11, 1.02056011211e-11, 1.31664015628e-12, 1.74318003608e-12, 1.60044998088e-11, 2.14507023255e-11, 1.77861371464e-11, 2.66428840795e-11, 2.15279877258e-11, 1.40499565107e-11, 2.5183619079e-11, 3.86360630988e-11, 7.52803444581e-11],
        "max": [0.0514328218997, 0.0225943680853, 0.0114502524957, 0.00361089827493, 0.0131693053991, 0.00907554477453, 0.00760302413255, 0.00387397175655, 0.00863384082913, 0.00574895273894, 0.00391992740333, 0.00822617020458, 0.00930767133832, 0.00244901888072, 0.0020586992614, 0.00118531566113, 0.0010940580396, 0.000835965794977, 0.000230736710364, 8.78171849763e-05, 1.48535436892e-05, 2.43690210482e-05, 3.60595695383e-05, 9.31852046051e-05, 7.16875583748e-05, 5.86413952988e-05, 5.98267288296e-05, 4.27573540946e-05, 4.8021433031e-05, 1.9476048692e-05, 1.74371616595e-05, 6.13803204033e-05, 6.37941557216e-05, 0.000103070560726, 0.000116587012599, 0.000130313521367, 0.000109412554593, 0.000107727792056, 0.000163881384651, 0.000128473620862],
        "mean": [0.00521839689463, 0.00248961383477, 0.000909123045858, 0.00046707468573, 0.000882269174326, 0.000759585003834, 0.000461271527456, 0.000100829580333, 0.000221526614041, 9.32568364078e-05, 0.000208272002055, 0.000553391815629, 0.000262601068243, 7.31932886993e-05, 2.8018712328e-05, 3.57862809324e-05, 2.37471704168e-05, 2.0533652787e-05, 5.74962814426e-06, 2.67284372057e-06, 1.94490712602e-06, 1.52322979829e-06, 1.17730689908e-06, 3.53301243194e-06, 2.94273422696e-06, 1.23663369322e-06, 1.38603752475e-06, 2.43787735599e-06, 2.19030857807e-06, 4.61288095721e-07, 2.80983783796e-07, 4.72700889986e-07, 5.05310765675e-07, 4.74829704444e-07, 6.33857951016e-07, 6.23143762368e-07, 4.07811057812e-07, 5.10732320436e-07, 6.3810307438e-07, 7.63271088999e-07],
        "median": [0.00320728891529, 0.00155040633399, 0.000490930106025, 0.000246810959652, 0.000361565675121, 0.000327295449097, 9.82304482022e-05, 4.47238817287e-05, 6.27753106528e-05, 1.37788802022e-05, 8.01920759841e-06, 9.73663100012e-06, 4.85865939481e-06, 7.18857700122e-06, 4.4707435336e-06, 5.46290675629e-06, 5.15024657943e-06, 2.25157486966e-06, 1.19874471238e-06, 4.31401673495e-07, 1.32861634938e-06, 9.07891603674e-07, 2.28389623658e-07, 8.01485441571e-07, 4.49466227792e-07, 4.1398973849e-07, 3.30807210958e-07, 2.36907098383e-07, 1.2289186202e-07, 5.75622927101e-08, 2.4322803327e-08, 1.98991294553e-08, 1.80125372395e-08, 2.55431054086e-08, 2.92374338073e-08, 2.72311133642e-08, 1.96705798317e-08, 2.055603332e-08, 1.63490785354e-08, 2.35378756486e-08],
        "min": [1.6536885793e-12, 1.05966559312e-12, 1.16154265026e-13, 5.02030708671e-13, 1.49016140139e-12, 5.16351338856e-13, 1.53827281859e-13, 2.02538845613e-13, 1.48846972074e-13, 2.53637090714e-13, 2.4491143163e-13, 3.5801910888e-14, 1.49273957995e-13, 1.44351192241e-13, 4.3240818505e-14, 7.89414445813e-14, 1.05922730439e-13, 7.29404533192e-14, 5.44475590644e-14, 3.75490721957e-14, 3.26146343277e-14, 2.44688014831e-14, 3.14669114604e-14, 1.77122195627e-14, 1.20602787197e-14, 2.23689780078e-14, 6.77583057479e-14, 5.02483627352e-14, 5.71332328778e-14, 3.95941620961e-14, 2.43583382224e-14, 2.38756005933e-14, 4.0249142181e-14, 3.42208832343e-14, 4.97509036735e-14, 6.06191461502e-14, 3.76777432767e-14, 2.42687746527e-14, 3.92907718351e-14, 4.52790203335e-14],
        "var": [4.08534797316e-05, 7.10490712663e-06, 1.22737992569e-06, 3.01723360963e-07, 1.98840075427e-06, 1.34380286454e-06, 8.54146776419e-07, 4.12825720275e-08, 2.87092888129e-07, 1.14841867571e-07, 2.25398636644e-07, 1.13557825898e-06, 1.01597413504e-06, 4.98325789522e-08, 1.0705166531e-08, 8.41001668306e-09, 4.1987946453e-09, 4.19956069919e-09, 3.34154731663e-10, 7.60579099701e-11, 4.80284692225e-12, 5.38638187872e-12, 1.05829615904e-11, 7.40750100148e-11, 6.43854067284e-11, 1.66334584994e-11, 1.70216809398e-11, 2.65805953636e-11, 2.52574332976e-11, 1.40751039296e-12, 2.12139529034e-12, 1.1457119975e-11, 1.52946631055e-11, 1.66835729259e-11, 3.14073593521e-11, 3.85355601595e-11, 1.54044971223e-11, 2.08151516856e-11, 3.9745397945e-11, 4.88470930371e-11]
    },
    "mfcc": {
        "mean": [-735.311523438, 186.020996094, 24.0837993622, 25.0853996277, 11.7747535706, 1.93512320518, 18.27044487, -1.71470057964, -5.25156164169, 9.23338794708, 0.478280395269, 4.21466064453, 3.30900764465],
        "cov": [[6625.10986328, -666.206359863, -592.055969238, -395.807800293, -577.450744629, -141.248031616, 418.117645264, 43.3783950806, -69.3633270264, 185.536972046, -518.732971191, -6.44841623306, -195.649871826], [-666.206359863, 1739.44604492, -429.428100586, 248.707382202, 187.903533936, -189.399291992, 71.0246429443, -78.3833694458, -122.265930176, 5.93651342392, 71.3543395996, 61.8330154419, 102.675865173], [-592.055969238, -429.428100586, 1197.34631348, -56.0397109985, -92.0713500977, 108.514678955, -235.662124634, 5.43857860565, 193.723098755, -147.115585327, 72.5199127197, -34.6662101746, 35.3640556335], [-395.807800293, 248.707382202, -56.0397109985, 362.37109375, 202.973846436, -11.6557130814, -116.426834106, -52.8617210388, 10.9109449387, -23.6605892181, 90.19972229, 40.4970588684, 36.4256858826], [-577.450744629, 187.903533936, -92.0713500977, 202.973846436, 362.601837158, 55.0846672058, -111.181549072, -22.2797222137, -3.02489304543, 4.43761825562, 120.659843445, 32.984992981, 37.6638679504], [-141.248031616, -189.399291992, 108.514678955, -11.6557130814, 55.0846672058, 196.377868652, -1.07809650898, 37.8003921509, 9.22664928436, 2.28423833847, 40.4491882324, 11.2966165543, -9.9293794632], [418.117645264, 71.0246429443, -235.662124634, -116.426834106, -111.181549072, -1.07809650898, 292.349761963, 62.465461731, -68.6831207275, 51.2397079468, -110.161521912, -17.7372760773, -41.9366455078], [43.3783950806, -78.3833694458, 5.43857860565, -52.8617210388, -22.2797222137, 37.8003921509, 62.465461731, 137.879653931, 6.2704911232, 9.72837543488, -27.4338054657, -9.28797340393, 2.08954167366], [-69.3633270264, -122.265930176, 193.723098755, 10.9109449387, -3.02489304543, 9.22664928436, -68.6831207275, 6.2704911232, 138.248062134, -10.9590024948, -16.0191555023, -26.7163925171, -9.11367416382], [185.536972046, 5.93651342392, -147.115585327, -23.6605892181, 4.43761825562, 2.28423833847, 51.2397079468, 9.72837543488, -10.9590024948, 108.947509766, -4.91105413437, -3.6992020607, -36.3760261536], [-518.732971191, 71.3543395996, 72.5199127197, 90.19972229, 120.659843445, 40.4491882324, -110.161521912, -27.4338054657, -16.0191555023, -4.91105413437, 217.926956177, 62.2141838074, 44.1700630188], [-6.44841623306, 61.8330154419, -34.6662101746, 40.4970588684, 32.984992981, 11.2966165543, -17.7372760773, -9.28797340393, -26.7163925171, -3.6992020607, 62.2141838074, 108.49621582, 20.526473999], [-195.649871826, 102.675865173, 35.3640556335, 36.4256858826, 37.6638679504, -9.9293794632, -41.9366455078, 2.08954167366, -9.11367416382, -36.3760261536, 44.1700630188, 20.526473999, 102.236465454]],
