{
"lowlevel": {
    "average_loudness": 0.568858802319,
    "barkbands_crest": {
        "dmean": 2.93210363388,
        "dmean2": 4.880382061,
        "dvar": 6.10894155502,
        "dvar2": 16.5486068726,
        "max": 24.2399368286,
        "mean": 9.77232170105,
        "median": 9.08439064026,
        "min": 2.90982747078,
        "var": 12.3150691986
    },
    "barkbands_flatness_db": {
        "dmean": 0.0195417515934,
        "dmean2": 0.0314333625138,
        "dvar": 0.000252604222624,
        "dvar2": 0.000672332535032,
        "max": 0.362150877714,
        "mean": 0.207159534097,
        "median": 0.20622818172,
        "min": 0.0701648145914,
        "var": 0.00186745182145
    },
    "barkbands_kurtosis": {
        "dmean": 1.9096467495,
        "dmean2": 3.04614782333,
        "dvar": 4.3633723259,
        "dvar2": 10.6801586151,
        "max": 22.5537948608,
        "mean": 2.66517567635,
        "median": 1.72798013687,
        "min": -1.85415899754,
        "var": 11.9458236694
    },
    "barkbands_skewness": {
        "dmean": 0.445689111948,
        "dmean2": 0.705279111862,
        "dvar": 0.146957829595,
        "dvar2": 0.368592888117,
        "max": 3.71798801422,
        "mean": 1.19113409519,
        "median": 1.20489549637,
        "min": -1.56749892235,
        "var": 0.5521723032
    },
    "barkbands_spread": {
        "dmean": 3.8471903801,
        "dmean2": 6.10797595978,
        "dvar": 16.8345909119,
        "dvar2": 41.8178977966,
        "max": 61.6034126282,
        "mean": 15.0701036453,
        "median": 13.4356508255,
        "min": 1.72379457951,
        "var": 72.7914962769
    },
    "dissonance": {
        "dmean": 0.0312223341316,
        "dmean2": 0.0530286692083,
        "dvar": 0.000952945381869,
        "dvar2": 0.00264872564003,
        "max": 0.499782830477,
        "mean": 0.443767696619,
        "median": 0.45330747962,
        "min": 0.229860290885,
        "var": 0.00155201123562
    },
    "dynamic_complexity": 2.8467335701,
    "erbbands_crest": {
        "dmean": 3.54142308235,
        "dmean2": 5.92602491379,
        "dvar": 9.979388237,
        "dvar2": 25.7701854706,
        "max": 32.3068962097,
        "mean": 11.3089160919,
        "median": 10.3895568848,
        "min": 3.18947076797,
        "var": 20.1820411682
    },
    "erbbands_flatness_db": {
        "dmean": 0.0183890443295,
        "dmean2": 0.0290306415409,
        "dvar": 0.000246412644628,
        "dvar2": 0.000600701139774,
        "max": 0.409869521856,
        "mean": 0.256608337164,
        "median": 0.253858625889,
        "min": 0.140767991543,
        "var": 0.00168690446299
    },
    "erbbands_kurtosis": {
        "dmean": 1.79470264912,
        "dmean2": 2.85917496681,
        "dvar": 5.31060695648,
        "dvar2": 13.1408081055,
        "max": 23.3634166718,
        "mean": 1.89848053455,
        "median": 0.660327911377,
        "min": -1.7774939537,
        "var": 12.315618515
    },
    "erbbands_skewness": {
        "dmean": 0.476121515036,
        "dmean2": 0.740948021412,
        "dvar": 0.177703738213,
        "dvar2": 0.413727521896,
        "max": 4.17482805252,
        "mean": 0.847887158394,
        "median": 0.804315149784,
        "min": -3.30025291443,
        "var": 0.703562915325
    },
    "erbbands_spread": {
        "dmean": 6.31365871429,
        "dmean2": 9.97531223297,
        "dvar": 39.9653739929,
        "dvar2": 96.6585388184,
        "max": 92.0851669312,
        "mean": 25.5209465027,
        "median": 22.9130840302,
        "min": 3.00654244423,
        "var": 196.898803711
    },
    "hfc": {
        "dmean": 5.55679607391,
        "dmean2": 8.70473861694,
        "dvar": 108.35395813,
        "dvar2": 267.491821289,
        "max": 323.54776001,
        "mean": 17.88904953,
        "median": 11.5157423019,
        "min": 0.00010049186676,
        "var": 381.454437256
    },
    "melbands_crest": {
        "dmean": 3.23984622955,
        "dmean2": 5.44581508636,
        "dvar": 7.26635837555,
        "dvar2": 21.3901519775,
        "max": 32.1223373413,
        "mean": 11.7527370453,
        "median": 11.0584192276,
        "min": 4.45600509644,
        "var": 16.0949954987
    },
    "melbands_flatness_db": {
        "dmean": 0.0186734478921,
        "dmean2": 0.0294534210116,
        "dvar": 0.00022879379685,
        "dvar2": 0.000580638472456,
        "max": 0.349285453558,
        "mean": 0.195016026497,
        "median": 0.192367866635,
        "min": 0.049493201077,
        "var": 0.00203401176259
    },
    "melbands_kurtosis": {
        "dmean": 3.05944061279,
        "dmean2": 4.86707544327,
        "dvar": 10.9806241989,
        "dvar2": 27.6667518616,
        "max": 42.6041641235,
        "mean": 6.27508878708,
        "median": 4.94495391846,
        "min": -1.67663478851,
        "var": 32.583152771
    },
    "melbands_skewness": {
        "dmean": 0.508314192295,
        "dmean2": 0.804123222828,
        "dvar": 0.185387402773,
        "dvar2": 0.478377312422,
        "max": 4.59260368347,
        "mean": 1.63468742371,
        "median": 1.6158503294,
        "min": -0.979965150356,
        "var": 0.832795977592
    },
    "melbands_spread": {
        "dmean": 5.62316608429,
        "dmean2": 9.075091362,
        "dvar": 40.2087249756,
        "dvar2": 99.9891815186,
        "max": 93.1530838013,
        "mean": 20.3749256134,
        "median": 17.5814666748,
        "min": 3.5394411087,
        "var": 123.150733948
    },
    "pitch_salience": {
        "dmean": 0.0684580057859,
        "dmean2": 0.111533053219,
        "dvar": 0.0029488792643,
        "dvar2": 0.00786265544593,
        "max": 0.807227909565,
        "mean": 0.566507875919,
        "median": 0.573149502277,
        "min": 0.229889705777,
        "var": 0.00729596428573
    },
    "silence_rate_20dB": {
        "dmean": 0,
        "dmean2": 0,
        "dvar": 0,
        "dvar2": 0,
        "max": 1,
        "mean": 1,
        "median": 1,
        "min": 1,
        "var": 0
    },
    "silence_rate_30dB": {
        "dmean": 0.00154798757285,
        "dmean2": 0.00309717375785,
        "dvar": 0.00154559046496,
        "dvar2": 0.00308757810853,
        "max": 1,
        "mean": 0.997292041779,
        "median": 1,
        "min": 0,
        "var": 0.00270058610477
    },
    "silence_rate_60dB": {
        "dmean": 0.00773993786424,
        "dmean2": 0.0154858687893,
        "dvar": 0.00767931342125,
        "dvar2": 0.0183437131345,
        "max": 1,
        "mean": 0.0243713725358,
        "median": 0,
        "min": 0,
        "var": 0.0237784534693
    },
    "spectral_centroid": {
        "dmean": 219.653778076,
        "dmean2": 336.882476807,
        "dvar": 51249.609375,
        "dvar2": 117820.976562,
        "max": 3290.93139648,
        "mean": 1331.80480957,
        "median": 1229.9263916,
        "min": 498.188812256,
        "var": 221930.484375
    },
    "spectral_complexity": {
        "dmean": 2.25619196892,
        "dmean2": 3.5547811985,
        "dvar": 3.92354249954,
        "dvar2": 9.29075813293,
        "max": 48,
        "mean": 15.0363636017,
        "median": 13,
        "min": 0,
        "var": 51.7510223389
    },
    "spectral_decrease": {
        "dmean": 1.13957432379e-09,
        "dmean2": 1.84793480518e-09,
        "dvar": 2.9539227652e-18,
        "dvar2": 7.69542915625e-18,
        "max": -4.16802594026e-15,
        "mean": -3.8349923237e-09,
        "median": -2.55396193083e-09,
        "min": -4.06568325673e-08,
        "var": 1.26048594155e-17
    },
    "spectral_energy": {
        "dmean": 0.0047270571813,
        "dmean2": 0.00764064211398,
        "dvar": 5.31703590241e-05,
        "dvar2": 0.000137426672154,
        "max": 0.18279491365,
        "mean": 0.0160967539996,
        "median": 0.0106936730444,
        "min": 2.48459937069e-08,
        "var": 0.000225225274335
    },
    "spectral_energyband_high": {
        "dmean": 0.000208621626371,
        "dmean2": 0.000327903486323,
        "dvar": 2.55307980979e-07,
        "dvar2": 6.95203709711e-07,
        "max": 0.0116941854358,
        "mean": 0.000478936592117,
        "median": 0.000204730400583,
        "min": 6.08575811967e-09,
        "var": 5.38313031484e-07
    },
    "spectral_energyband_low": {
        "dmean": 2.88402316073e-05,
        "dmean2": 4.77925568703e-05,
        "dvar": 1.29341941602e-08,
        "dvar2": 3.43259536351e-08,
        "max": 0.00254697538912,
        "mean": 3.87448562833e-05,
        "median": 2.831362508e-06,
        "min": 5.90350338059e-11,
        "var": 1.27908741376e-08
    },
    "spectral_energyband_middle_high": {
        "dmean": 0.00310338218696,
        "dmean2": 0.00493653630838,
        "dvar": 3.02631979139e-05,
        "dvar2": 7.2815673775e-05,
        "max": 0.168176367879,
        "mean": 0.00755782891065,
        "median": 0.00493894936517,
        "min": 1.16759828472e-08,
        "var": 9.09889204195e-05
    },
    "spectral_energyband_middle_low": {
        "dmean": 0.00298853730783,
        "dmean2": 0.00484337797388,
        "dvar": 2.29892793868e-05,
        "dvar2": 6.0590897192e-05,
        "max": 0.124946825206,
        "mean": 0.00852028932422,
        "median": 0.00564547581598,
        "min": 3.89905352449e-09,
        "var": 7.65373115428e-05
    },
    "spectral_entropy": {
        "dmean": 0.137986108661,
        "dmean2": 0.214590728283,
        "dvar": 0.0143247256055,
        "dvar2": 0.033530510962,
        "max": 8.3065366745,
        "mean": 7.29959440231,
        "median": 7.33279752731,
        "min": 5.96233797073,
        "var": 0.0963127836585
    },
    "spectral_flux": {
        "dmean": 0.0138308880851,
        "dmean2": 0.0226669423282,
        "dvar": 0.000185386044905,
        "dvar2": 0.000485972996103,
        "max": 0.321536719799,
        "mean": 0.0656518191099,
        "median": 0.0593290627003,
        "min": 0.000157626112923,
        "var": 0.000890235882252
    },
    "spectral_kurtosis": {
        "dmean": 1.92205691338,
        "dmean2": 3.29013586044,
        "dvar": 4.33370018005,
        "dvar2": 12.811580658,
        "max": 26.1389904022,
        "mean": 4.58869695663,
        "median": 3.92785930634,
        "min": -0.917412757874,
        "var": 11.5081186295
    },
    "spectral_rms": {
        "dmean": 0.000537167943548,
        "dmean2": 0.000853006087709,
        "dvar": 2.79262366121e-07,
        "dvar2": 6.97321581811e-07,
        "max": 0.0133542688563,
        "mean": 0.00366787053645,
        "median": 0.00322999246418,
        "min": 4.9234126891e-06,
        "var": 2.25086319006e-06
    },
    "spectral_rolloff": {
        "dmean": 474.217163086,
        "dmean2": 821.157287598,
        "dvar": 776366.9375,
        "dvar2": 1879663,
        "max": 9668.40820312,
        "mean": 1693.88391113,
        "median": 1313.52539062,
        "min": 559.86328125,
        "var": 1302517.125
    },
    "spectral_skewness": {
        "dmean": 0.234671667218,
        "dmean2": 0.37964168191,
        "dvar": 0.0477007217705,
        "dvar2": 0.122219331563,
        "max": 4.0256228447,
        "mean": 1.59436845779,
        "median": 1.56165444851,
        "min": -0.0520244017243,
        "var": 0.270028889179
    },
    "spectral_spread": {
        "dmean": 371194.09375,
        "dmean2": 522289.75,
        "dvar": 147480576000,
        "dvar2": 274726731776,
        "max": 9538077,
        "mean": 3897323.5,
        "median": 3529912,
        "min": 1690987.375,
        "var": 1.82759286374e+12
    },
    "spectral_strongpeak": {
        "dmean": 0.820330142975,
        "dmean2": 1.35899686813,
        "dvar": 1.66134655476,
        "dvar2": 4.21668815613,
        "max": 27.853597641,
        "mean": 1.52233934402,
        "median": 1.17669606209,
        "min": 0.00224997545592,
        "var": 2.14231705666
    },
    "zerocrossingrate": {
        "dmean": 0.00751828402281,
        "dmean2": 0.00911382678896,
        "dvar": 6.03421322012e-05,
        "dvar2": 9.16031567613e-05,
        "max": 0.20361328125,
        "mean": 0.067358635366,
        "median": 0.060546875,
        "min": 0.02001953125,
        "var": 0.000705314683728
    },
    "barkbands": {
        "dmean": [8.77353272699e-07, 1.62499418366e-05, 9.75379953161e-06, 1.97045992536e-05, 0.000655897951219, 0.00130660517607, 0.00069182907464, 0.000695813330822, 0.000990557833575, 0.0019781885203, 0.000680256111082, 0.000427481922088, 0.00030603952473, 0.000206115699257, 0.000479313515825, 0.00061830773484, 0.000200499387574, 9.87120292848e-05, 0.000259624357568, 9.74300564849e-05, 8.05981981102e-05, 3.85564126191e-05, 5.34842001798e-05, 5.45637485629e-05, 2.10994548979e-05, 3.29592388937e-08, 5.95962834637e-10],
        "dmean2": [1.46138029322e-06, 2.61654549831e-05, 1.67096604855e-05, 3.25146102114e-05, 0.00106704130303, 0.00232432340272, 0.000938654527999, 0.00109484524, 0.00150179245975, 0.00323420320638, 0.00108249415644, 0.000634891621303, 0.000460372160887, 0.000303019653074, 0.000776473199949, 0.000969274900854, 0.000316429155646, 0.000157847738592, 0.000432091532275, 0.000161674790434, 0.000133806926897, 6.16297475062e-05, 8.64965695655e-05, 8.76551421243e-05, 3.10721879941e-05, 5.2966431241e-08, 1.10202968973e-09],
        "dvar": [3.93688449896e-11, 8.78647021807e-09, 8.69144312077e-10, 4.72883021629e-09, 7.13911845196e-07, 1.12366469693e-05, 9.68414610725e-07, 1.04991897842e-06, 1.05675935629e-05, 6.35631249679e-06, 2.57365832113e-06, 1.27630744373e-06, 8.85999554612e-07, 3.79707813636e-07, 6.76672652844e-06, 8.14310078567e-06, 3.67895609088e-07, 6.37507469037e-08, 6.56025292756e-07, 6.13222397305e-08, 8.33521127674e-08, 1.07127595683e-08, 3.5733471293e-08, 5.6300994089e-08, 3.68733688028e-09, 8.6828652856e-15, 8.28419108725e-19],
        "dvar2": [9.39007274714e-11, 2.37975896766e-08, 2.36438468804e-09, 1.1881265749e-08, 1.94066797121e-06, 3.63544240827e-05, 2.19754679165e-06, 2.4858290999e-06, 2.57190313278e-05, 1.48460449054e-05, 6.05795366937e-06, 2.37024346461e-06, 1.86597583252e-06, 8.25402764804e-07, 1.67992620845e-05, 1.8965358322e-05, 8.53056576489e-07, 1.52279994836e-07, 1.70481246187e-06, 1.70349593986e-07, 2.39640854716e-07, 2.72637876719e-08, 8.26676753718e-08, 1.55367700927e-07, 7.4791817184e-09, 2.25167937274e-14, 2.57726586648e-18],
        "max": [0.000151653337525, 0.00232052407227, 0.000627961358987, 0.00159940880258, 0.0108031816781, 0.0550601892173, 0.0167398881167, 0.0206560343504, 0.107010625303, 0.0610565878451, 0.0557901188731, 0.0343265682459, 0.0203729681671, 0.012855252251, 0.0743434950709, 0.114931158721, 0.0177506692708, 0.00482785329223, 0.0144569249824, 0.00498335063457, 0.00910042133182, 0.00222227792256, 0.00433046603575, 0.00677940156311, 0.00230163894594, 2.60471165348e-06, 9.15967124371e-09],
        "mean": [8.75720161275e-07, 1.74945434992e-05, 1.02359772427e-05, 3.9264010411e-05, 0.00117884995416, 0.00218102731742, 0.00146671012044, 0.00113472051453, 0.0016296521062, 0.00295703276061, 0.000975486182142, 0.000715112430044, 0.000505972944666, 0.00033357689972, 0.000657214666717, 0.000933134055231, 0.00031998520717, 0.000159274655744, 0.00032565285801, 0.000151234809891, 0.000123707213788, 6.68974316795e-05, 7.64455180615e-05, 8.49109128467e-05, 5.220220919e-05, 6.7335491849e-08, 5.25462173773e-10],
        "median": [1.78395453077e-07, 1.49480410983e-06, 7.15724581823e-07, 1.20655261071e-06, 0.00083703402197, 0.000193309577298, 0.000900301500224, 0.000680816534441, 0.000847029965371, 0.00204217713326, 0.000322226696881, 0.000232055783272, 5.35159415449e-05, 4.31738444604e-05, 0.000100839832157, 0.000164509387105, 5.28791460965e-05, 4.6198390919e-05, 8.17781910882e-05, 4.81785173179e-05, 4.08540145145e-05, 1.95617594727e-05, 9.90529497358e-06, 1.77790570888e-05, 8.95922221389e-06, 8.9761282851e-09, 2.22487320234e-10],
        "min": [4.49900394717e-11, 3.3212758932e-11, 7.61183043679e-12, 3.96264097924e-11, 6.02316252429e-10, 3.8440861605e-10, 1.59176172243e-09, 2.56505289231e-10, 8.80582939899e-10, 9.1977919725e-10, 7.64009466803e-10, 1.50867074389e-09, 2.84084478164e-10, 4.99111973973e-10, 5.88696591475e-10, 5.84064752118e-09, 1.4441764451e-10, 2.56328402948e-10, 8.53277282165e-10, 5.39394751087e-10, 1.41064471215e-09, 7.51180284642e-10, 2.7667496072e-10, 1.38416292317e-10, 3.82997904225e-11, 1.54732806429e-11, 2.42453817439e-11],
        "var": [3.47409011281e-11, 6.79665346226e-09, 9.55602930119e-10, 1.58045434517e-08, 1.34981314659e-06, 2.65370945272e-05, 3.28618511958e-06, 2.21034792958e-06, 1.59081591846e-05, 1.09816719487e-05, 4.92905928695e-06, 2.92518234346e-06, 1.86556951576e-06, 8.14526629256e-07, 8.92088246474e-06, 1.59792580234e-05, 6.95944834206e-07, 1.2523285875e-07, 7.50188007714e-07, 8.77068373484e-08, 9.10734172521e-08, 1.90131768107e-08, 5.85262789343e-08, 5.79664600764e-08, 1.41673686116e-08, 2.62989313622e-14, 6.77118313811e-19]
    },
    "erbbands": {
        "dmean": [0.000371967762476, 0.00396386627108, 0.0110176466405, 0.0369203686714, 0.262863099575, 2.29378604889, 4.53417873383, 16.3727531433, 11.055762291, 9.37285327911, 12.5518074036, 24.8105697632, 52.9711151123, 32.0100975037, 33.7114486694, 13.3097171783, 13.3095159531, 9.83609962463, 23.2498397827, 22.1877765656, 31.34674263, 9.89487266541, 6.34041929245, 5.06500530243, 15.6620550156, 4.25443744659, 4.69490528107, 1.94533383846, 1.18242394924, 1.06096053123, 1.927308321, 1.82555186749, 0.469679027796, 0.42186743021, 0.0239685662091, 0.00101004366297, 5.08505399921e-05, 7.00014970789e-06, 3.58224929187e-06, 5.86802252656e-06],
        "dmean2": [0.000629165326245, 0.00633529480547, 0.0183182973415, 0.0609324909747, 0.365344792604, 3.73136210442, 7.36002779007, 29.304391861, 15.3299064636, 14.277258873, 19.5050106049, 37.8221969604, 87.0976638794, 51.6398925781, 54.1911888123, 19.7891101837, 19.7528820038, 14.5175275803, 37.3821563721, 36.3050270081, 47.3414459229, 15.5161619186, 10.1020936966, 8.0776052475, 26.297908783, 6.89107942581, 8.01935005188, 3.09135460854, 1.8752746582, 1.6965610981, 3.08541417122, 3.04898762703, 0.690008401871, 0.613758862019, 0.0370156317949, 0.00154470186681, 7.58452806622e-05, 1.04003456727e-05, 5.60813987249e-06, 9.43413215282e-06],
        "dvar": [1.016537135e-05, 0.000375220290152, 0.00101797352545, 0.013142535463, 0.305757939816, 8.95680141449, 42.4118003845, 1849.7208252, 196.590713501, 186.191665649, 460.850860596, 7178.62207031, 7380.1640625, 2009.36633301, 5295.99365234, 1610.55712891, 1539.38122559, 698.479858398, 16603.5566406, 16071.1689453, 12409.9960938, 807.116638184, 248.436767578, 208.057998657, 2510.55102539, 161.488739014, 383.333557129, 21.5179901123, 7.18301916122, 13.3510761261, 45.0528106689, 74.1452026367, 1.86695766449, 1.49111330509, 0.00403294432908, 7.13721237844e-06, 1.68504357134e-08, 2.58194687852e-10, 3.02304049848e-11, 8.39540242881e-11],
        "dvar2": [2.79044616036e-05, 0.0010016412707, 0.0026954675559, 0.0342063643038, 0.587518692017, 24.7918567657, 108.411758423, 6085.50732422, 455.856140137, 422.015533447, 1060.34594727, 17691.5253906, 16868.5839844, 4649.26025391, 12897.578125, 2938.23120117, 3143.97338867, 1565.79345703, 40589.828125, 42559.21875, 27414.875, 1832.71325684, 581.162719727, 548.567382812, 6536.33056641, 454.400177002, 1117.15441895, 54.7594261169, 18.0223522186, 33.2128448486, 103.893302917, 206.424438477, 4.47340011597, 2.99919724464, 0.00862725358456, 1.50304485942e-05, 3.37896857161e-08, 5.39835509628e-10, 7.28335725064e-11, 2.1399615413e-10],
        "max": [0.0681820958853, 0.505205571651, 0.529721081257, 2.22080469131, 14.994893074, 34.1445922852, 132.524047852, 684.992858887, 272.016845703, 377.535583496, 515.310058594, 3355.65966797, 2253.78076172, 844.88293457, 2313.11401367, 1242.39990234, 944.009094238, 594.964599609, 4314.90722656, 4697.47363281, 4185.06103516, 550.36114502, 326.736450195, 422.645690918, 923.180908203, 333.330200195, 632.600646973, 83.00440979, 61.5101013184, 83.7108383179, 154.335266113, 243.664749146, 33.6619873047, 45.676486969, 2.2249610424, 0.0954914242029, 0.0049031060189, 0.00058527989313, 0.000124631595099, 0.000242549998802],
        "mean": [0.000351195631083, 0.00440739281476, 0.0133270723745, 0.0731630176306, 0.801801264286, 4.23303031921, 8.15580177307, 26.273267746, 24.3856525421, 20.2526683807, 21.5570697784, 43.2101249695, 83.1784820557, 49.3860626221, 53.6098899841, 25.0575122833, 23.3710460663, 18.6012401581, 33.3659973145, 34.2347259521, 48.1320075989, 17.366071701, 10.9552612305, 8.24967098236, 19.5207500458, 7.23266077042, 6.48463869095, 3.63603305817, 2.2836933136, 1.6818561554, 2.73875403404, 2.43936419487, 1.00697398186, 1.05930507183, 0.0597576014698, 0.00263243634254, 0.000146698439494, 2.09153076867e-05, 1.30292955873e-05, 2.08271376323e-05],
        "median": [4.45395307906e-05, 0.000355393538484, 0.0013008590322, 0.0158534646034, 0.288657099009, 2.85462069511, 4.40739297867, 1.92914998531, 15.5603084564, 13.1493635178, 14.439786911, 23.3736991882, 56.9040908813, 32.2152938843, 22.7030620575, 8.1134595871, 2.7526447773, 2.36549711227, 5.1012711525, 5.98648786545, 9.5521736145, 3.75056743622, 3.11759924889, 2.35565805435, 5.36416101456, 2.54640769958, 2.20792484283, 1.06152653694, 0.776028394699, 0.345106005669, 0.327493965626, 0.322688609362, 0.263254702091, 0.181941017509, 0.0154979880899, 0.0006946704234, 4.57316928077e-05, 8.58573639562e-06, 9.00352461031e-06, 1.40753354572e-05],
        "min": [1.00051167351e-09, 7.09125247411e-09, 1.23409531483e-08, 6.45586197834e-08, 5.94875245952e-07, 1.6778991494e-06, 4.85210557599e-06, 3.70538054995e-06, 2.40023255174e-05, 8.10278652352e-06, 8.89610601007e-06, 1.36347607622e-05, 2.50009725278e-05, 4.07561055908e-05, 5.3953142924e-05, 4.09946733271e-05, 1.43057495734e-05, 2.54324186244e-05, 3.76165990019e-05, 4.06219587603e-05, 0.000385731487768, 3.8256366679e-05, 1.55656707648e-05, 2.85449659714e-05, 4.18404852098e-05, 3.18075581163e-05, 7.9780285887e-05, 2.43163412961e-05, 2.39259152295e-05, 1.98208399524e-05, 8.04981846159e-06, 5.11468670084e-06, 1.75563525318e-06, 6.18428316557e-07, 1.68694839431e-07, 7.26255251493e-08, 3.20160964407e-08, 1.33741657748e-08, 3.8061744867e-09, 5.12734854574e-10],
        "var": [6.81537949276e-06, 0.000326080305967, 0.00132245034911, 0.0324146896601, 1.38083457947, 18.7627677917, 119.473358154, 4032.65307617, 778.888000488, 637.294128418, 762.951904297, 11539.0078125, 12125.6591797, 3585.13037109, 10969.2910156, 4042.54199219, 3704.47509766, 1705.44897461, 23120.0273438, 22616.546875, 23351.4882812, 1568.81774902, 504.49105835, 392.87512207, 2662.06225586, 221.669845581, 357.656585693, 48.3443527222, 15.2780036926, 21.3775787354, 77.7535476685, 72.3346176147, 3.76494312286, 5.86197805405, 0.0155145479366, 2.91974592983e-05, 7.36686871505e-08, 1.06994857418e-09, 1.36445715837e-10, 3.6013306226e-10]
    },
    "gfcc": {
        "mean": [-66.2041473389, 91.100692749, -190.378982544, -1.58516490459, -114.998268127, -8.1856918335, -49.2086448669, -1.31422579288, -19.9062004089, -21.7479858398, -2.93409323692, -16.0995349884, 19.6598567963],
        "cov": [[3193.85620117, -414.289825439, -115.407081604, 385.306640625, 162.907455444, 209.610275269, -273.671203613, -21.3425769806, -20.6758117676, 233.504928589, 214.04624939, 46.8932189941, -71.0537948608], [-414.289825439, 814.089599609, -208.196762085, -32.893196106, 301.746154785, -148.497528076, 172.75189209, -266.878143311, 187.282226562, -56.4639320374, 20.7632446289, -36.9767570496, 2.79049491882], [-115.407081604, -208.196762085, 557.786010742, 45.3598060608, -196.433883667, 175.101303101, -130.227386475, 198.343261719, -137.127868652, 2.06260943413, -43.4659614563, -40.9677963257, -51.6516418457], [385.306640625, -32.893196106, 45.3598060608, 361.980194092, 32.1844215393, -16.0004997253, 10.9941320419, -9.73802852631, 48.3984451294, -25.5569400787, 6.4035282135, -14.6349201202, -86.8398590088], [162.907455444, 301.746154785, -196.433883667, 32.1844215393, 395.97088623, 14.1515140533, -9.61899662018, -53.7035980225, 66.1837844849, 73.6295318604, 13.0565919876, -15.8048934937, 21.2624359131], [209.610275269, -148.497528076, 175.101303101, -16.0004997253, 14.1515140533, 308.15826416, -66.2756118774, 35.5066833496, -35.2516555786, 82.8293533325, 40.6692581177, 10.259054184, -9.74881744385], [-273.671203613, 172.75189209, -130.227386475, 10.9941320419, -9.61899662018, -66.2756118774, 242.578857422, -90.7970428467, 50.6589546204, -38.258014679, 16.3536586761, 8.49293518066, 16.3646030426], [-21.3425769806, -266.878143311, 198.343261719, -9.73802852631, -53.7035980225, 35.5066833496, -90.7970428467, 306.484313965, -116.848007202, 9.38664913177, -28.5349903107, -0.858695328236, 3.51096510887], [-20.6758117676, 187.282226562, -137.127868652, 48.3984451294, 66.1837844849, -35.2516555786, 50.6589546204, -116.848007202, 186.841781616, -29.7288303375, 0.179551571608, 18.9732913971, -14.1866159439], [233.504928589, -56.4639320374, 2.06260943413, -25.5569400787, 73.6295318604, 82.8293533325, -38.258014679, 9.38664913177, -29.7288303375, 183.135742188, 41.7221908569, -8.22134399414, 26.8451023102], [214.04624939, 20.7632446289, -43.4659614563, 6.4035282135, 13.0565919876, 40.6692581177, 16.3536586761, -28.5349903107, 0.179551571608, 41.7221908569, 160.730148315, 50.4607124329, -13.7964954376], [46.8932189941, -36.9767570496, -40.9677963257, -14.6349201202, -15.8048934937, 10.259054184, 8.49293518066, -0.858695328236, 18.9732913971, -8.22134399414, 50.4607124329, 113.31942749, 34.5189285278], [-71.0537948608, 2.79049491882, -51.6516418457, -86.8398590088, 21.2624359131, -9.74881744385, 16.3646030426, 3.51096510887, -14.1866159439, 26.8451023102, -13.7964954376, 34.5189285278, 107.461456299]],
        "icov": [[0.000593152886722, 8.8528249762e-05, 0.000549068616237, -0.000831003882922, 0.000138917137519, -0.000364839012036, 0.000818487722427, 9.60888792179e-05, 0.000230701261899, -0.000380238314392, -0.000554964353796, 0.000103733713331, -0.000185222001164], [8.8528249762e-05, 0.0098518319428, -0.00788632500917, 0.00459981895983, -0.0107585620135, 0.00684786774218, -0.00537403253838, 0.0068923085928, -0.00563775096089, 0.0036148247309, -0.00448735943064, 0.00244010193273, 6.51523587294e-05], [0.000549068616237, -0.00788632500917, 0.0116281649098, -0.0055049629882, 0.0108619127423, -0.00843418296427, 0.00622643111274, -0.00705765048042, 0.00600489089265, -0.00293476344086, 0.00400357367471, -0.000649368215818, 0.000324951251969], [-0.000831003882922, 0.00459981895983, -0.0055049629882, 0.00725997472182, -0.00621798913926, 0.00454485835508, -0.00436424510553, 0.00317009771243, -0.00380723061971, 0.00204622372985, -0.00114701222628, 7.35924695618e-05, 0.00357086909935], [0.000138917137519, -0.0107585620135, 0.0108619127423, -0.00621798913926, 0.0158785656095, -0.00869831535965, 0.0070502795279, -0.0080648297444, 0.00534825120121, -0.00510106841102, 0.00467071309686, -0.000988295534626, -0.00127626827452], [-0.000364839012036, 0.00684786774218, -0.00843418296427, 0.00454485835508, -0.00869831535965, 0.0104316053912, -0.00422610342503, 0.00548475421965, -0.00445180526003, 0.000886557623744, -0.00360613758676, 0.000240297973505, 0.000982171506621], [0.000818487722427, -0.00537403253838, 0.00622643111274, -0.00436424510553, 0.0070502795279, -0.00422610342503, 0.00968245510012, -0.00290239066817, 0.00304972426966, -0.00147860858124, 0.000671800109558, -5.30267243448e-05, -0.00213601742871], [9.60888792179e-05, 0.0068923085928, -0.00705765048042, 0.00317009771243, -0.0080648297444, 0.00548475421965, -0.00290239066817, 0.0101686017588, -0.00148247589823, 0.00245771626942, -0.00237861392088, 0.000202611816349, 7.69517864683e-05], [0.000230701261899, -0.00563775096089, 0.00600489089265, -0.00380723061971, 0.00534825120121, -0.00445180526003, 0.00304972426966, -0.00148247589823, 0.0122477700934, -0.00146909535397, 0.00409042602405, -0.0039358115755, 0.00200382620096], [-0.000380238314392, 0.0036148247309, -0.00293476344086, 0.00204622372985, -0.00510106841102, 0.000886557623744, -0.00147860858124, 0.00245771626942, -0.00146909535397, 0.0099113965407, -0.00404478935525, 0.0036253768485, -0.00322149135172], [-0.000554964353796, -0.00448735943064, 0.00400357367471, -0.00114701222628, 0.00467071309686, -0.00360613758676, 0.000671800109558, -0.00237861392088, 0.00409042602405, -0.00404478935525, 0.0123678063974, -0.00699032749981, 0.00485484441742], [0.000103733713331, 0.00244010193273, -0.000649368215818, 7.35924695618e-05, -0.000988295534626, 0.000240297973505, -5.30267243448e-05, 0.000202611816349, -0.0039358115755, 0.0036253768485, -0.00699032749981, 0.0154625857249, -0.00731824617833], [-0.000185222001164, 6.51523587294e-05, 0.000324951251969, 0.00357086909935, -0.00127626827452, 0.000982171506621, -0.00213601742871, 7.69517864683e-05, 0.00200382620096, -0.00322149135172, 0.00485484441742, -0.00731824617833, 0.0169310811907]]
    },
    "melbands": {
        "dmean": [3.90151080865e-06, 5.52812161914e-06, 9.18859404919e-06, 7.19585223123e-05, 0.000168387283338, 0.000316409103107, 0.000167209058418, 0.00012326099386, 9.8055046692e-05, 0.000161753472639, 0.000283143570414, 0.000161422198289, 9.59421668085e-05, 6.42400191282e-05, 2.63801066467e-05, 3.3898417314e-05, 1.69592476595e-05, 3.63434264727e-05, 3.34858414135e-05, 4.00443132094e-05, 3.55036718247e-05, 1.11507160909e-05, 7.92844275566e-06, 4.5425758799e-06, 3.38338941219e-06, 1.4382799236e-05, 5.53682139071e-06, 2.77023855233e-06, 4.19427988163e-06, 1.14188128464e-06, 1.21808159292e-06, 7.48183992982e-07, 8.96061465028e-07, 5.0572600685e-07, 1.325495532e-06, 1.4400964119e-06, 8.77493221196e-07, 4.03515116432e-07, 3.61488901035e-07, 3.16362815056e-07],
        "dmean2": [6.37945367998e-06, 9.02513602341e-06, 1.41962664202e-05, 0.000112594258098, 0.000274285615887, 0.000566016184166, 0.00023031332239, 0.000192344101379, 0.000150665247929, 0.000246269832132, 0.000465773162432, 0.000261565379333, 0.000153857094119, 9.9404634966e-05, 3.77147152903e-05, 5.06801661686e-05, 2.52231711784e-05, 5.77964601689e-05, 5.400635564e-05, 6.46692642476e-05, 5.44370923308e-05, 1.75205586856e-05, 1.27724415506e-05, 7.33713523005e-06, 5.51781340619e-06, 2.42479163717e-05, 9.17088345886e-06, 4.60298770122e-06, 7.26724965716e-06, 1.85300757494e-06, 1.96292035071e-06, 1.22748315334e-06, 1.48394599364e-06, 8.1439850419e-07, 2.15420618588e-06, 2.39937276092e-06, 1.46551963098e-06, 6.43135422251e-07, 5.24942890934e-07, 4.70042976985e-07],
        "dvar": [7.58303975168e-10, 3.21583648599e-10, 8.8079465943e-10, 8.7844647112e-09, 5.44216440801e-08, 6.8858122404e-07, 4.70065977254e-08, 2.88058661368e-08, 3.23497957311e-08, 3.07668386768e-07, 1.91953347439e-07, 4.66596645765e-08, 5.88777027133e-08, 1.75381043022e-08, 1.72769141216e-08, 8.38821190285e-09, 2.33749308798e-09, 3.57439482457e-08, 3.60386067655e-08, 6.31913010807e-08, 1.2437585184e-08, 1.21592158564e-09, 4.10695810693e-10, 1.69006086903e-10, 1.22778676115e-10, 2.35514341362e-09, 1.84951109983e-10, 1.07907023594e-10, 3.32829097616e-10, 8.58590976094e-12, 8.95984241661e-12, 3.15244531868e-12, 1.16248859497e-11, 3.23914983377e-12, 2.73109451721e-11, 3.14455614325e-11, 1.87983448252e-11, 1.77538225007e-12, 1.1547563036e-12, 8.09680556109e-13],
        "dvar2": [2.07204742253e-09, 8.26409274346e-10, 2.02523953163e-09, 2.21099369924e-08, 1.40488182865e-07, 2.25324038183e-06, 1.09665464265e-07, 6.66832562501e-08, 7.10577907626e-08, 7.69599296291e-07, 4.37435545564e-07, 1.11436030181e-07, 1.4112589497e-07, 3.73766013695e-08, 3.07442427072e-08, 1.85209394488e-08, 5.21121634733e-09, 8.68045688662e-08, 8.98519871839e-08, 1.48488311424e-07, 2.91892998661e-08, 2.7981037487e-09, 1.00134578407e-09, 4.40711633853e-10, 3.33514660333e-10, 6.15103212809e-09, 4.96308993903e-10, 3.14600095974e-10, 9.71406399763e-10, 2.29488077846e-11, 2.27907640676e-11, 8.20324971146e-12, 3.01936531333e-11, 7.95245119756e-12, 6.256582058e-11, 8.34946972672e-11, 5.28989907433e-11, 4.62338110505e-12, 2.28340935569e-12, 1.67378903706e-12],
        "max": [0.000657478987705, 0.000343147112289, 0.00078636361286, 0.00121137476526, 0.00404737144709, 0.0132848117501, 0.00403050007299, 0.0047528767027, 0.00410540774465, 0.0204051639885, 0.0113856280223, 0.00362076493911, 0.00918128807098, 0.00350945419632, 0.00464636133984, 0.00183443934657, 0.0011007708963, 0.00655397679657, 0.0048950901255, 0.00971210841089, 0.00309262028895, 0.000860358646605, 0.00046078057494, 0.000296261539916, 0.000370512570953, 0.000860809755977, 0.000189919985132, 0.000290553318337, 0.000574567355216, 5.40129003639e-05, 5.68390205444e-05, 4.73293803225e-05, 7.94545558165e-05, 3.45561493305e-05, 0.000136014568852, 0.000128119470901, 0.000123875593999, 2.40974059125e-05, 4.47159472969e-05, 3.15939032589e-05],
        "mean": [4.00674980483e-06, 6.54666655464e-06, 2.07109587791e-05, 0.000169409366208, 0.000297419464914, 0.000511132355314, 0.000368055742001, 0.000244182971073, 0.000166704514413, 0.000271999568213, 0.000435812573414, 0.000229411583859, 0.000146294507431, 0.000114362694148, 4.18967829319e-05, 5.70536285522e-05, 2.88796982204e-05, 5.01882423123e-05, 4.50489787909e-05, 5.98885635554e-05, 5.26776166225e-05, 1.76321882464e-05, 1.25785136333e-05, 6.98851636116e-06, 5.25528957951e-06, 1.67571506609e-05, 8.00874204288e-06, 3.97855137635e-06, 5.08820994582e-06, 2.0377610781e-06, 2.09469180845e-06, 1.32771742756e-06, 1.21669654618e-06, 7.37985260457e-07, 1.66155518855e-06, 1.85637304639e-06, 1.13796761525e-06, 6.78287392475e-07, 8.90672765763e-07, 7.92818809714e-07],
        "median": [4.04046431868e-07, 4.7418535587e-07, 4.76900368085e-06, 9.60176694207e-05, 0.000168151498656, 3.11003532261e-05, 0.000232139514992, 0.000155650544912, 0.000109571337816, 0.000143951328937, 0.000298486324027, 0.000147058977745, 5.55095721211e-05, 4.72149949928e-05, 4.01594979849e-06, 5.69442227061e-06, 3.35482036462e-06, 7.55869541536e-06, 6.73907379678e-06, 9.36033393373e-06, 9.9629169199e-06, 3.063062195e-06, 2.93746643365e-06, 1.87762486803e-06, 1.16933085792e-06, 3.88509397453e-06, 2.47110256169e-06, 1.14030933673e-06, 1.56756493652e-06, 5.22457639818e-07, 5.47119554994e-07, 4.77895980566e-07, 2.02856099918e-07, 1.46259722555e-07, 1.63615766269e-07, 2.23512898856e-07, 1.5147699628e-07, 1.73364441025e-07, 1.65820992493e-07, 1.34931823936e-07],
        "min": [1.03386353298e-11, 7.86171041461e-12, 2.62379597216e-11, 6.63921834176e-11, 1.64371544153e-10, 8.56761328549e-11, 3.5666611331e-10, 6.69525337949e-11, 7.78019870751e-11, 1.05065761646e-10, 1.19890777861e-10, 1.59826415991e-10, 1.40616893129e-10, 2.12928882859e-10, 3.17024184682e-11, 2.77639387175e-11, 4.83313319921e-11, 6.20374238092e-11, 3.26515030291e-11, 1.28810059841e-10, 4.96331364896e-10, 1.00821365145e-11, 1.05510886486e-11, 1.28826871046e-11, 2.28749501979e-11, 3.73795057407e-11, 1.67253537409e-11, 1.85344985887e-11, 4.1495265557e-11, 1.94685587096e-11, 1.18379863204e-11, 1.27591158125e-11, 1.34448702171e-11, 7.66634151994e-12, 3.9861382424e-12, 5.1035547316e-12, 1.94450141752e-12, 1.43765218914e-12, 5.98442790548e-13, 4.66390706437e-13],
        "var": [5.36206301582e-10, 3.94133697901e-10, 2.63235433451e-09, 3.47382247412e-08, 1.4723943309e-07, 1.53869689257e-06, 1.84008129622e-07, 8.94206593216e-08, 5.7596739822e-08, 4.61132742657e-07, 3.19821253925e-07, 7.74898438749e-08, 1.09436200546e-07, 4.11241423137e-08, 3.77491282677e-08, 1.86648847489e-08, 5.18968690244e-09, 5.15541209722e-08, 4.46299992518e-08, 1.14871355095e-07, 2.13808988292e-08, 2.30378982558e-09, 7.05030644976e-10, 2.82360912429e-10, 2.43892073204e-10, 2.38038011524e-09, 2.42286551932e-10, 1.15228160347e-10, 2.98290336875e-10, 1.74360977045e-11, 1.85413125825e-11, 5.70516680773e-12, 1.52925901109e-11, 4.57853720215e-12, 4.0103604465e-11, 3.68412730878e-11, 1.69922617643e-11, 2.20671701398e-12, 4.04104050569e-12, 3.33230947176e-12]
    },
    "mfcc": {
        "mean": [-679.798217773, 107.525856018, -31.53332901, -20.7716693878, -37.5896453857, -33.9198265076, -19.9254665375, -11.7122049332, -3.80809497833, -6.79243087769, -22.1569519043, -12.046710968, -3.84135985374],
        "cov": [[3431.1262207, -498.319335938, -224.829147339, 210.500991821, 361.445251465, 249.994491577, 3.16356420517, -141.524673462, -226.729293823, 19.5033779144, 65.4689254761, 206.447540283, 145.044219971], [-498.319335938, 806.394714355, -378.203857422, 44.7577133179, 8.53321266174, 153.107315063, -36.5297470093, -57.0990638733, 48.005531311, -16.8835086823, -1.02303743362, 23.9628372192, -22.6798782349], [-224.829147339, -378.203857422, 782.687927246, -145.141296387, 8.36750984192, -114.864646912, 58.5167694092, 79.0338287354, -49.7086257935, 50.8544235229, 14.3897514343, -72.5655670166, 14.836810112], [210.500991821, 44.7577133179, -145.141296387, 405.420074463, -22.4130535126, 11.9902591705, -69.4720993042, 43.0087394714, 6.15054512024, 2.67052578926, 30.6357154846, 21.0307502747, -58.9202919006], [361.445251465, 8.53321266174, 8.36750984192, -22.4130535126, 387.704223633, 25.8081855774, 59.4945526123, -48.3737983704, 29.9556789398, -9.66368198395, 65.1492080688, 23.0280570984, 86.1906967163], [249.994491577, 153.107315063, -114.864646912, 11.9902591705, 25.8081855774, 376.596984863, -36.5126075745, -39.3987808228, -41.4451751709, 49.5847740173, -10.5007009506, 77.4428329468, 17.5626029968], [3.16356420517, -36.5297470093, 58.5167694092, -69.4720993042, 59.4945526123, -36.5126075745, 243.161697388, -45.4070587158, 28.4432258606, -14.6837453842, 39.0668449402, 11.9499416351, 44.5111274719], [-141.524673462, -57.0990638733, 79.0338287354, 43.0087394714, -48.3737983704, -39.3987808228, -45.4070587158, 198.178894043, -20.7754898071, -5.31267547607, -9.38126277924, -0.834323644638, -19.6188659668], [-226.729293823, 48.005531311, -49.7086257935, 6.15054512024, 29.9556789398, -41.4451751709, 28.4432258606, -20.7754898071, 187.538421631, -21.2872962952, 5.35430002213, -24.285987854, 2.22251200676], [19.5033779144, -16.8835086823, 50.8544235229, 2.67052578926, -9.66368198395, 49.5847740173, -14.6837453842, -5.31267547607, -21.2872962952, 126.332984924, -6.74176740646, -19.4751167297, -12.1576623917], [65.4689254761, -1.02303743362, 14.3897514343, 30.6357154846, 65.1492080688, -10.5007009506, 39.0668449402, -9.38126277924, 5.35430002213, -6.74176740646, 116.043670654, 18.1497840881, 9.63984107971], [206.447540283, 23.9628372192, -72.5655670166, 21.0307502747, 23.0280570984, 77.4428329468, 11.9499416351, -0.834323644638, -24.285987854, -19.4751167297, 18.1497840881, 143.661117554, 20.9532985687], [145.044219971, -22.6798782349, 14.836810112, -58.9202919006, 86.1906967163, 17.5626029968, 44.5111274719, -19.6188659668, 2.22251200676, -12.1576623917, 9.63984107971, 20.9532985687, 144.630386353]],
