{
"lowlevel": {
    "average_loudness": 0.979863107204,
    "barkbands_crest": {
        "dmean": 2.57559752464,
        "dmean2": 4.32560062408,
        "dvar": 4.56906366348,
        "dvar2": 12.5107154846,
        "max": 21.5196228027,
        "mean": 9.00598526001,
        "median": 8.44149589539,
        "min": 2.72548389435,
        "var": 10.4383554459
    },
    "barkbands_flatness_db": {
        "dmean": 0.0242576319724,
        "dmean2": 0.0393288321793,
        "dvar": 0.000677970470861,
        "dvar2": 0.00166548753623,
        "max": 0.364019334316,
        "mean": 0.0997299104929,
        "median": 0.087241820991,
        "min": 0.0266612954438,
        "var": 0.00216979836114
    },
    "barkbands_kurtosis": {
        "dmean": 3.37013411522,
        "dmean2": 5.4306178093,
        "dvar": 59.9306411743,
        "dvar2": 128.57484436,
        "max": 132.539031982,
        "mean": 3.68289637566,
        "median": 0.91578412056,
        "min": -1.9042134285,
        "var": 110.173660278
    },
    "barkbands_skewness": {
        "dmean": 0.642251193523,
        "dmean2": 1.02576065063,
        "dvar": 0.556176006794,
        "dvar2": 1.3643399477,
        "max": 8.86328983307,
        "mean": 1.45353186131,
        "median": 1.21353077888,
        "min": -3.72084474564,
        "var": 1.42291426659
    },
    "barkbands_spread": {
        "dmean": 7.73394775391,
        "dmean2": 12.7267103195,
        "dvar": 73.4144668579,
        "dvar2": 173.593215942,
        "max": 96.072845459,
        "mean": 29.8660125732,
        "median": 28.5338077545,
        "min": 0.704999148846,
        "var": 187.165634155
    },
    "dissonance": {
        "dmean": 0.0184895116836,
        "dmean2": 0.0305967945606,
        "dvar": 0.000316393241519,
        "dvar2": 0.000799419591203,
        "max": 0.500000059605,
        "mean": 0.464880794287,
        "median": 0.471910327673,
        "min": 0.27738109231,
        "var": 0.00086103240028
    },
    "dynamic_complexity": 2.51208138466,
    "erbbands_crest": {
        "dmean": 2.87845373154,
        "dmean2": 4.72614479065,
        "dvar": 7.99498701096,
        "dvar2": 21.2458934784,
        "max": 26.6442241669,
        "mean": 8.05482387543,
        "median": 7.23342943192,
        "min": 2.34234857559,
        "var": 16.2705516815
    },
    "erbbands_flatness_db": {
        "dmean": 0.0165781006217,
        "dmean2": 0.0248193275183,
        "dvar": 0.000261499983026,
        "dvar2": 0.00056784262415,
        "max": 0.257748454809,
        "mean": 0.118964456022,
        "median": 0.116284690797,
        "min": 0.0527896881104,
        "var": 0.00126024405472
    },
    "erbbands_kurtosis": {
        "dmean": 0.906413376331,
        "dmean2": 1.47207605839,
        "dvar": 2.5217063427,
        "dvar2": 6.03306150436,
        "max": 25.6801834106,
        "mean": 0.363549262285,
        "median": -0.145382642746,
        "min": -1.55855202675,
        "var": 3.76692247391
    },
    "erbbands_skewness": {
        "dmean": 0.371606469154,
        "dmean2": 0.580291211605,
        "dvar": 0.159366041422,
        "dvar2": 0.374602019787,
        "max": 4.4428653717,
        "mean": 0.338724941015,
        "median": 0.279417932034,
        "min": -2.64664435387,
        "var": 0.487161785364
    },
    "erbbands_spread": {
        "dmean": 10.3464298248,
        "dmean2": 16.0347537994,
        "dvar": 126.722610474,
        "dvar2": 293.258972168,
        "max": 147.194778442,
        "mean": 44.837387085,
        "median": 40.4142150879,
        "min": 7.55215120316,
        "var": 442.679382324
    },
    "hfc": {
        "dmean": 9.29657459259,
        "dmean2": 14.4657268524,
        "dvar": 124.630462646,
        "dvar2": 290.419769287,
        "max": 146.315490723,
        "mean": 33.4478263855,
        "median": 32.1013221741,
        "min": 3.29746256966e-07,
        "var": 421.048919678
    },
    "melbands_crest": {
        "dmean": 3.60166192055,
        "dmean2": 6.05028676987,
        "dvar": 8.6269826889,
        "dvar2": 23.8802165985,
        "max": 27.2747039795,
        "mean": 13.8125696182,
        "median": 13.4473104477,
        "min": 3.50263929367,
        "var": 18.2702102661
    },
    "melbands_flatness_db": {
        "dmean": 0.03286004439,
        "dmean2": 0.0538774244487,
        "dvar": 0.00118237361312,
        "dvar2": 0.00299778580666,
        "max": 0.491726070642,
        "mean": 0.170891240239,
        "median": 0.158307388425,
        "min": 0.0247800890356,
        "var": 0.00334336562082
    },
    "melbands_kurtosis": {
        "dmean": 10.3647565842,
        "dmean2": 16.5621700287,
        "dvar": 476.68850708,
        "dvar2": 1147.18469238,
        "max": 283.664886475,
        "mean": 15.8612756729,
        "median": 6.95849990845,
        "min": -1.31052744389,
        "var": 886.536254883
    },
    "melbands_skewness": {
        "dmean": 0.977479279041,
        "dmean2": 1.56154298782,
        "dvar": 1.29814493656,
        "dvar2": 3.23110556602,
        "max": 13.8241519928,
        "mean": 2.7832224369,
        "median": 2.35689234734,
        "min": -2.33678078651,
        "var": 3.58796954155
    },
    "melbands_spread": {
        "dmean": 9.33217525482,
        "dmean2": 15.2691488266,
        "dvar": 117.748657227,
        "dvar2": 312.46383667,
        "max": 176.744659424,
        "mean": 27.3635139465,
        "median": 26.1527557373,
        "min": 0.730508387089,
        "var": 245.984405518
    },
    "pitch_salience": {
        "dmean": 0.073884434998,
        "dmean2": 0.125626862049,
        "dvar": 0.00398228317499,
        "dvar2": 0.0108991386369,
        "max": 0.839692652225,
        "mean": 0.536368012428,
        "median": 0.536194860935,
        "min": 0.170978277922,
        "var": 0.00840345025063
    },
    "silence_rate_20dB": {
        "dmean": 0,
        "dmean2": 0,
        "dvar": 0,
        "dvar2": 0,
        "max": 1,
        "mean": 1,
        "median": 1,
        "min": 1,
        "var": 0
    },
    "silence_rate_30dB": {
        "dmean": 0,
        "dmean2": 0,
        "dvar": 0,
        "dvar2": 0,
        "max": 1,
        "mean": 1,
        "median": 1,
        "min": 1,
        "var": 0
    },
    "silence_rate_60dB": {
        "dmean": 0.0061919502914,
        "dmean2": 0.0123934932053,
        "dvar": 0.00615353975445,
        "dvar2": 0.0122398398817,
        "max": 1,
        "mean": 0.0386697612703,
        "median": 0,
        "min": 0,
        "var": 0.0371744297445
    },
    "spectral_centroid": {
        "dmean": 328.204437256,
        "dmean2": 532.011413574,
        "dvar": 190772.53125,
        "dvar2": 350364.375,
        "max": 11432.9267578,
        "mean": 1573.09558105,
        "median": 1561.07495117,
        "min": 151.753952026,
        "var": 395070.125
    },
    "spectral_complexity": {
        "dmean": 5.17956638336,
        "dmean2": 8.28040313721,
        "dvar": 27.7015247345,
        "dvar2": 61.4241065979,
        "max": 56,
        "mean": 26.1368904114,
        "median": 28,
        "min": 0,
        "var": 156.008514404
    },
    "spectral_decrease": {
        "dmean": 3.29107630037e-09,
        "dmean2": 5.29310906217e-09,
        "dvar": 1.48952547028e-17,
        "dvar2": 3.59213404954e-17,
        "max": -1.37029119002e-17,
        "mean": -9.46957623427e-09,
        "median": -8.77870487415e-09,
        "min": -3.55969582699e-08,
        "var": 2.75373389003e-17
    },
    "spectral_energy": {
        "dmean": 0.0128517150879,
        "dmean2": 0.0204823929816,
        "dvar": 0.000218579618377,
        "dvar2": 0.000521874811966,
        "max": 0.138308778405,
        "mean": 0.0387741923332,
        "median": 0.0364422500134,
        "min": 8.16269343784e-11,
        "var": 0.000436801143223
    },
    "spectral_energyband_high": {
        "dmean": 0.000737352063879,
        "dmean2": 0.00115679600276,
        "dvar": 1.17104275432e-06,
        "dvar2": 2.72354191111e-06,
        "max": 0.0160931590945,
        "mean": 0.00192016887013,
        "median": 0.00163222511765,
        "min": 2.12911459296e-11,
        "var": 2.74634658126e-06
    },
    "spectral_energyband_low": {
        "dmean": 0.0102377459407,
        "dmean2": 0.0173767209053,
        "dvar": 0.000197590314201,
        "dvar2": 0.000519763096236,
        "max": 0.118237234652,
        "mean": 0.0170845966786,
        "median": 0.0132571142167,
        "min": 1.62232258877e-11,
        "var": 0.000226216041483
    },
    "spectral_energyband_middle_high": {
        "dmean": 0.00308524048887,
        "dmean2": 0.00486830016598,
        "dvar": 1.29011505123e-05,
        "dvar2": 3.08891867462e-05,
        "max": 0.0475782454014,
        "mean": 0.00854363385588,
        "median": 0.00664492230862,
        "min": 2.62471069185e-11,
        "var": 5.38447347935e-05
    },
    "spectral_energyband_middle_low": {
        "dmean": 0.0054685594514,
        "dmean2": 0.00865901820362,
        "dvar": 4.34157482232e-05,
        "dvar2": 0.000108159001684,
        "max": 0.0647794753313,
        "mean": 0.0127260554582,
        "median": 0.0116244405508,
        "min": 7.40037805341e-12,
        "var": 7.49787068344e-05
    },
    "spectral_entropy": {
        "dmean": 0.163287684321,
        "dmean2": 0.249159827828,
        "dvar": 0.044315841049,
        "dvar2": 0.0961413085461,
        "max": 9.80784606934,
        "mean": 7.90332317352,
        "median": 7.96069335938,
        "min": 5.45685625076,
        "var": 0.131479203701
    },
    "spectral_flux": {
        "dmean": 0.0305185467005,
        "dmean2": 0.0464108027518,
        "dvar": 0.000820529880002,
        "dvar2": 0.00179096090142,
        "max": 0.278819859028,
        "mean": 0.111324056983,
        "median": 0.108829699457,
        "min": 1.55269590323e-05,
        "var": 0.00221198680811
    },
    "spectral_kurtosis": {
        "dmean": 0.786229014397,
        "dmean2": 1.28619527817,
        "dvar": 0.966459870338,
        "dvar2": 2.33179140091,
        "max": 18.7237987518,
        "mean": 2.75615739822,
        "median": 2.69196653366,
        "min": -1.15926527977,
        "var": 1.83671104908
    },
    "spectral_rms": {
        "dmean": 0.000980719923973,
        "dmean2": 0.00153724371921,
        "dvar": 1.0293105106e-06,
        "dvar2": 2.3658549253e-06,
        "max": 0.011616169475,
        "mean": 0.00586629798636,
        "median": 0.00596266845241,
        "min": 2.82198556079e-07,
        "var": 3.41503164236e-06
    },
    "spectral_rolloff": {
        "dmean": 662.396789551,
        "dmean2": 1108.13415527,
        "dvar": 1043906.75,
        "dvar2": 2446743.25,
        "max": 11197.265625,
        "mean": 1574.95446777,
        "median": 1335.05859375,
        "min": 107.666015625,
        "var": 1930728.5
    },
    "spectral_skewness": {
        "dmean": 0.15692935884,
        "dmean2": 0.250651448965,
        "dvar": 0.0306947790086,
        "dvar2": 0.0680525824428,
        "max": 3.64620280266,
        "mean": 1.33479881287,
        "median": 1.32465159893,
        "min": -0.0326494090259,
        "var": 0.077964708209
    },
    "spectral_spread": {
        "dmean": 561521.375,
        "dmean2": 805466.5,
        "dvar": 1.35439830221e+12,
        "dvar2": 1.74261272576e+12,
        "max": 40066156,
        "mean": 5707088.5,
        "median": 5432124.5,
        "min": 2638340.5,
        "var": 2.69747198362e+12
    },
    "spectral_strongpeak": {
        "dmean": 0.673499047756,
        "dmean2": 1.20531356335,
        "dvar": 1.2609950304,
        "dvar2": 3.41468238831,
        "max": 10.0589914322,
        "mean": 0.770172655582,
        "median": 0.35208261013,
        "min": 0,
        "var": 1.18304181099
    },
    "zerocrossingrate": {
        "dmean": 0.0117898005992,
        "dmean2": 0.0141548607498,
        "dvar": 0.000255241116975,
        "dvar2": 0.000289531279122,
        "max": 0.40283203125,
        "mean": 0.0725507363677,
        "median": 0.068359375,
        "min": 0.005859375,
        "var": 0.00115235499106
    },
    "barkbands": {
        "dmean": [0.000211168924579, 0.00580591149628, 0.00529682729393, 0.00132645049598, 0.002339837607, 0.000768119876739, 0.00108892109711, 0.00152442266699, 0.00163972261362, 0.000951149500906, 0.000633671414107, 0.000803473289125, 0.000747433106881, 0.000605332141276, 0.000678121694364, 0.000417517119786, 0.000288308889139, 0.0001996957144, 0.000199410613277, 0.000249562523095, 0.000189162266906, 0.000181141440407, 0.000160505616805, 0.00012878915004, 8.74271354405e-05, 4.65843113489e-05, 4.58488784716e-06],
        "dmean2": [0.000346572254784, 0.00989331118762, 0.00903081148863, 0.00219613825902, 0.00387026346289, 0.00127535441425, 0.00181157106999, 0.00255120662041, 0.00252924580127, 0.00152271834668, 0.00101557944436, 0.00131671887357, 0.00118232972454, 0.00101856736001, 0.00108962424565, 0.000672467402183, 0.000479782494949, 0.000341008591931, 0.00033923186129, 0.000402823206969, 0.000308930175379, 0.000293413293548, 0.000266050657956, 0.000203791467356, 0.000136360584293, 6.93779948051e-05, 6.9217935561e-06],
        "dvar": [8.33200530792e-08, 5.37120540685e-05, 6.89847656759e-05, 2.30365048992e-06, 1.64442608366e-05, 4.87420356876e-06, 4.04548745792e-06, 1.13175447041e-05, 8.57324084791e-06, 4.75448223369e-06, 1.27638884351e-06, 2.35638162849e-06, 2.36646337726e-06, 2.08770347854e-06, 1.95991060536e-06, 1.11065071451e-06, 1.47259569871e-07, 1.25611336443e-07, 1.20146651739e-07, 1.09057232578e-07, 7.26842301901e-08, 5.85124801944e-08, 7.37487937386e-08, 5.68547555702e-08, 3.46396973328e-08, 7.80511477672e-09, 6.52289749992e-11],
        "dvar2": [1.90202996464e-07, 0.000144775593071, 0.000179321563337, 5.93255572312e-06, 4.14083733631e-05, 1.30193193399e-05, 1.00968627521e-05, 2.88454211841e-05, 2.0772775315e-05, 1.19619544421e-05, 2.98993631986e-06, 5.71135888094e-06, 5.76922548134e-06, 5.52547498955e-06, 4.83523535877e-06, 3.01676118397e-06, 3.51501455498e-07, 3.34749273634e-07, 3.17331938504e-07, 2.69771817329e-07, 1.78693881026e-07, 1.33508478939e-07, 1.66698526982e-07, 1.26374501974e-07, 8.14060143739e-08, 1.59820334744e-08, 1.25992730138e-10],
        "max": [0.00290000997484, 0.0739942863584, 0.0579205788672, 0.0135601386428, 0.0413146726787, 0.0365842841566, 0.0300149209797, 0.0393096916378, 0.0487771965563, 0.0456408746541, 0.0165870264173, 0.0243878029287, 0.0275700930506, 0.0244814045727, 0.0183234959841, 0.0219277106225, 0.00418429495767, 0.00618954747915, 0.00532158277929, 0.00340879941359, 0.00515956431627, 0.00323314848356, 0.0042648203671, 0.00544369313866, 0.00295959576033, 0.00135492836125, 0.000107123727503],
        "mean": [0.00028491235571, 0.00925443414599, 0.00643502175808, 0.00200397241861, 0.00312407361344, 0.00102345691994, 0.00149297830649, 0.00175295420922, 0.00271320389584, 0.00156239618082, 0.000993900932372, 0.00117911584675, 0.00114506378304, 0.000803045753855, 0.000972446228843, 0.000663265294861, 0.000517639738973, 0.000335751508828, 0.000381518737413, 0.000512011756655, 0.000407023209846, 0.000390251487261, 0.000275135156699, 0.000247926014708, 0.000184757052921, 0.000110450149805, 7.49447508497e-06],
        "median": [0.00015362254635, 0.0076065165922, 0.00362238800153, 0.00141207093839, 0.00159213715233, 0.000505237549078, 0.000564467802178, 0.000564733869396, 0.00114993262105, 0.000561060151085, 0.000484237563796, 0.00053016457241, 0.000401802128181, 0.000351430731826, 0.000292556651402, 0.000326204870362, 0.000378079683287, 0.000256981351413, 0.000328488502419, 0.000382951780921, 0.000334918411681, 0.000315411365591, 0.000180230708793, 0.000163135453477, 0.000127692270325, 7.68761019572e-05, 4.0594541133e-06],
        "min": [6.04799326939e-12, 8.43899776448e-12, 1.58347336979e-12, 3.10343330895e-13, 2.73231177267e-12, 7.46416166722e-13, 3.10056071529e-13, 8.12890878742e-13, 1.40300564135e-12, 2.17271036232e-12, 2.39699471209e-12, 3.09734573059e-12, 1.8523852157e-12, 9.84170861126e-13, 1.16421867806e-12, 3.20792199228e-12, 5.0329384757e-12, 3.09017134797e-13, 2.2395924091e-12, 3.69779467463e-12, 1.6696374101e-12, 1.54752567098e-12, 2.22185182579e-12, 3.64073831846e-12, 2.58230242745e-12, 3.50076976956e-12, 4.57605784862e-12],
        "var": [1.40004019045e-07, 6.78488504491e-05, 6.91116802045e-05, 4.20388823841e-06, 1.91789422388e-05, 4.38002507508e-06, 5.77724404138e-06, 1.11088320409e-05, 1.5329593225e-05, 7.42691236155e-06, 2.56288535638e-06, 4.02645991926e-06, 4.45984824182e-06, 2.32199886341e-06, 3.51323433279e-06, 1.83228621609e-06, 2.85506445152e-07, 1.35363421805e-07, 1.46418472013e-07, 2.43123281507e-07, 1.53157827754e-07, 1.27792048943e-07, 1.3295617407e-07, 1.0741499068e-07, 6.05399392839e-08, 1.72956582389e-08, 1.27901578217e-10]
    },
    "erbbands": {
        "dmean": [0.136653751135, 1.52392280102, 5.50435733795, 5.11303853989, 6.15700721741, 8.871966362, 7.33733272552, 6.0383014679, 8.71311855316, 27.691576004, 32.5399894714, 38.6749725342, 31.9953613281, 26.9976997375, 26.3600482941, 32.1718978882, 29.9782505035, 32.0411682129, 36.2872848511, 23.2634544373, 18.8429527283, 14.8146181107, 11.7569131851, 8.53814125061, 10.9038686752, 12.2823505402, 8.26119422913, 7.41228866577, 6.85773181915, 5.29110050201, 4.52584028244, 3.07297372818, 2.02927708626, 1.26318204403, 0.479513525963, 0.220194995403, 0.087991759181, 0.0171811562032, 0.000403275334975, 2.09078243643e-05],
        "dmean2": [0.230828598142, 2.60185241699, 9.3858537674, 8.69174003601, 10.3433609009, 14.7681741714, 12.3831787109, 9.98510169983, 14.4887094498, 46.6446380615, 53.7859764099, 60.1560821533, 49.9375610352, 43.2233734131, 41.8538818359, 51.4361991882, 47.0859451294, 53.183807373, 59.7739830017, 37.1616744995, 29.8143901825, 24.6947212219, 20.0177516937, 14.3861255646, 18.0644855499, 19.7698612213, 13.5046281815, 12.03129673, 11.1533546448, 8.50336074829, 7.55143880844, 5.02372741699, 3.19282603264, 2.02472448349, 0.745252788067, 0.333968311548, 0.130263164639, 0.0243264306337, 0.000575087440666, 3.14142343996e-05],
        "dvar": [0.0386730246246, 3.56576752663, 63.7613868713, 52.1014671326, 119.505378723, 249.706588745, 366.295074463, 266.389404297, 254.59954834, 2720.65283203, 5750.51855469, 5648.98925781, 5391.03515625, 2115.33764648, 2604.57714844, 3604.77319336, 3664.90869141, 5138.70166016, 5301.26660156, 2045.18481445, 1338.36071777, 402.304168701, 425.711212158, 215.99281311, 330.593109131, 274.678771973, 139.444549561, 109.367088318, 79.5541992188, 81.6276779175, 58.499080658, 30.8220748901, 14.8660840988, 8.185505867, 0.867587447166, 0.181952491403, 0.0278449449688, 0.000806855969131, 4.92897584081e-07, 6.19062967555e-10],
        "dvar2": [0.10275875777, 9.72944068909, 169.400238037, 137.433654785, 307.651855469, 646.811462402, 1006.80200195, 695.950012207, 619.204467773, 7169.68457031, 14626.8300781, 13851.1367188, 13520.6943359, 5361.25927734, 6230.60888672, 8596.21972656, 8974.86132812, 13350.5, 13947.4550781, 4842.56933594, 3501.75292969, 981.733032227, 1130.52929688, 587.685852051, 866.893798828, 672.660339355, 348.751342773, 255.251358032, 180.073181152, 184.803863525, 133.352737427, 69.9489746094, 33.5390892029, 20.2557010651, 1.87136280537, 0.399044126272, 0.0558625198901, 0.00137925194576, 8.66341792971e-07, 1.20431153938e-09],
        "max": [1.57667768002, 19.7280101776, 61.2745246887, 54.3739051819, 111.728942871, 202.281280518, 348.436309814, 229.770889282, 187.15133667, 550.178955078, 1178.77697754, 1247.30212402, 1591.29284668, 735.403747559, 799.655456543, 776.468994141, 1057.35632324, 1096.80603027, 800.380065918, 656.110046387, 656.165588379, 214.842025757, 402.384246826, 237.760498047, 244.30430603, 176.870849609, 147.62387085, 201.872070312, 102.941719055, 160.13923645, 96.946434021, 111.808677673, 78.7707595825, 46.3075790405, 16.5042877197, 7.25931835175, 3.12384009361, 0.452815949917, 0.0104136746377, 0.000310202420224],
        "mean": [0.207303762436, 2.29395866394, 7.14688158035, 7.49718904495, 8.12233161926, 11.6426963806, 9.21088123322, 8.25409507751, 13.0710105896, 33.4100074768, 41.3105773926, 66.1057510376, 54.3123321533, 48.3806419373, 41.078994751, 50.3849983215, 50.1308097839, 49.2644119263, 52.5551147461, 37.6889915466, 34.3494110107, 27.5516033173, 20.6580314636, 16.7356719971, 20.7132472992, 25.2475166321, 18.2192115784, 16.6055088043, 14.6365461349, 9.85828781128, 7.55301856995, 5.30846738815, 4.05947685242, 2.44377613068, 1.08235514164, 0.510763645172, 0.198658645153, 0.0354352407157, 0.000829235941637, 7.26699290681e-05],
        "median": [0.143283426762, 1.88054919243, 4.67993831635, 5.35600709915, 4.80524587631, 5.48853874207, 3.93933582306, 4.37751531601, 6.52893257141, 13.9982376099, 14.9649925232, 28.3643951416, 23.8364982605, 24.786857605, 19.1410655975, 23.3949794769, 19.118932724, 22.0268325806, 19.3411617279, 16.0044345856, 21.0383205414, 19.9647636414, 15.8836574554, 14.579577446, 17.0708770752, 18.5390110016, 14.4001226425, 13.8566379547, 11.5031661987, 6.84556531906, 4.71965074539, 3.44777679443, 2.71397089958, 1.60796785355, 0.774764657021, 0.364290475845, 0.130367621779, 0.0221000667661, 0.000517651496921, 6.85521808919e-05],
        "min": [3.41962069772e-10, 1.54819390641e-09, 2.21804552503e-09, 1.33633126786e-09, 4.10440748055e-09, 6.56204868221e-09, 3.7999310365e-09, 7.74256037062e-09, 5.62936230963e-09, 1.00557615568e-08, 1.97090415099e-08, 3.61554910455e-08, 2.63519339683e-08, 1.31163062633e-07, 7.2182160693e-08, 1.43204985648e-07, 1.03352775227e-07, 4.67598688658e-08, 4.88537210686e-08, 6.21295654923e-08, 2.53346229329e-07, 3.10383711621e-07, 4.25781649938e-08, 6.46540385674e-08, 1.71927212023e-07, 1.18480038225e-07, 1.0654053284e-07, 5.82458667964e-08, 5.2547470375e-08, 5.19554710365e-08, 7.17071984013e-08, 6.82242600192e-08, 6.50626645893e-08, 3.13761283621e-08, 1.55718460348e-08, 9.70012514756e-09, 5.91162363506e-09, 3.01787217438e-09, 6.32994767713e-10, 6.26918031377e-11],
        "var": [0.0449940040708, 4.48538589478, 65.5392227173, 57.957736969, 120.258148193, 291.376861572, 313.160736084, 266.465301514, 395.288513184, 2831.99755859, 5731.7265625, 9539.41894531, 8243.71191406, 3980.0324707, 5489.76464844, 6660.50976562, 7720.86767578, 6603.02246094, 8463.99316406, 4117.34863281, 2600.45361328, 768.87701416, 484.316375732, 258.033813477, 434.843292236, 633.800048828, 291.098419189, 238.995788574, 178.124252319, 144.587905884, 101.253799438, 55.9008178711, 27.3581085205, 12.0652694702, 1.86012256145, 0.383195251226, 0.0591771304607, 0.00210517365485, 1.16854607768e-06, 1.88793891631e-09]
    },
    "gfcc": {
        "mean": [48.4970092773, 67.3982315063, -103.311523438, 36.1526260376, -55.3529586792, 27.2170372009, -28.5605869293, 16.8564720154, -24.7468299866, 8.02446842194, -25.0598201752, 0.666947841644, -15.9394044876],
        "cov": [[8752.37890625, -262.856384277, -573.558776855, -131.651794434, -95.4030761719, 202.960906982, 85.3773193359, 139.400344849, -64.0783691406, 198.558624268, -106.253433228, -12.7904996872, -77.3712310791], [-262.856384277, 623.93927002, -45.690120697, -46.2149963379, 64.1644744873, -27.1127090454, 97.0353240967, -3.55881929398, 27.6454601288, -13.2515506744, 17.4627513885, -57.8302879333, 16.2084217072], [-573.558776855, -45.690120697, 718.350280762, 174.054718018, 103.195045471, 9.28877544403, -97.446723938, -17.3681182861, -42.0483818054, -31.4821472168, 6.61964845657, 39.728553772, -32.2224769592], [-131.651794434, -46.2149963379, 174.054718018, 211.462890625, 78.397102356, -2.09552764893, -76.7493743896, -19.7199764252, 15.5440597534, -17.8934879303, -4.36915969849, 9.55604076385, 25.530960083], [-95.4030761719, 64.1644744873, 103.195045471, 78.397102356, 175.042922974, 50.3452377319, 1.67686700821, 3.14863419533, 17.7134895325, 13.0202541351, -12.5994634628, -7.97746658325, 14.3774003983], [202.960906982, -27.1127090454, 9.28877544403, -2.09552764893, 50.3452377319, 168.444992065, 90.8696517944, 13.5038719177, -21.99426651, 2.28270316124, 10.6365852356, -14.4796237946, -13.2504062653], [85.3773193359, 97.0353240967, -97.446723938, -76.7493743896, 1.67686700821, 90.8696517944, 200.744262695, 44.2058105469, -26.1382026672, -8.52326583862, 12.0947751999, -8.35962486267, -25.7855796814], [139.400344849, -3.55881929398, -17.3681182861, -19.7199764252, 3.14863419533, 13.5038719177, 44.2058105469, 74.4856338501, 31.5783882141, 13.1888484955, -4.4985165596, -5.82032632828, -3.82936120033], [-64.0783691406, 27.6454601288, -42.0483818054, 15.5440597534, 17.7134895325, -21.99426651, -26.1382026672, 31.5783882141, 105.642356873, 39.0463027954, -15.6676940918, -18.1861133575, 19.6952819824], [198.558624268, -13.2515506744, -31.4821472168, -17.8934879303, 13.0202541351, 2.28270316124, -8.52326583862, 13.1888484955, 39.0463027954, 68.1240844727, 4.54462051392, -10.0961971283, 2.09481668472], [-106.253433228, 17.4627513885, 6.61964845657, -4.36915969849, -12.5994634628, 10.6365852356, 12.0947751999, -4.4985165596, -15.6676940918, 4.54462051392, 59.5979232788, 20.7594032288, -8.36253261566], [-12.7904996872, -57.8302879333, 39.728553772, 9.55604076385, -7.97746658325, -14.4796237946, -8.35962486267, -5.82032632828, -18.1861133575, -10.0961971283, 20.7594032288, 62.9558143616, 9.85459804535], [-77.3712310791, 16.2084217072, -32.2224769592, 25.530960083, 14.3774003983, -13.2504062653, -25.7855796814, -3.82936120033, 19.6952819824, 2.09481668472, -8.36253261566, 9.85459804535, 67.3668823242]],
        "icov": [[0.000189496844541, -0.000228783479542, 0.000283837114694, -0.000348811416188, 0.000332411000272, -0.000546008057427, 0.000476240500575, -0.00071823282633, 0.000818223634269, -0.00106262136251, 0.000987748731859, -0.000726620841306, 0.000526497082319], [-0.000228783479542, 0.00350873009302, -0.000908764079213, 0.00183050159831, -0.00255976384506, 0.00353422318585, -0.00368581688963, 0.00311736692674, -0.00292137288488, 0.00361434882507, -0.00475894939154, 0.00551581569016, -0.00288342335261], [0.000283837114694, -0.000908764079213, 0.00279249879532, -0.00213350635022, -0.000119910997455, -0.00160809978843, 0.00256642769091, -0.00251010293141, 0.00269446242601, -0.00166732026264, 0.00227939197794, -0.00324264285155, 0.00325922574848], [-0.000348811416188, 0.00183050159831, -0.00213350635022, 0.00985548086464, -0.00437161140144, 0.00143313023727, 0.000270977208856, 0.00318685220554, -0.00472495006397, 0.00684578903019, -0.00473932828754, 0.003493467113, -0.00402768142521], [0.000332411000272, -0.00255976384506, -0.000119910997455, -0.00437161140144, 0.0108202341944, -0.00512365158647, 0.00160202523693, -0.00205336650833, 0.00196633348241, -0.00611012615263, 0.00620148098096, -0.00390039151534, 0.00073202321073], [-0.000546008057427, 0.00353422318585, -0.00160809978843, 0.00143313023727, -0.00512365158647, 0.013712967746, -0.00859307777137, 0.00428511342034, -0.00204926682636, 0.00362563249655, -0.00759247224778, 0.00877812504768, -0.0037847685162], [0.000476240500575, -0.00368581688963, 0.00256642769091, 0.000270977208856, 0.00160202523693, -0.00859307777137, 0.0148121574894, -0.00986870471388, 0.00607135845348, -0.00203814730048, 0.00460799271241, -0.00661624781787, 0.00546334963292], [-0.00071823282633, 0.00311736692674, -0.00251010293141, 0.00318685220554, -0.00205336650833, 0.00428511342034, -0.00986870471388, 0.0247033089399, -0.0124556925148, 0.00484302686527, -0.00469005852938, 0.00468833651394, -0.00285249063745], [0.000818223634269, -0.00292137288488, 0.00269446242601, -0.00472495006397, 0.00196633348241, -0.00204926682636, 0.00607135845348, -0.0124556925148, 0.0228584930301, -0.0141522036865, 0.00837044231594, -0.00260286172852, 0.000692245434038], [-0.00106262136251, 0.00361434882507, -0.00166732026264, 0.00684578903019, -0.00611012615263, 0.00362563249655, -0.00203814730048, 0.00484302686527, -0.0141522036865, 0.0297768246382, -0.0130397696048, 0.00891715660691, -0.00368118681945], [0.000987748731859, -0.00475894939154, 0.00227939197794, -0.00473932828754, 0.00620148098096, -0.00759247224778, 0.00460799271241, -0.00469005852938, 0.00837044231594, -0.0130397696048, 0.0308935213834, -0.0167996343225, 0.00809686351568], [-0.000726620841306, 0.00551581569016, -0.00324264285155, 0.003493467113, -0.00390039151534, 0.00877812504768, -0.00661624781787, 0.00468833651394, -0.00260286172852, 0.00891715660691, -0.0167996343225, 0.0313272103667, -0.0109279109165], [0.000526497082319, -0.00288342335261, 0.00325922574848, -0.00402768142521, 0.00073202321073, -0.0037847685162, 0.00546334963292, -0.00285249063745, 0.000692245434038, -0.00368118681945, 0.00809686351568, -0.0109279109165, 0.0227719955146]]
    },
    "melbands": {
        "dmean": [0.00139742647298, 0.00252999830991, 0.000864970497787, 0.000560453452636, 0.00027305263211, 0.000133691966766, 0.000160457930178, 0.000309512513923, 0.000267239200184, 0.000253495352808, 0.000161809817655, 0.000113954563858, 8.05852687336e-05, 9.1574700491e-05, 7.40972027415e-05, 7.6823605923e-05, 6.27849221928e-05, 5.77901810175e-05, 4.65497250843e-05, 3.39488542522e-05, 2.09955178434e-05, 1.75038749148e-05, 1.34890142363e-05, 8.80142033566e-06, 7.20283151168e-06, 8.94175354915e-06, 8.0158615674e-06, 8.955425983e-06, 6.00854491495e-06, 4.80277140014e-06, 4.58051090391e-06, 4.41681686425e-06, 3.37628034686e-06, 3.03988986161e-06, 2.78894776784e-06, 2.33684590967e-06, 1.84988482488e-06, 1.49567415519e-06, 1.39435996971e-06, 1.02969306681e-06],
        "dmean2": [0.00238363165408, 0.00433203019202, 0.00147550820839, 0.000919892569073, 0.000458247261122, 0.00022237135272, 0.000265433889581, 0.000523878727108, 0.000443045428256, 0.000392408779589, 0.000254631682765, 0.000183607786312, 0.000127578721731, 0.000151891013957, 0.000116704533866, 0.000121946235595, 0.000105319493741, 9.60448451224e-05, 7.38011658541e-05, 5.50519980607e-05, 3.37057463184e-05, 2.9231836379e-05, 2.32115835388e-05, 1.48407007146e-05, 1.22133515106e-05, 1.5164114302e-05, 1.31066735776e-05, 1.43336983456e-05, 9.8658265415e-06, 7.99306144472e-06, 7.51895595386e-06, 7.23385528545e-06, 5.5508303376e-06, 4.91715627504e-06, 4.62400294055e-06, 4.01645684178e-06, 3.01795216728e-06, 2.37679751081e-06, 2.26293491323e-06, 1.64039238371e-06],
        "dvar": [3.52698157258e-06, 1.1971416825e-05, 1.30192609049e-06, 1.02152341697e-06, 3.79027738973e-07, 1.31999343012e-07, 8.50592414281e-08, 3.52940077164e-07, 3.87837644666e-07, 2.49409197295e-07, 1.40785687108e-07, 3.91729741978e-08, 2.13022079976e-08, 3.19162047902e-08, 2.11997956967e-08, 2.93569737408e-08, 2.39518662681e-08, 1.24086501074e-08, 1.00263122249e-08, 9.47220257785e-09, 1.04066777418e-09, 5.60404722627e-10, 5.80426762209e-10, 2.36988401126e-10, 1.42401368475e-10, 2.5615273791e-10, 1.46187340011e-10, 1.50743292848e-10, 7.05702649095e-11, 5.65572484679e-11, 3.93186455616e-11, 3.14648619659e-11, 3.00618627214e-11, 2.76849428799e-11, 2.23081345063e-11, 1.67294129938e-11, 1.18210103164e-11, 7.57150765696e-12, 9.18805743294e-12, 5.1352164708e-12],
        "dvar2": [9.43959094002e-06, 3.1899438909e-05, 3.38114500664e-06, 2.60843626165e-06, 1.02152284853e-06, 3.45508794908e-07, 2.08386936151e-07, 9.31166653118e-07, 9.85873498394e-07, 6.10414474522e-07, 3.51267317455e-07, 1.00220304944e-07, 5.00257364422e-08, 7.68244774463e-08, 4.96679639639e-08, 6.81137635183e-08, 6.32859098459e-08, 3.31049854196e-08, 2.32129799826e-08, 2.58262815578e-08, 2.59293297944e-09, 1.34497191162e-09, 1.56081669811e-09, 6.34486685414e-10, 3.89823007207e-10, 6.88254342407e-10, 3.65061259e-10, 3.65058677732e-10, 1.78909442816e-10, 1.40987929664e-10, 9.07018349317e-11, 6.98779298314e-11, 7.30541599436e-11, 6.28576843353e-11, 5.01315967905e-11, 4.20306012217e-11, 2.5976892512e-11, 1.74496875283e-11, 2.15733386016e-11, 1.29536216822e-11],
        "max": [0.0159639902413, 0.028527861461, 0.00866721756756, 0.0108300847933, 0.00996229425073, 0.00477279582992, 0.00408612843603, 0.00555304670706, 0.0098370006308, 0.00876623205841, 0.00817269366235, 0.00295729818754, 0.00248283194378, 0.00318032712676, 0.00257918401621, 0.00372152449563, 0.00254929647781, 0.00115493417252, 0.00198889849707, 0.00208762474358, 0.000452815467725, 0.000270426447969, 0.000451763771707, 0.000237087486312, 0.000189929414773, 0.000254499405855, 0.000140558753628, 0.000142594130011, 0.000103508413304, 0.000151448519318, 9.85320803011e-05, 7.92692226241e-05, 9.42350816331e-05, 9.65024737525e-05, 6.40659782221e-05, 6.52478483971e-05, 7.71482300479e-05, 5.83035616728e-05, 4.07406696468e-05, 4.18292802351e-05],
        "mean": [0.00223906128667, 0.00363621301949, 0.0013401445467, 0.000740640040021, 0.000362285820302, 0.000181804891326, 0.000238085413002, 0.000366961874533, 0.000332067109412, 0.000434203393525, 0.000266135320999, 0.000193442145246, 0.000127847510157, 0.000131781256641, 0.000119123855256, 0.00011615017138, 8.68899587658e-05, 7.86434684414e-05, 6.66175910737e-05, 5.06226569996e-05, 3.69093759218e-05, 3.08467460854e-05, 2.10309171962e-05, 1.52272059495e-05, 1.29370346258e-05, 1.58328075486e-05, 1.4591710169e-05, 1.74777815118e-05, 1.22285709949e-05, 9.09834488994e-06, 9.77947911451e-06, 9.01532530406e-06, 6.10938514001e-06, 5.21560832567e-06, 4.48153559773e-06, 3.6348355934e-06, 3.10383188662e-06, 2.8959973406e-06, 2.57633951151e-06, 1.89758918623e-06],
        "median": [0.00176206312608, 0.00262019294314, 0.00102189951576, 0.000378849334083, 0.000172136293259, 9.65496728895e-05, 0.000107147498056, 0.000158453651238, 0.000110410619527, 0.000176524583367, 0.000112531604827, 9.57146839937e-05, 6.15899334662e-05, 5.8504370827e-05, 4.87348333991e-05, 4.05917562603e-05, 3.6139274016e-05, 2.92847307719e-05, 2.17035230889e-05, 2.14320625673e-05, 2.47886255238e-05, 2.21130430873e-05, 1.48961044033e-05, 1.15650627777e-05, 1.08606045615e-05, 1.26713848658e-05, 1.06965926534e-05, 1.19110682135e-05, 9.01637940842e-06, 6.76262561683e-06, 8.08985987533e-06, 7.08186962584e-06, 4.24903782914e-06, 3.2681018638e-06, 2.76800619758e-06, 2.26779957302e-06, 1.9382755454e-06, 1.96321252588e-06, 1.59326395988e-06, 1.21267680697e-06],
        "min": [3.54863144078e-12, 1.51327420646e-12, 2.77031788351e-13, 7.48277037121e-13, 1.505704334e-13, 1.60031344188e-13, 8.25474129156e-14, 1.26112621322e-13, 1.81436368208e-13, 2.18959968429e-13, 9.89706092688e-14, 5.6038046382e-13, 3.85395898138e-13, 1.42630780233e-13, 5.85144996693e-13, 7.44999900529e-14, 9.44595963948e-14, 6.969135013e-14, 1.08409192268e-13, 1.04982401895e-13, 2.99812258353e-13, 3.69559038319e-13, 7.92498594418e-14, 1.8434720032e-14, 4.7629353803e-14, 1.15191276656e-13, 1.12764452723e-13, 6.67552018979e-14, 7.74278238096e-14, 5.40458147257e-14, 2.54974484587e-14, 3.28707906434e-14, 2.53687672133e-14, 2.74865969151e-14, 4.1019196774e-14, 3.80093566755e-14, 4.30081995408e-14, 4.58386922712e-14, 3.45361624498e-14, 2.2026775003e-14],
        "var": [4.2184715312e-06, 1.29639838633e-05, 1.5193982108e-06, 1.1112493894e-06, 3.65931811075e-07, 1.28628670382e-07, 1.34078831593e-07, 3.51986045644e-07, 3.9116449102e-07, 4.38965855665e-07, 2.13142300254e-07, 6.96270987532e-08, 4.58254802993e-08, 5.4079887235e-08, 4.91926321899e-08, 5.12471736158e-08, 2.72655178435e-08, 1.8204193708e-08, 1.82518853364e-08, 1.48510101994e-08, 2.11163242447e-09, 1.08668740673e-09, 6.04806871252e-10, 2.76825701251e-10, 1.66849617456e-10, 2.92111501654e-10, 2.40231529114e-10, 3.54934387437e-10, 1.44937645219e-10, 9.46866404727e-11, 8.47708500618e-11, 6.95306381915e-11, 4.95274654622e-11, 4.81515799455e-11, 3.82114617725e-11, 2.53658448413e-11, 2.13567913354e-11, 1.33927565218e-11, 1.45142144831e-11, 7.32722389707e-12]
    },
    "mfcc": {
        "mean": [-597.020324707, 99.4927825928, 9.91849327087, 19.2653656006, 3.1005218029, 13.0932941437, 7.64015817642, 8.20492362976, 9.83702850342, 5.52070808411, 2.32167983055, 1.21134674549, -1.64424705505],
        "cov": [[7231.40869141, 34.3446502686, -692.299621582, -230.111206055, -246.68927002, 58.7093696594, 50.9186401367, -14.201675415, 96.1552505493, 187.319869995, 43.4293632507, 26.3168563843, -1.37625586987], [34.3446502686, 603.122192383, -47.3293190002, 7.65297651291, -40.1617774963, 4.07474708557, 61.7974357605, 5.6181101799, 42.6992797852, 12.6213054657, 40.3939628601, 4.63665437698, 1.74838829041], [-692.299621582, -47.3293190002, 513.460388184, 136.648880005, 167.054397583, 18.5450077057, 14.9186172485, 13.5365362167, -54.8782272339, -43.7415390015, -27.3753452301, -1.21389520168, 4.32372236252], [-230.111206055, 7.65297651291, 136.648880005, 201.811431885, 127.303504944, -7.16430282593, -48.1210708618, -15.7659893036, 1.00919270515, -15.9661684036, -37.0523681641, -3.99923658371, 7.58288097382], [-246.68927002, -40.1617774963, 167.054397583, 127.303504944, 250.666778564, 38.6623344421, -48.5986251831, -39.7373695374, 17.6830329895, 12.4654016495, -38.0273628235, -5.34372806549, 3.11544632912], [58.7093696594, 4.07474708557, 18.5450077057, -7.16430282593, 38.6623344421, 115.757644653, 67.0647277832, 18.4879379272, 13.3640079498, 7.36659860611, 6.82665205002, 0.327818989754, -8.89888858795], [50.9186401367, 61.7974357605, 14.9186172485, -48.1210708618, -48.5986251831, 67.0647277832, 180.212081909, 71.6005477905, -8.67101192474, -7.83274316788, 28.2653522491, 1.9226732254, -2.41780972481], [-14.201675415, 5.6181101799, 13.5365362167, -15.7659893036, -39.7373695374, 18.4879379272, 71.6005477905, 99.1156845093, 3.30534648895, -8.24700927734, 9.38847446442, 7.32039117813, 4.95284366608], [96.1552505493, 42.6992797852, -54.8782272339, 1.00919270515, 17.6830329895, 13.3640079498, -8.67101192474, 3.30534648895, 114.032920837, 41.764705658, 7.91944885254, 2.27784252167, -5.26816797256], [187.319869995, 12.6213054657, -43.7415390015, -15.9661684036, 12.4654016495, 7.36659860611, -7.83274316788, -8.24700927734, 41.764705658, 81.7529449463, 29.5446853638, 1.57500767708, -7.62573337555], [43.4293632507, 40.3939628601, -27.3753452301, -37.0523681641, -38.0273628235, 6.82665205002, 28.2653522491, 9.38847446442, 7.91944885254, 29.5446853638, 73.1075897217, 13.7758550644, 1.21276712418], [26.3168563843, 4.63665437698, -1.21389520168, -3.99923658371, -5.34372806549, 0.327818989754, 1.9226732254, 7.32039117813, 2.27784252167, 1.57500767708, 13.7758550644, 52.1296424866, 15.0958166122], [-1.37625586987, 1.74838829041, 4.32372236252, 7.58288097382, 3.11544632912, -8.89888858795, -2.41780972481, 4.95284366608, -5.26816797256, -7.62573337555, 1.21276712418, 15.0958166122, 52.8448753357]],
