{
"lowlevel": {
    "average_loudness": 0.957336723804,
    "barkbands_crest": {
        "dmean": 3.38851737976,
        "dmean2": 5.65608644485,
        "dvar": 8.1583480835,
        "dvar2": 22.7361507416,
        "max": 23.4448223114,
        "mean": 10.1353492737,
        "median": 9.10712528229,
        "min": 2.6223294735,
        "var": 21.2731113434
    },
    "barkbands_flatness_db": {
        "dmean": 0.0271620508283,
        "dmean2": 0.0444257520139,
        "dvar": 0.000643476785626,
        "dvar2": 0.00173166999593,
        "max": 0.36416643858,
        "mean": 0.166157901287,
        "median": 0.154395848513,
        "min": 0.0707522407174,
        "var": 0.00276568392292
    },
    "barkbands_kurtosis": {
        "dmean": 4.52563095093,
        "dmean2": 7.64497756958,
        "dvar": 64.2418289185,
        "dvar2": 177.046463013,
        "max": 69.3820495605,
        "mean": 5.44501161575,
        "median": 2.095952034,
        "min": -1.83958685398,
        "var": 89.2821807861
    },
    "barkbands_skewness": {
        "dmean": 0.737302482128,
        "dmean2": 1.22598993778,
        "dvar": 0.711184799671,
        "dvar2": 1.95726490021,
        "max": 7.73507881165,
        "mean": 1.80032658577,
        "median": 1.4893913269,
        "min": -1.20802140236,
        "var": 1.63028609753
    },
    "barkbands_spread": {
        "dmean": 6.90505933762,
        "dmean2": 11.7994651794,
        "dvar": 86.8475952148,
        "dvar2": 246.881362915,
        "max": 75.2509460449,
        "mean": 20.9810142517,
        "median": 17.6114940643,
        "min": 1.85206305981,
        "var": 175.748199463
    },
    "dissonance": {
        "dmean": 0.0182529184967,
        "dmean2": 0.0313291400671,
        "dvar": 0.000281280488707,
        "dvar2": 0.000819194770884,
        "max": 0.5,
        "mean": 0.469259679317,
        "median": 0.475013792515,
        "min": 0.350738704205,
        "var": 0.000505276955664
    },
    "dynamic_complexity": 2.44990372658,
    "erbbands_crest": {
        "dmean": 2.6577808857,
        "dmean2": 4.43948554993,
        "dvar": 6.88953828812,
        "dvar2": 18.0409584045,
        "max": 25.9860801697,
        "mean": 8.02621841431,
        "median": 7.28702783585,
        "min": 2.13001203537,
        "var": 15.089838028
    },
    "erbbands_flatness_db": {
        "dmean": 0.0156019572169,
        "dmean2": 0.0240083187819,
        "dvar": 0.000211378894164,
        "dvar2": 0.00045461836271,
        "max": 0.312304615974,
        "mean": 0.178534850478,
        "median": 0.174993053079,
        "min": 0.0985915362835,
        "var": 0.0012876726687
    },
    "erbbands_kurtosis": {
        "dmean": 0.763864636421,
        "dmean2": 1.25774562359,
        "dvar": 0.973018944263,
        "dvar2": 2.50627303123,
        "max": 15.5605316162,
        "mean": 0.167774438858,
        "median": -0.201017379761,
        "min": -1.71616959572,
        "var": 2.38457536697
    },
    "erbbands_skewness": {
        "dmean": 0.353923946619,
        "dmean2": 0.590929031372,
        "dvar": 0.152588486671,
        "dvar2": 0.42298656702,
        "max": 3.75236177444,
        "mean": 0.442847162485,
        "median": 0.436445355415,
        "min": -1.76514256001,
        "var": 0.358816206455
    },
    "erbbands_spread": {
        "dmean": 9.15629291534,
        "dmean2": 14.5239925385,
        "dvar": 81.5551605225,
        "dvar2": 185.754638672,
        "max": 111.771697998,
        "mean": 41.3944320679,
        "median": 38.6874237061,
        "min": 5.86700677872,
        "var": 316.692016602
    },
    "hfc": {
        "dmean": 8.06051158905,
        "dmean2": 13.3028860092,
        "dvar": 268.75881958,
        "dvar2": 698.528198242,
        "max": 180.840011597,
        "mean": 20.7147426605,
        "median": 12.2750530243,
        "min": 0.000233170081628,
        "var": 385.60848999
    },
    "melbands_crest": {
        "dmean": 4.50201797485,
        "dmean2": 7.40848588943,
        "dvar": 14.6663160324,
        "dvar2": 38.9906463623,
        "max": 35.9805641174,
        "mean": 14.9235057831,
        "median": 13.6199836731,
        "min": 3.97176623344,
        "var": 44.9683609009
    },
    "melbands_flatness_db": {
        "dmean": 0.0347674153745,
        "dmean2": 0.0562336929142,
        "dvar": 0.00116903777234,
        "dvar2": 0.00306900846772,
        "max": 0.448513805866,
        "mean": 0.197580784559,
        "median": 0.181344076991,
        "min": 0.0481976382434,
        "var": 0.00574285769835
    },
    "melbands_kurtosis": {
        "dmean": 11.3203029633,
        "dmean2": 19.0756168365,
        "dvar": 458.416595459,
        "dvar2": 1256.06872559,
        "max": 251.885009766,
        "mean": 16.2509288788,
        "median": 8.76745986938,
        "min": -1.12742245197,
        "var": 544.052185059
    },
    "melbands_skewness": {
        "dmean": 1.00783920288,
        "dmean2": 1.63837182522,
        "dvar": 1.34411370754,
        "dvar2": 3.52847337723,
        "max": 13.4065618515,
        "mean": 2.90608596802,
        "median": 2.53045392036,
        "min": -0.769261837006,
        "var": 3.10749769211
    },
    "melbands_spread": {
        "dmean": 8.12835884094,
        "dmean2": 13.9580402374,
        "dvar": 123.077278137,
        "dvar2": 348.727813721,
        "max": 121.87815094,
        "mean": 20.8741855621,
        "median": 18.2135639191,
        "min": 1.60541307926,
        "var": 205.017333984
    },
    "pitch_salience": {
        "dmean": 0.0962688475847,
        "dmean2": 0.160416856408,
        "dvar": 0.00713464338332,
        "dvar2": 0.0197984389961,
        "max": 0.853571772575,
        "mean": 0.560657560825,
        "median": 0.576357901096,
        "min": 0.161016598344,
        "var": 0.0200000759214
    },
    "silence_rate_20dB": {
        "dmean": 0,
        "dmean2": 0,
        "dvar": 0,
        "dvar2": 0,
        "max": 1,
        "mean": 1,
        "median": 1,
        "min": 1,
        "var": 0
    },
    "silence_rate_30dB": {
        "dmean": 0.0030959751457,
        "dmean2": 0.0061943475157,
        "dvar": 0.00308637297712,
        "dvar2": 0.00847877934575,
        "max": 1,
        "mean": 0.998065769672,
        "median": 1,
        "min": 0,
        "var": 0.00193050224334
    },
    "silence_rate_60dB": {
        "dmean": 0.00154798757285,
        "dmean2": 0.00309717375785,
        "dvar": 0.00154557928909,
        "dvar2": 0.00308752642013,
        "max": 1,
        "mean": 0.0158607345074,
        "median": 0,
        "min": 0,
        "var": 0.0156093733385
    },
    "spectral_centroid": {
        "dmean": 325.015686035,
        "dmean2": 555.772338867,
        "dvar": 205578.828125,
        "dvar2": 596424.9375,
        "max": 3981.12695312,
        "mean": 1315.61755371,
        "median": 1204.31188965,
        "min": 254.522399902,
        "var": 391420.125
    },
    "spectral_complexity": {
        "dmean": 4.38777112961,
        "dmean2": 6.84862565994,
        "dvar": 27.878988266,
        "dvar2": 56.3178405762,
        "max": 60,
        "mean": 22.3048362732,
        "median": 17,
        "min": 0,
        "var": 170.449386597
    },
    "spectral_decrease": {
        "dmean": 3.99674870977e-09,
        "dmean2": 6.67239197227e-09,
        "dvar": 2.83246427898e-17,
        "dvar2": 7.43782608834e-17,
        "max": -1.73569627638e-13,
        "mean": -8.45014636042e-09,
        "median": -6.83040246585e-09,
        "min": -4.10514715554e-08,
        "var": 4.26394400414e-17
    },
    "spectral_energy": {
        "dmean": 0.0154581200331,
        "dmean2": 0.0256512258202,
        "dvar": 0.000418984564021,
        "dvar2": 0.0010843971977,
        "max": 0.157308965921,
        "mean": 0.0337716862559,
        "median": 0.0278453286737,
        "min": 7.17965406238e-07,
        "var": 0.000648851273581
    },
    "spectral_energyband_high": {
        "dmean": 0.000846371462103,
        "dmean2": 0.00150587619282,
        "dvar": 5.58536385142e-06,
        "dvar2": 1.58132643264e-05,
        "max": 0.0201275590807,
        "mean": 0.00127568875905,
        "median": 0.00038889827556,
        "min": 5.12895681481e-09,
        "var": 4.60686442239e-06
    },
    "spectral_energyband_low": {
        "dmean": 0.0115651283413,
        "dmean2": 0.0195017699152,
        "dvar": 0.000327781192027,
        "dvar2": 0.000891798816156,
        "max": 0.144256189466,
        "mean": 0.0164846107364,
        "median": 0.00702144950628,
        "min": 3.28485441514e-07,
        "var": 0.00045987701742
    },
    "spectral_energyband_middle_high": {
        "dmean": 0.00179319409654,
        "dmean2": 0.00290680048056,
        "dvar": 9.28965255298e-06,
        "dvar2": 2.01279999601e-05,
        "max": 0.0427400767803,
        "mean": 0.00499514350668,
        "median": 0.00271657737903,
        "min": 5.12015851939e-08,
        "var": 3.801724597e-05
    },
    "spectral_energyband_middle_low": {
        "dmean": 0.00684733735397,
        "dmean2": 0.012073460035,
        "dvar": 0.000131257154862,
        "dvar2": 0.000372427195543,
        "max": 0.104969590902,
        "mean": 0.012778647244,
        "median": 0.00919566582888,
        "min": 2.07266324992e-07,
        "var": 0.000134921749122
    },
    "spectral_entropy": {
        "dmean": 0.149712771177,
        "dmean2": 0.241088539362,
        "dvar": 0.0250596702099,
        "dvar2": 0.0651017054915,
        "max": 8.35509967804,
        "mean": 7.71253871918,
        "median": 7.74077987671,
        "min": 6.45124387741,
        "var": 0.109029404819
    },
    "spectral_flux": {
        "dmean": 0.0310395713896,
        "dmean2": 0.0491043478251,
        "dvar": 0.00142074271571,
        "dvar2": 0.00296399160288,
        "max": 0.323330581188,
        "mean": 0.107501424849,
        "median": 0.0950631126761,
        "min": 0.000847328396048,
        "var": 0.00328813586384
    },
    "spectral_kurtosis": {
        "dmean": 1.45477688313,
        "dmean2": 2.52759361267,
        "dvar": 2.62132191658,
        "dvar2": 7.79177236557,
        "max": 22.1569881439,
        "mean": 2.40617036819,
        "median": 1.70359563828,
        "min": -0.750674247742,
        "var": 6.40163946152
    },
    "spectral_rms": {
        "dmean": 0.00120423454791,
        "dmean2": 0.00195988686755,
        "dvar": 1.8253356302e-06,
        "dvar2": 4.55245208286e-06,
        "max": 0.0123883886263,
        "mean": 0.00534285092726,
        "median": 0.00521211791784,
        "min": 2.64660920948e-05,
        "var": 4.40191888629e-06
    },
    "spectral_rolloff": {
        "dmean": 648.01385498,
        "dmean2": 1156.22436523,
        "dvar": 1070666.5,
        "dvar2": 2948326,
        "max": 7299.75585938,
        "mean": 1316.5111084,
        "median": 904.39453125,
        "min": 43.06640625,
        "var": 1515210.125
    },
    "spectral_skewness": {
        "dmean": 0.231048107147,
        "dmean2": 0.391093164682,
        "dvar": 0.0615716949105,
        "dvar2": 0.170287147164,
        "max": 3.31008124352,
        "mean": 1.13084757328,
        "median": 1.11269176006,
        "min": -0.109041489661,
        "var": 0.214379176497
    },
    "spectral_spread": {
        "dmean": 383095.21875,
        "dmean2": 589830.9375,
        "dvar": 219605450752,
        "dvar2": 462806155264,
        "max": 7904271,
        "mean": 4066549.5,
        "median": 4046715,
        "min": 1842836.875,
        "var": 887076880384
    },
    "spectral_strongpeak": {
        "dmean": 0.356546312571,
        "dmean2": 0.60679101944,
        "dvar": 0.195551156998,
        "dvar2": 0.548967957497,
        "max": 5.62941598892,
        "mean": 0.59671741724,
        "median": 0.432580888271,
        "min": 0,
        "var": 0.273059934378
    },
    "zerocrossingrate": {
        "dmean": 0.00914733670652,
        "dmean2": 0.0116835888475,
        "dvar": 7.59356771596e-05,
        "dvar2": 0.000112559042464,
        "max": 0.15234375,
        "mean": 0.0520940385759,
        "median": 0.0478515625,
        "min": 0.0029296875,
        "var": 0.000793671002612
    },
    "barkbands": {
        "dmean": [0.000980313518085, 0.00720062945038, 0.00408378150314, 0.00273964297958, 0.002923671389, 0.00161179818679, 0.000970072229393, 0.000692650792189, 0.000695380906109, 0.00113573600538, 0.000340257101925, 0.000406460370868, 0.000354284216883, 0.000271991943009, 0.000218378801947, 0.000149574159877, 0.000156216119649, 0.000142403980135, 0.000152264488861, 0.000165092569659, 0.000375171803171, 0.000228949720622, 0.000162686046679, 5.30121433258e-05, 1.37065999297e-05, 1.13759579534e-08, 1.35246291944e-09],
        "dmean2": [0.00156807212625, 0.0118034305051, 0.0071266843006, 0.00492208916694, 0.00519116548821, 0.00269202701747, 0.00162657070905, 0.00117939850315, 0.00117825623602, 0.00191248313058, 0.000582006876357, 0.000691491994075, 0.000592427270021, 0.000443451455794, 0.000367470813217, 0.000248493626714, 0.000268725096248, 0.000238891661866, 0.000263371475739, 0.000286052119918, 0.000690214219503, 0.000408073799917, 0.000281237706076, 8.72345844982e-05, 2.2032936613e-05, 1.90835347524e-08, 2.50893839038e-09],
        "dvar": [4.32511887993e-06, 0.000125095175463, 0.00011124239245, 4.51412561233e-05, 3.74961673515e-05, 3.3920862279e-06, 2.3933457669e-06, 1.20950301152e-06, 1.07969628971e-06, 3.4700769902e-06, 4.25652359581e-07, 4.32563325603e-07, 6.20774926574e-07, 3.05813671275e-07, 1.53307709638e-07, 7.01225104649e-08, 7.83477389632e-08, 4.9778655864e-08, 7.50436015551e-08, 1.07487473144e-07, 1.28647207021e-06, 3.3344070971e-07, 1.59083271001e-07, 1.11272475678e-08, 6.91009527376e-10, 4.46136435544e-16, 3.26949568441e-18],
        "dvar2": [1.03602251329e-05, 0.000326227076584, 0.000298084778478, 0.000127422739752, 0.000110781460535, 9.30715123104e-06, 6.30536442259e-06, 3.22605956171e-06, 2.93318453259e-06, 8.56305723573e-06, 1.1111629874e-06, 1.26001782519e-06, 1.63236063599e-06, 7.60285956858e-07, 3.86430485833e-07, 1.75210914222e-07, 2.11029075103e-07, 1.26321040739e-07, 2.0516188215e-07, 2.88918727165e-07, 3.70819975615e-06, 9.30095495733e-07, 4.46349446293e-07, 2.60438639543e-08, 1.65078428704e-09, 1.17163905429e-15, 1.05702937208e-17],
        "max": [0.0205382071435, 0.100299701095, 0.0787769407034, 0.054307218641, 0.0606490895152, 0.0215305350721, 0.0223878268152, 0.0124534852803, 0.0148630691692, 0.0330224595964, 0.00908035412431, 0.00709517113864, 0.0120481383055, 0.00974482484162, 0.00527616264299, 0.00325878313743, 0.00451035704464, 0.00283162295818, 0.00324814720079, 0.00343930418603, 0.0104314079508, 0.00486228847876, 0.00359263946302, 0.00137699092738, 0.000255802646279, 2.3891269052e-07, 1.38583180487e-08],
        "mean": [0.00121869426221, 0.0101628415287, 0.00378071167506, 0.00267009972595, 0.00311360764317, 0.00253161881119, 0.00144789495971, 0.00096154230414, 0.00110441271681, 0.00176879786886, 0.000492471619509, 0.00063212052919, 0.000599890539888, 0.000438518181909, 0.000364596169675, 0.000268627103651, 0.000273043464404, 0.000272140197922, 0.000276539416518, 0.000276243896224, 0.000441023148596, 0.000334225711413, 0.00022287714819, 9.84366997727e-05, 2.07138309634e-05, 1.60022537443e-08, 1.05405939532e-09],
        "median": [8.26018658699e-05, 0.0031035207212, 0.00111250381451, 0.000749644590542, 0.00127985305153, 0.0018941037124, 0.000943687628023, 0.000562356552109, 0.000681616307702, 0.000958617369179, 0.000196257373318, 0.000324030785123, 0.000197761735762, 0.000151049389387, 0.000144454083056, 0.000111253117211, 0.000125661637867, 0.000127008286654, 0.000115418421046, 9.18692239793e-05, 0.000119753727631, 8.30981662148e-05, 6.12989533693e-05, 2.50885586865e-05, 5.25203904544e-06, 4.58319737717e-09, 4.01231575742e-10],
        "min": [1.79162473746e-09, 1.41125298114e-07, 1.36143540885e-07, 4.12653164972e-08, 3.04633580583e-08, 1.44987755135e-08, 1.26961383629e-08, 3.4766877377e-08, 9.60203117017e-09, 1.2001510008e-08, 5.34665334229e-09, 2.99098124046e-09, 2.17118922841e-09, 1.18775629332e-08, 3.76304987171e-09, 1.30438404522e-09, 3.11860626212e-09, 2.1671744399e-09, 1.4562238082e-09, 1.28345456485e-09, 1.93814764238e-09, 1.15606635376e-09, 5.94055860059e-10, 3.36278949131e-10, 1.25306431897e-10, 6.88415600567e-12, 8.4956902624e-12],
        "var": [6.44440478936e-06, 0.000212965693208, 8.11270510894e-05, 3.47686800524e-05, 2.9913508115e-05, 5.44308704775e-06, 2.88735145659e-06, 1.53140194925e-06, 1.66504355548e-06, 8.02717113402e-06, 6.22163838671e-07, 7.25014785985e-07, 1.4144115994e-06, 5.6890723954e-07, 2.74870103567e-07, 1.37097501351e-07, 1.43341267744e-07, 1.14020231479e-07, 1.28527091192e-07, 1.53297122552e-07, 8.64095056841e-07, 3.17287032203e-07, 1.46516299537e-07, 2.38918165252e-08, 1.21608900727e-09, 7.34957041685e-16, 2.63432478513e-18]
    },
    "erbbands": {
        "dmean": [0.301132798195, 1.35809254646, 4.12204933167, 7.43158864975, 9.82196521759, 9.80352687836, 7.63490009308, 14.7541265488, 17.8483352661, 10.9496135712, 17.3785266876, 15.1512737274, 39.1276550293, 18.6391925812, 13.0963926315, 17.2975120544, 15.8827161789, 12.9978895187, 12.2148160934, 9.59220314026, 8.12327480316, 7.9849820137, 6.83057308197, 9.40809440613, 6.29372739792, 7.62330389023, 11.3793945312, 16.1253967285, 9.71111488342, 5.12941169739, 4.69273233414, 2.02782678604, 0.685601890087, 0.279968768358, 0.0245518870652, 0.00107634067535, 6.17002006038e-05, 1.07844252852e-05, 8.79682011146e-06, 1.74885244633e-05],
        "dmean2": [0.474357992411, 2.30462312698, 7.19416379929, 13.1711616516, 17.7612552643, 17.2501869202, 13.3925065994, 25.0520133972, 29.2552661896, 18.5895557404, 29.56914711, 25.364068985, 66.7675857544, 30.920331955, 22.2644348145, 29.5206737518, 26.517457962, 21.1451644897, 20.3800792694, 15.8434925079, 13.6529140472, 13.498292923, 11.5345420837, 16.0132484436, 10.7531547546, 13.002248764, 20.69880867, 29.6807727814, 17.3411464691, 8.88403987885, 8.22268486023, 3.48637080193, 1.08988392353, 0.446760416031, 0.0398648679256, 0.0017418039497, 9.83685458777e-05, 1.75397963176e-05, 1.41026339406e-05, 2.86439371848e-05],
        "dvar": [0.308881431818, 4.21047544479, 95.9277267456, 384.973114014, 352.144042969, 485.257995605, 183.203964233, 296.670593262, 490.024627686, 385.857421875, 898.86505127, 664.910827637, 2801.36474609, 2163.71728516, 729.329284668, 786.938415527, 1119.46887207, 730.701660156, 505.783996582, 302.96786499, 226.734924316, 200.834793091, 123.869827271, 286.476531982, 124.262298584, 203.29927063, 1068.48132324, 2242.85668945, 649.333374023, 106.133972168, 154.386199951, 19.8893241882, 1.67317831516, 0.282165229321, 0.002318499377, 4.34780395153e-06, 1.34530822038e-08, 4.78689365924e-10, 1.56414714514e-10, 5.35724242745e-10],
        "dvar2": [0.757747471333, 11.6458120346, 257.343780518, 1061.36047363, 1024.62451172, 1398.21960449, 531.459106445, 820.943664551, 1206.21154785, 1051.78283691, 2431.45556641, 1828.7409668, 7668.82519531, 5473.62255859, 1880.75219727, 2233.36035156, 2889.56616211, 1841.91564941, 1263.30383301, 758.214172363, 571.47869873, 525.286254883, 316.541870117, 758.434326172, 336.52557373, 540.181884766, 3062.95385742, 6465.6484375, 1826.25952148, 289.692810059, 435.445373535, 52.3953666687, 3.75305247307, 0.663426935673, 0.00545109901577, 1.01328923847e-05, 3.15492130198e-08, 1.21166221501e-09, 3.5990421754e-10, 1.32240707273e-09],
        "max": [4.81881141663, 21.9171562195, 72.9306335449, 149.919265747, 163.078842163, 264.261627197, 143.988342285, 179.824310303, 300.639526367, 263.5703125, 357.56463623, 436.21496582, 839.999816895, 856.961547852, 411.555084229, 313.678436279, 510.478363037, 498.942077637, 271.109741211, 210.310821533, 151.551055908, 214.897872925, 183.297012329, 208.666320801, 147.773025513, 163.145782471, 276.976745605, 446.869995117, 218.193161011, 90.8576812744, 104.985282898, 54.3188018799, 13.9902429581, 5.11479759216, 0.452867388725, 0.0193908121437, 0.0012373275822, 0.00024455782841, 0.000140170610393, 0.000183150244993],
        "mean": [0.401471823454, 1.8560000658, 4.15020227432, 7.38325214386, 10.137597084, 10.1679325104, 9.79463291168, 21.9908466339, 28.071144104, 16.0605735779, 24.2739715576, 25.7242469788, 59.1966094971, 30.891204834, 20.9619235992, 28.6279315948, 28.1698932648, 23.2865333557, 20.8845329285, 17.1902198792, 15.3273229599, 14.7258911133, 13.9954681396, 16.8238277435, 12.3372497559, 13.2026901245, 14.4976501465, 18.4045715332, 13.1751918793, 8.45566558838, 6.13382339478, 3.0821018219, 1.26723968983, 0.447391420603, 0.0363737307489, 0.00166154501494, 0.000111966990517, 2.02969840757e-05, 2.177836177e-05, 4.06938743254e-05],
        "median": [0.0582559406757, 0.682063996792, 1.48476481438, 2.34069275856, 3.72705960274, 3.9970831871, 4.93585395813, 15.989616394, 19.5032081604, 8.51739597321, 13.8899068832, 15.6518211365, 37.6968803406, 11.0631628036, 9.37607192993, 14.8450145721, 10.358953476, 8.34753036499, 7.96510505676, 7.46374607086, 6.42695569992, 6.37020397186, 6.53660154343, 7.15053510666, 5.31844854355, 4.45055675507, 4.47297716141, 4.50089406967, 3.14856410027, 2.4174258709, 1.55420184135, 0.776935040951, 0.353025078773, 0.118214324117, 0.00798124074936, 0.000400429096771, 3.89804990846e-05, 7.23955008652e-06, 1.76259763975e-05, 3.47841560142e-05],
        "min": [1.85900603356e-06, 4.06203253078e-05, 0.000153669432621, 0.000161188072525, 0.000134528498165, 8.37197658257e-05, 0.000140831296449, 7.35390058253e-05, 0.00019061806961, 0.000316512567224, 0.000549196847714, 0.000221628099098, 0.000383970997063, 0.00018784981512, 0.000166702782735, 0.000150547115481, 0.000135547161335, 0.000806710391771, 0.000261328008492, 0.000103592377855, 0.000127620907733, 0.000136566828587, 9.49929308263e-05, 8.86675043148e-05, 7.83682189649e-05, 7.86126329331e-05, 8.45333997859e-05, 6.21099607088e-05, 3.97716248699e-05, 2.60844044533e-05, 1.54994249897e-05, 9.5198283816e-06, 4.82678387925e-06, 2.95357267532e-06, 1.70432556956e-07, 3.0740348933e-08, 1.16833920316e-08, 6.03700112123e-09, 1.77059311657e-09, 1.09958497863e-09],
        "var": [0.487930804491, 6.54332017899, 73.4053497314, 292.30871582, 296.360748291, 389.461883545, 188.336547852, 434.580169678, 772.575744629, 459.046722412, 1054.85119629, 985.832702637, 4869.08837891, 4270.01513672, 1089.51000977, 1494.40026855, 2746.09423828, 1526.40576172, 1010.26855469, 575.00994873, 422.765380859, 413.183410645, 300.654083252, 491.801300049, 247.020889282, 334.679534912, 746.768432617, 1574.54992676, 554.81060791, 155.328521729, 128.270462036, 25.056055069, 3.80272865295, 0.538107633591, 0.00409301137552, 7.92811624706e-06, 2.55969485607e-08, 7.54304119166e-10, 2.75258982274e-10, 8.83726536394e-10]
    },
    "gfcc": {
        "mean": [-11.6252965927, 134.248519897, -148.373825073, 58.5922889709, -80.9543457031, 18.786026001, -24.0772304535, -4.26794433594, -1.64344608784, -16.2863578796, 5.31585264206, -15.9862108231, 6.65134811401],
        "cov": [[3488.47167969, -912.990722656, -93.5930633545, 367.684051514, -239.527786255, 297.747894287, -333.704986572, -12.9275798798, -284.932800293, 35.458114624, -151.863555908, -11.0160140991, -74.1028366089], [-912.990722656, 951.652770996, 117.181159973, -189.556167603, 420.796295166, -147.713088989, 308.112640381, -31.7815341949, 190.206054688, -44.945098877, 123.163322449, -33.8782615662, 41.9615974426], [-93.5930633545, 117.181159973, 545.141052246, 216.317993164, 141.797042847, 153.282730103, 91.2899780273, 76.509552002, 60.4325523376, 15.7513618469, 5.34215164185, -6.09295320511, -11.4342699051], [367.684051514, -189.556167603, 216.317993164, 353.877868652, 45.8424949646, 113.447860718, 50.8090248108, 19.4400482178, 0.770181953907, 33.9153823853, -39.8411407471, -0.407805532217, -16.0558395386], [-239.527786255, 420.796295166, 141.797042847, 45.8424949646, 341.887176514, 26.6414318085, 174.187271118, 10.707575798, 95.1038970947, -4.27224683762, 59.678352356, -21.6328792572, 18.1245288849], [297.747894287, -147.713088989, 153.282730103, 113.447860718, 26.6414318085, 197.4974823, -14.327287674, 57.0725631714, -17.1012821198, 24.1318473816, -11.0849237442, 1.79888272285, -11.5277643204], [-333.704986572, 308.112640381, 91.2899780273, 50.8090248108, 174.187271118, -14.327287674, 251.358016968, 19.2383289337, 112.343589783, 10.3579540253, 52.0782470703, 10.5173578262, 20.2981929779], [-12.9275798798, -31.7815341949, 76.509552002, 19.4400482178, 10.707575798, 57.0725631714, 19.2383289337, 91.3542556763, 31.6489276886, 19.21692276, 17.4089756012, 18.440612793, 11.8676462173], [-284.932800293, 190.206054688, 60.4325523376, 0.770181953907, 95.1038970947, -17.1012821198, 112.343589783, 31.6489276886, 114.846206665, 25.9965438843, 45.704914093, 19.5552406311, 28.6239776611], [35.458114624, -44.945098877, 15.7513618469, 33.9153823853, -4.27224683762, 24.1318473816, 10.3579540253, 19.21692276, 25.9965438843, 63.9483222961, 28.7904167175, 21.9671058655, 12.0913724899], [-151.863555908, 123.163322449, 5.34215164185, -39.8411407471, 59.678352356, -11.0849237442, 52.0782470703, 17.4089756012, 45.704914093, 28.7904167175, 80.6876907349, 35.9968719482, 19.3389358521], [-11.0160140991, -33.8782615662, -6.09295320511, -0.407805532217, -21.6328792572, 1.79888272285, 10.5173578262, 18.440612793, 19.5552406311, 21.9671058655, 35.9968719482, 61.9813156128, 29.4897937775], [-74.1028366089, 41.9615974426, -11.4342699051, -16.0558395386, 18.1245288849, -11.5277643204, 20.2981929779, 11.8676462173, 28.6239776611, 12.0913724899, 19.3389358521, 29.4897937775, 57.2204551697]],
        "icov": [[0.000500975525938, -0.000227782278671, 0.00043988332618, -0.000679157674313, 3.13867603836e-05, -0.000656580959912, 0.000440770061687, -0.000139829266118, 0.000838282285258, -0.000353980169166, 0.000359181838576, -0.000446295307484, 0.000207653676625], [-0.000227782278671, 0.0143547458574, -0.00525905285031, 0.00938726216555, -0.0102869952098, 0.00667744409293, -0.00689065735787, 0.00691261375323, -0.00622642086819, 0.00598743837327, -0.00743415765464, 0.00859548244625, -0.00369217200205], [0.00043988332618, -0.00525905285031, 0.00559219066054, -0.00555460480973, 0.00323428097181, -0.00446114642546, 0.00310469092801, -0.00380391161889, 0.000827343028504, -0.00054223742336, 0.00194105564151, -0.00264177541249, 0.00215574377216], [-0.000679157674313, 0.00938726216555, -0.00555460480973, 0.0127211548388, -0.00792981218547, 0.00400385679677, -0.00684487633407, 0.00556395715103, -0.00275187240914, -0.00126804865431, 0.00214808131568, 0.00151257927064, -0.000572420482058], [3.13867603836e-05, -0.0102869952098, 0.00323428097181, -0.00792981218547, 0.0151518536732, -0.00700150895864, 0.00245813652873, -0.00280208024196, 0.00135150633287, 0.000595238234382, -0.00326590146869, 0.00252778478898, -0.00149587518536], [-0.000656580959912, 0.00667744409293, -0.00446114642546, 0.00400385679677, -0.00700150895864, 0.0138769317418, -0.00281550269574, -0.0025589230936, 0.00126900407486, -0.00127291027457, -0.000891239673365, 0.00215112580918, -0.000145432015415], [0.000440770061687, -0.00689065735787, 0.00310469092801, -0.00684487633407, 0.00245813652873, -0.00281550269574, 0.0130569878966, -0.0030597334262, -0.00394670432433, -0.000187748984899, 0.00151091092266, -0.00475559337065, 0.0029349133838], [-0.000139829266118, 0.00691261375323, -0.00380391161889, 0.00556395715103, -0.00280208024196, -0.0025589230936, -0.0030597334262, 0.0211463738233, -0.00907754153013, 0.00352728762664, -0.00536222895607, 0.00306082237512, -0.00334718613885], [0.000838282285258, -0.00622642086819, 0.000827343028504, -0.00275187240914, 0.00135150633287, 0.00126900407486, -0.00394670432433, -0.00907754153013, 0.0285187996924, -0.0118388766423, 0.0045163645409, -0.00578573346138, -0.0021540436428], [-0.000353980169166, 0.00598743837327, -0.00054223742336, -0.00126804865431, 0.000595238234382, -0.00127291027457, -0.000187748984899, 0.00352728762664, -0.0118388766423, 0.0317273065448, -0.0186739116907, 0.00812995061278, -0.00508407084271], [0.000359181838576, -0.00743415765464, 0.00194105564151, 0.00214808131568, -0.00326590146869, -0.000891239673365, 0.00151091092266, -0.00536222895607, 0.0045163645409, -0.0186739116907, 0.041745569557, -0.0273954980075, 0.0100353294984], [-0.000446295307484, 0.00859548244625, -0.00264177541249, 0.00151257927064, 0.00252778478898, 0.00215112580918, -0.00475559337065, 0.00306082237512, -0.00578573346138, 0.00812995061278, -0.0273954980075, 0.0451860465109, -0.0191523097456], [0.000207653676625, -0.00369217200205, 0.00215574377216, -0.000572420482058, -0.00149587518536, -0.000145432015415, 0.0029349133838, -0.00334718613885, -0.0021540436428, -0.00508407084271, 0.0100353294984, -0.0191523097456, 0.029451303184]]
    },
    "melbands": {
        "dmean": [0.00224719732068, 0.00192770163994, 0.00130929960869, 0.000710173044354, 0.000284975947579, 0.000340639177011, 0.000260376895312, 0.00011921220721, 0.00014097080566, 0.000100247576484, 0.000195528395125, 8.10660276329e-05, 4.56971101812e-05, 4.31048210885e-05, 4.67245517939e-05, 3.10261129925e-05, 2.57321862591e-05, 2.14963638427e-05, 1.67078360391e-05, 1.14341137305e-05, 1.03464435597e-05, 9.41390135267e-06, 6.80483799442e-06, 7.10389213054e-06, 8.50346714287e-06, 5.0044359341e-06, 4.93171864946e-06, 5.67942288399e-06, 6.11539553574e-06, 1.05745457404e-05, 9.2372420113e-06, 6.2801200329e-06, 3.58644206244e-06, 2.64217305812e-06, 2.95852260024e-06, 2.38550842369e-06, 8.51798574786e-07, 5.26801841261e-07, 3.72259222559e-07, 1.98520268668e-07],
        "dmean2": [0.00360370893031, 0.00334306736477, 0.00231683719903, 0.00126666564029, 0.00050160009414, 0.000573313445784, 0.000426460144809, 0.000201749659027, 0.000242003690801, 0.000168570782989, 0.000334312877385, 0.000133800698677, 7.77393142926e-05, 7.32871631044e-05, 7.90599224274e-05, 5.19435889146e-05, 4.20979995397e-05, 3.59024852514e-05, 2.80217773252e-05, 1.93190553546e-05, 1.7721162294e-05, 1.606549813e-05, 1.15524144348e-05, 1.18774596558e-05, 1.44597788676e-05, 8.67148628458e-06, 8.44688474899e-06, 9.65086019278e-06, 1.0911658137e-05, 1.94951498997e-05, 1.70406783582e-05, 1.12840707516e-05, 6.28836733085e-06, 4.52866015621e-06, 5.16185991728e-06, 4.28725888924e-06, 1.43410750297e-06, 8.34549382489e-07, 6.10237009369e-07, 3.1892949437e-07],
        "dvar": [1.43329489219e-05, 1.47848886627e-05, 9.60608485912e-06, 2.10567736758e-06, 3.05754014107e-07, 1.49718715647e-07, 1.12897339477e-07, 4.06994011826e-08, 6.24143936534e-08, 2.43228246433e-08, 7.27164746195e-08, 4.55421762524e-08, 8.31919333422e-09, 4.77282746658e-09, 9.59360590969e-09, 4.72694328124e-09, 2.9572886362e-09, 1.7213197534e-09, 9.7241159569e-10, 4.1448108834e-10, 3.67932767587e-10, 3.03419400716e-10, 1.28631980068e-10, 1.38282094109e-10, 2.38073477599e-10, 7.13245434936e-11, 8.66540797451e-11, 1.08775558005e-10, 2.2663840249e-10, 1.11083642285e-09, 6.75822731111e-10, 2.7849836326e-10, 5.96802607333e-11, 2.36934846742e-11, 6.04784902714e-11, 3.56510168609e-11, 2.68188075914e-12, 9.13149113616e-13, 5.34396745605e-13, 1.40741327555e-13],
        "dvar2": [3.59952209692e-05, 4.03510275646e-05, 2.629782648e-05, 6.20118680672e-06, 8.80641096046e-07, 4.05759664091e-07, 2.83702405568e-07, 1.10685959953e-07, 1.70534974586e-07, 6.62258372586e-08, 1.97817598746e-07, 1.14710857702e-07, 2.14805755405e-08, 1.3552583944e-08, 2.65323070181e-08, 1.21936585273e-08, 7.53709006318e-09, 4.33069402561e-09, 2.4508299834e-09, 1.06879816109e-09, 9.55420853543e-10, 7.97454602353e-10, 3.4142721983e-10, 3.59240553971e-10, 6.34833630109e-10, 1.92730789661e-10, 2.36120289987e-10, 2.92780910627e-10, 6.40055286549e-10, 3.21653659263e-09, 1.95228100353e-09, 7.8407952353e-10, 1.67395236561e-10, 6.35482153011e-11, 1.7079004877e-10, 9.94868978865e-11, 6.57877788704e-12, 2.04122634594e-12, 1.25977613757e-12, 3.33239810529e-13],
        "max": [0.0347539894283, 0.0314647033811, 0.0239267926663, 0.0137638496235, 0.00619443040341, 0.00446931319311, 0.00468831136823, 0.00265950802714, 0.00311763980426, 0.00257361098193, 0.0043651307933, 0.00397278135642, 0.00138648517895, 0.00113898119889, 0.00149660452735, 0.000925989996176, 0.000991337234154, 0.000552244076971, 0.000428497442044, 0.000334957992891, 0.000182795018191, 0.000276878068689, 0.000139612573548, 0.000190720558749, 0.000183104755706, 0.000101268364233, 0.000145560843521, 0.000110489309009, 0.000124098718516, 0.000288772454951, 0.000249359320151, 0.000140847550938, 8.0410092778e-05, 4.31158223364e-05, 6.76345953252e-05, 6.21528888587e-05, 1.91756662389e-05, 9.43709801504e-06, 7.97296070232e-06, 3.21452148455e-06],
        "mean": [0.00316924019717, 0.00227764900774, 0.00137291429564, 0.000749189872295, 0.000352862, 0.000519657449331, 0.000410942651797, 0.000170931205503, 0.000196305423742, 0.000165403398569, 0.000294569850666, 0.000126216342323, 6.74776019878e-05, 6.74749680911e-05, 7.68222671468e-05, 5.35982544534e-05, 4.22536031692e-05, 3.41618688253e-05, 2.6862418963e-05, 1.96314686036e-05, 1.7789312551e-05, 1.58721886692e-05, 1.27990933834e-05, 1.30550733957e-05, 1.4008161088e-05, 8.95889024832e-06, 8.64259163791e-06, 8.83455231815e-06, 8.10468736745e-06, 1.08121221274e-05, 1.0608685443e-05, 7.76353681431e-06, 5.61127126275e-06, 4.18970739702e-06, 3.61085039913e-06, 2.93194034384e-06, 1.47115338223e-06, 9.44270993841e-07, 6.00150599439e-07, 2.98562383705e-07],
        "median": [0.000728043378331, 0.000960520294029, 0.000492457882501, 0.000286613270873, 0.000176954679773, 0.000382024445571, 0.000289686751785, 9.35984498938e-05, 0.00011230356904, 0.000103570178908, 0.000184557109606, 3.71044916392e-05, 2.78903407889e-05, 3.61926067853e-05, 3.24114262185e-05, 1.82582843991e-05, 1.46013908306e-05, 1.22219344121e-05, 1.03143338492e-05, 8.76154808793e-06, 7.32772195988e-06, 6.83404869051e-06, 5.83443534197e-06, 6.15933004156e-06, 5.68033374293e-06, 3.83280485039e-06, 3.00614806292e-06, 2.94476421914e-06, 2.60214869741e-06, 2.6997167879e-06, 2.47522984864e-06, 1.72794352693e-06, 1.54523286255e-06, 1.17380648135e-06, 8.32386319871e-07, 7.12892870069e-07, 3.68773982018e-07, 2.65479030759e-07, 1.62707308959e-07, 7.06840737053e-08],
        "min": [2.80304455202e-08, 8.42417335889e-08, 3.26751106172e-08, 6.04201710885e-09, 6.17184703344e-09, 1.95248128776e-09, 2.78942868803e-09, 4.43409486905e-09, 3.71211061889e-09, 1.30335853221e-09, 1.85637061278e-09, 5.46920286837e-10, 7.46391670692e-10, 1.90943108547e-10, 5.39531641586e-10, 1.7372765726e-10, 1.41076628157e-09, 3.47010503665e-10, 2.05133937614e-10, 8.95422694325e-11, 1.77522566092e-10, 1.72656638986e-10, 7.59693349894e-11, 1.0712614823e-10, 6.22698351216e-11, 7.04699562593e-11, 3.22485302351e-11, 5.87458762191e-11, 4.42891556762e-11, 4.75455647075e-11, 3.43070016839e-11, 2.23594510962e-11, 2.11383844456e-11, 1.25047723912e-11, 9.28836608322e-12, 7.75098561723e-12, 4.77781616354e-12, 3.26262953286e-12, 3.11086963481e-12, 2.12826045849e-12],
        "var": [2.42110127147e-05, 1.34672272907e-05, 7.52525011194e-06, 1.71917099578e-06, 2.87683377564e-07, 2.34105201002e-07, 1.67972970644e-07, 5.03403896346e-08, 7.12035017614e-08, 3.75288564669e-08, 1.30305068069e-07, 8.86277646828e-08, 1.21059917646e-08, 7.63495666689e-09, 1.87165039023e-08, 1.05964508279e-08, 5.37915711973e-09, 3.13971071364e-09, 1.61929791798e-09, 7.82276798894e-10, 6.15421269501e-10, 5.49502998659e-10, 2.66841659879e-10, 2.85316797966e-10, 3.80213999174e-10, 1.29151286887e-10, 1.68082089913e-10, 1.62646243695e-10, 1.85075330061e-10, 6.87019885426e-10, 5.0487447556e-10, 2.21911697351e-10, 7.89881146601e-11, 3.85302068029e-11, 4.92295301746e-11, 2.89677552778e-11, 5.3782668423e-12, 2.15459963239e-12, 9.58589110867e-13, 2.55777766588e-13]
    },
    "mfcc": {
        "mean": [-625.676086426, 125.272857666, 1.82844805717, 26.2783870697, -11.1445360184, 10.7659435272, -5.42726421356, 8.18089485168, -1.26349890232, 4.33376550674, -0.658770978451, 2.45922851562, -3.26056361198],
        "cov": [[3797.86499023, -1167.22375488, 23.4632434845, -99.0570678711, 37.7500457764, 109.96887207, -2.93821883202, -116.891784668, -119.693374634, -119.609580994, -74.0316619873, -115.815162659, -82.1694564819], [-1167.22375488, 1182.0369873, -216.071044922, 71.863067627, 61.4057006836, 2.67791152, 87.4604873657, 83.1730957031, 57.8601112366, 85.7619400024, 37.6769981384, 79.6798629761, 58.6916046143], [23.4632434845, -216.071044922, 467.728942871, 90.552192688, 103.865310669, 88.0484390259, 47.2454109192, 68.1935119629, 48.0249786377, 32.8830986023, 31.1839103699, 13.1044225693, 21.8579177856], [-99.0570678711, 71.863067627, 90.552192688, 279.629150391, 34.4383506775, 107.492553711, 58.8448677063, 49.6342887878, 66.5228652954, 33.5918197632, 44.8521995544, 20.0368919373, 8.2748041153], [37.7500457764, 61.4057006836, 103.865310669, 34.4383506775, 191.542358398, 69.8117218018, 63.660030365, 39.7158317566, 19.4236469269, 41.1586799622, 12.119134903, 1.38144099712, 8.80626296997], [109.96887207, 2.67791152, 88.0484390259, 107.492553711, 69.8117218018, 149.177886963, 74.7449569702, 40.2097206116, 41.2054405212, 27.8128318787, 31.1110916138, 18.3724822998, 1.12637579441], [-2.93821883202, 87.4604873657, 47.2454109192, 58.8448677063, 63.660030365, 74.7449569702, 103.534332275, 54.3395347595, 27.9086990356, 32.9976997375, 27.7782440186, 19.0646934509, 16.3897247314], [-116.891784668, 83.1730957031, 68.1935119629, 49.6342887878, 39.7158317566, 40.2097206116, 54.3395347595, 93.7820968628, 47.0141983032, 28.4996395111, 26.305814743, 22.5515918732, 27.3930740356], [-119.693374634, 57.8601112366, 48.0249786377, 66.5228652954, 19.4236469269, 41.2054405212, 27.9086990356, 47.0141983032, 81.1904067993, 37.3500823975, 20.6383132935, 15.1836481094, 9.27542495728], [-119.609580994, 85.7619400024, 32.8830986023, 33.5918197632, 41.1586799622, 27.8128318787, 32.9976997375, 28.4996395111, 37.3500823975, 67.1829223633, 28.6207408905, 13.9907770157, 11.4215393066], [-74.0316619873, 37.6769981384, 31.1839103699, 44.8521995544, 12.119134903, 31.1110916138, 27.7782440186, 26.305814743, 20.6383132935, 28.6207408905, 60.1623268127, 26.3855190277, 19.1487522125], [-115.815162659, 79.6798629761, 13.1044225693, 20.0368919373, 1.38144099712, 18.3724822998, 19.0646934509, 22.5515918732, 15.1836481094, 13.9907770157, 26.3855190277, 58.3180160522, 34.1303215027], [-82.1694564819, 58.6916046143, 21.8579177856, 8.2748041153, 8.80626296997, 1.12637579441, 16.3897247314, 27.3930740356, 9.27542495728, 11.4215393066, 19.1487522125, 34.1303215027, 64.4098510742]],
