{
"lowlevel": {
    "average_loudness": 0.929601788521,
    "barkbands_crest": {
        "dmean": 3.08217549324,
        "dmean2": 4.88149833679,
        "dvar": 8.66476535797,
        "dvar2": 21.4986724854,
        "max": 26.1872577667,
        "mean": 11.9286689758,
        "median": 11.2611865997,
        "min": 2.57484793663,
        "var": 22.4704341888
    },
    "barkbands_flatness_db": {
        "dmean": 0.0293707195669,
        "dmean2": 0.0423286557198,
        "dvar": 0.000948424392845,
        "dvar2": 0.00191223516595,
        "max": 0.463475733995,
        "mean": 0.161984845996,
        "median": 0.1479408741,
        "min": 0.0343182347715,
        "var": 0.00427956692874
    },
    "barkbands_kurtosis": {
        "dmean": 7.89940404892,
        "dmean2": 12.3723020554,
        "dvar": 692.726196289,
        "dvar2": 1536.96679688,
        "max": 624.706054688,
        "mean": 9.21203899384,
        "median": 2.15992975235,
        "min": -1.90519678593,
        "var": 894.268066406
    },
    "barkbands_skewness": {
        "dmean": 0.89882171154,
        "dmean2": 1.32392919064,
        "dvar": 1.83203351498,
        "dvar2": 3.45225763321,
        "max": 22.5434398651,
        "mean": 1.98420882225,
        "median": 1.69193208218,
        "min": -9.78169250488,
        "var": 4.55166196823
    },
    "barkbands_spread": {
        "dmean": 8.71981906891,
        "dmean2": 13.3141546249,
        "dvar": 127.204322815,
        "dvar2": 268.030303955,
        "max": 130.896713257,
        "mean": 28.2547531128,
        "median": 26.1618556976,
        "min": 0.338107079268,
        "var": 287.372406006
    },
    "dissonance": {
        "dmean": 0.0149069912732,
        "dmean2": 0.024555945769,
        "dvar": 0.00034590359428,
        "dvar2": 0.000825977185741,
        "max": 0.499999970198,
        "mean": 0.471602112055,
        "median": 0.480010062456,
        "min": 0.181166246533,
        "var": 0.00087743048789
    },
    "dynamic_complexity": 4.11684417725,
    "erbbands_crest": {
        "dmean": 2.55215907097,
        "dmean2": 4.08353948593,
        "dvar": 6.36423444748,
        "dvar2": 15.186920166,
        "max": 29.8215770721,
        "mean": 8.41461658478,
        "median": 7.2490606308,
        "min": 2.29399299622,
        "var": 18.4721984863
    },
    "erbbands_flatness_db": {
        "dmean": 0.0223194826394,
        "dmean2": 0.0296549517661,
        "dvar": 0.000547016446944,
        "dvar2": 0.000951058871578,
        "max": 0.368124425411,
        "mean": 0.147536978126,
        "median": 0.139805868268,
        "min": 0.0488512590528,
        "var": 0.00303079863079
    },
    "erbbands_kurtosis": {
        "dmean": 1.42989826202,
        "dmean2": 2.28232502937,
        "dvar": 18.1752357483,
        "dvar2": 44.7428207397,
        "max": 89.1177902222,
        "mean": 0.426572561264,
        "median": -0.724575042725,
        "min": -1.94335722923,
        "var": 21.7639389038
    },
    "erbbands_skewness": {
        "dmean": 0.487507730722,
        "dmean2": 0.736199736595,
        "dvar": 0.449868351221,
        "dvar2": 0.941178977489,
        "max": 8.35941028595,
        "mean": -0.0889855697751,
        "median": -0.140473857522,
        "min": -5.56018257141,
        "var": 1.07916593552
    },
    "erbbands_spread": {
        "dmean": 12.6167879105,
        "dmean2": 19.0232086182,
        "dvar": 236.571334839,
        "dvar2": 514.912658691,
        "max": 165.389038086,
        "mean": 54.7228279114,
        "median": 51.7774200439,
        "min": 3.35714650154,
        "var": 589.768127441
    },
    "hfc": {
        "dmean": 7.05328512192,
        "dmean2": 9.97048377991,
        "dvar": 108.062599182,
        "dvar2": 215.984954834,
        "max": 109.256256104,
        "mean": 19.3106155396,
        "median": 16.446641922,
        "min": 1.20136826961e-16,
        "var": 287.25668335
    },
    "melbands_crest": {
        "dmean": 3.83125805855,
        "dmean2": 6.10009479523,
        "dvar": 14.4540452957,
        "dvar2": 33.1968841553,
        "max": 36.9682235718,
        "mean": 17.118473053,
        "median": 16.7041416168,
        "min": 1.19712746143,
        "var": 35.553440094
    },
    "melbands_flatness_db": {
        "dmean": 0.0352490097284,
        "dmean2": 0.0507858507335,
        "dvar": 0.00145717628766,
        "dvar2": 0.002814469859,
        "max": 0.58800059557,
        "mean": 0.212618097663,
        "median": 0.204078093171,
        "min": 7.37348964321e-05,
        "var": 0.00586479809135
    },
    "melbands_kurtosis": {
        "dmean": 20.4436264038,
        "dmean2": 31.8392715454,
        "dvar": 2475.35766602,
        "dvar2": 5563.66015625,
        "max": 1040.01391602,
        "mean": 32.0138778687,
        "median": 14.6800765991,
        "min": -1.90834271908,
        "var": 3879.61645508
    },
    "melbands_skewness": {
        "dmean": 1.29217600822,
        "dmean2": 1.93242144585,
        "dvar": 2.94397974014,
        "dvar2": 5.99095964432,
        "max": 26.0865440369,
        "mean": 3.99855732918,
        "median": 3.51770114899,
        "min": -3.97871398926,
        "var": 7.71166086197
    },
    "melbands_spread": {
        "dmean": 10.9772367477,
        "dmean2": 16.8566970825,
        "dvar": 474.307434082,
        "dvar2": 971.819946289,
        "max": 338.602752686,
        "mean": 27.2789783478,
        "median": 19.6189117432,
        "min": 0.348165690899,
        "var": 928.66418457
    },
    "pitch_salience": {
        "dmean": 0.0923142433167,
        "dmean2": 0.147365108132,
        "dvar": 0.00899170059711,
        "dvar2": 0.0212357286364,
        "max": 0.993623673916,
        "mean": 0.508495807648,
        "median": 0.507022023201,
        "min": 0.0487760566175,
        "var": 0.0198690667748
    },
    "silence_rate_20dB": {
        "dmean": 0,
        "dmean2": 0,
        "dvar": 0,
        "dvar2": 0,
        "max": 1,
        "mean": 1,
        "median": 1,
        "min": 1,
        "var": 0
    },
    "silence_rate_30dB": {
        "dmean": 0.0548686236143,
        "dmean2": 0.109779670835,
        "dvar": 0.0518586263061,
        "dvar2": 0.145661786199,
        "max": 1,
        "mean": 0.969100058079,
        "median": 1,
        "min": 0,
        "var": 0.0299446191639
    },
    "silence_rate_60dB": {
        "dmean": 0.0510046370327,
        "dmean2": 0.102048702538,
        "dvar": 0.0484032295644,
        "dvar2": 0.0970449671149,
        "max": 1,
        "mean": 0.16415604949,
        "median": 0,
        "min": 0,
        "var": 0.1372089535
    },
    "spectral_centroid": {
        "dmean": 412.744537354,
        "dmean2": 610.290771484,
        "dvar": 354723.78125,
        "dvar2": 571928.5,
        "max": 10955.1347656,
        "mean": 1845.15722656,
        "median": 1811.16101074,
        "min": 136.205764771,
        "var": 950237.5625
    },
    "spectral_complexity": {
        "dmean": 4.03400325775,
        "dmean2": 6.07267093658,
        "dvar": 22.1704902649,
        "dvar2": 44.835647583,
        "max": 56,
        "mean": 18.1931247711,
        "median": 20,
        "min": 0,
        "var": 152.884658813
    },
    "spectral_decrease": {
        "dmean": 3.23443050121e-09,
        "dmean2": 4.99208718807e-09,
        "dvar": 3.69538041749e-17,
        "dvar2": 7.6135305001e-17,
        "max": 3.59946968065e-11,
        "mean": -7.27356130881e-09,
        "median": -5.97891913756e-09,
        "min": -4.67901806189e-08,
        "var": 6.22959711655e-17
    },
    "spectral_energy": {
        "dmean": 0.0126591632143,
        "dmean2": 0.0194878000766,
        "dvar": 0.000553600140847,
        "dvar2": 0.00113457499538,
        "max": 0.180227816105,
        "mean": 0.0292036011815,
        "median": 0.024322303012,
        "min": 1.08103959605e-20,
        "var": 0.000948438129853
    },
    "spectral_energyband_high": {
        "dmean": 0.000599951483309,
        "dmean2": 0.000849773117807,
        "dvar": 1.07052233034e-06,
        "dvar2": 2.26504607781e-06,
        "max": 0.01371019613,
        "mean": 0.00131837115623,
        "median": 0.000788666482549,
        "min": 7.6387407305e-21,
        "var": 2.51835876952e-06
    },
    "spectral_energyband_low": {
        "dmean": 0.00828320160508,
        "dmean2": 0.0130300531164,
        "dvar": 0.000309583323542,
        "dvar2": 0.000710298132617,
        "max": 0.151921391487,
        "mean": 0.0160711072385,
        "median": 0.0125093655661,
        "min": 4.70550954571e-23,
        "var": 0.000480155897094
    },
    "spectral_energyband_middle_high": {
        "dmean": 0.000921642873436,
        "dmean2": 0.00142406648956,
        "dvar": 1.6284910771e-06,
        "dvar2": 3.62029709322e-06,
        "max": 0.0225802455097,
        "mean": 0.00298962998204,
        "median": 0.00259044230916,
        "min": 1.56906468679e-21,
        "var": 7.79363290349e-06
    },
    "spectral_energyband_middle_low": {
        "dmean": 0.00700037647039,
        "dmean2": 0.0114685297012,
        "dvar": 0.000264840957243,
        "dvar2": 0.000538764463272,
        "max": 0.132118627429,
        "mean": 0.010840266943,
        "median": 0.00541506148875,
        "min": 1.98613554835e-22,
        "var": 0.000347111694282
    },
    "spectral_entropy": {
        "dmean": 0.207105711102,
        "dmean2": 0.295273989439,
        "dvar": 0.0706433355808,
        "dvar2": 0.127177283168,
        "max": 9.81207847595,
        "mean": 7.67520332336,
        "median": 7.75645160675,
        "min": 5.10970973969,
        "var": 0.274642109871
    },
    "spectral_flux": {
        "dmean": 0.0339089035988,
        "dmean2": 0.0524313338101,
        "dvar": 0.00236530252732,
        "dvar2": 0.00457489211112,
        "max": 0.393139570951,
        "mean": 0.084300853312,
        "median": 0.0674686580896,
        "min": 1.04348106544e-10,
        "var": 0.00475338520482
    },
    "spectral_kurtosis": {
        "dmean": 1.31162691116,
        "dmean2": 2.14268374443,
        "dvar": 2.93768310547,
        "dvar2": 7.41613578796,
        "max": 28.1412448883,
        "mean": 2.97528553009,
        "median": 2.5836596489,
        "min": -1.3991549015,
        "var": 4.96701097488
    },
    "spectral_rms": {
        "dmean": 0.00100856658537,
        "dmean2": 0.00147380167618,
        "dvar": 2.18778677663e-06,
        "dvar2": 4.04839647672e-06,
        "max": 0.0132601661608,
        "mean": 0.0045869522728,
        "median": 0.00487125013024,
        "min": 3.24757256677e-12,
        "var": 7.45121815271e-06
    },
    "spectral_rolloff": {
        "dmean": 852.052062988,
        "dmean2": 1404.32739258,
        "dvar": 2683816,
        "dvar2": 5118594.5,
        "max": 19164.5507812,
        "mean": 1928.94018555,
        "median": 882.861328125,
        "min": 64.599609375,
        "var": 5851368.5
    },
    "spectral_skewness": {
        "dmean": 0.23965126276,
        "dmean2": 0.364150524139,
        "dvar": 0.0691270530224,
        "dvar2": 0.147866174579,
        "max": 4.44753646851,
        "mean": 1.14673924446,
        "median": 1.10660862923,
        "min": -0.439261972904,
        "var": 0.201535865664
    },
    "spectral_spread": {
        "dmean": 941237.1875,
        "dmean2": 1297151.25,
        "dvar": 2.07827684557e+12,
        "dvar2": 3.02706799411e+12,
        "max": 41458420,
        "mean": 5264696,
        "median": 4733549,
        "min": 1695036.875,
        "var": 5.35953670144e+12
    },
    "spectral_strongpeak": {
        "dmean": 0.338568896055,
        "dmean2": 0.562336921692,
        "dvar": 0.560000300407,
        "dvar2": 1.39286315441,
        "max": 14.3035383224,
        "mean": 0.607791960239,
        "median": 0.37919190526,
        "min": 0,
        "var": 0.935283601284
    },
    "zerocrossingrate": {
        "dmean": 0.018903164193,
        "dmean2": 0.0210772529244,
        "dvar": 0.000837639905512,
        "dvar2": 0.000938742246944,
        "max": 0.53173828125,
        "mean": 0.0752426534891,
        "median": 0.05908203125,
        "min": 0.00244140625,
        "var": 0.00394458277151
    },
    "barkbands": {
        "dmean": [0.000226190619287, 0.00496980035678, 0.00389725668356, 0.0043640229851, 0.00257509178482, 0.00106154812966, 0.000635467353277, 0.000432701170212, 0.000561249209568, 0.000275730038993, 0.000158985974849, 0.000115960130643, 0.000101024976175, 0.000109818589408, 0.000109864682599, 0.000144799079862, 0.000221060108743, 0.000160078183399, 0.000228522665566, 0.000145782498294, 0.000229262936045, 0.000116191447887, 6.59810539219e-05, 6.79307631799e-05, 0.000103117476101, 7.96526655904e-05, 1.20336068221e-07],
        "dmean2": [0.000386541971238, 0.00827501248568, 0.00691668968648, 0.00721968477592, 0.00454916525632, 0.00178185640834, 0.00111332407687, 0.000712820852641, 0.000896156998351, 0.000439253286459, 0.000243883332587, 0.000181154784514, 0.000157202914124, 0.000178926929948, 0.000184057105798, 0.000234169623582, 0.000348165282048, 0.000252898666076, 0.00036967813503, 0.000220393558266, 0.000344778905855, 0.000177708032425, 9.79040851234e-05, 9.6909898275e-05, 0.000146596663399, 0.000119349155284, 2.07514489148e-07],
        "dvar": [4.44992224402e-07, 0.00015612016432, 0.000146076024976, 0.000147955361172, 4.51577398053e-05, 5.2086516007e-06, 2.99103339785e-06, 9.78926436801e-07, 1.51392782755e-06, 3.36857738148e-07, 2.03582672498e-07, 1.11004986536e-07, 5.80710981524e-08, 4.63135236828e-08, 5.64476785314e-08, 6.78779059626e-08, 1.12566205246e-07, 8.58688835592e-08, 1.09894401135e-07, 7.40837506896e-08, 1.97635571908e-07, 1.36431779652e-07, 4.20672954249e-08, 1.81572197278e-08, 5.42920872704e-08, 1.90755820029e-08, 1.8647270414e-13],
        "dvar2": [1.17147271794e-06, 0.0004303616588, 0.000422702956712, 0.000327957939589, 0.000127165825688, 1.3398000192e-05, 8.36271738081e-06, 2.38735765379e-06, 3.82598454962e-06, 8.17981231194e-07, 4.30404554663e-07, 2.57843510099e-07, 1.42273904657e-07, 1.1868629457e-07, 1.44312139128e-07, 1.64736476904e-07, 2.75260958915e-07, 1.9244782834e-07, 2.72900507525e-07, 1.58936501293e-07, 4.41652332483e-07, 3.34411396352e-07, 1.07393844928e-07, 3.76153828086e-08, 9.98659714924e-08, 4.14845118257e-08, 4.96158181814e-13],
        "max": [0.0100376438349, 0.125257596374, 0.106596879661, 0.0895849242806, 0.0600833632052, 0.0282058250159, 0.0157734490931, 0.0157253853977, 0.0202537793666, 0.0111377397552, 0.0097305290401, 0.00617987569422, 0.00407948903739, 0.00355785991997, 0.00423396658152, 0.00317931547761, 0.00881305802613, 0.00700086727738, 0.00549526326358, 0.00611766800284, 0.00692555727437, 0.00803451891989, 0.004743270576, 0.00246709072962, 0.00539527786896, 0.00142489501741, 6.40492680759e-06],
        "mean": [0.000264931702986, 0.00872961897403, 0.00515552004799, 0.00410069199279, 0.00290866405703, 0.00135917344596, 0.000712552573532, 0.000628432084341, 0.00095366401365, 0.000512721540872, 0.000287064176518, 0.000167952355696, 0.000164326600498, 0.000169795632246, 0.000157346017659, 0.000234473045566, 0.000454784807516, 0.000319876737194, 0.000489269441459, 0.000287411006866, 0.000489063735586, 0.000208236204344, 0.000101242992969, 0.000117485418741, 0.000143315977766, 8.58905041241e-05, 8.90325821956e-08],
        "median": [5.47184499737e-05, 0.00548018980771, 0.00173938006628, 0.000693242356647, 0.00101285369601, 0.000355384196155, 0.000183060008567, 0.000156080321176, 0.00032760790782, 0.000194046311663, 7.41858093534e-05, 6.23193336651e-05, 6.76178460708e-05, 7.80212940299e-05, 7.93000872363e-05, 0.000131364780827, 0.000330864568241, 0.000237748143263, 0.000423664750997, 0.000157877235324, 0.000211343663977, 0.000115818045742, 2.24688847084e-05, 3.78178883693e-05, 2.80058811768e-05, 6.34857451587e-06, 1.91862281618e-09],
        "min": [9.43453503501e-24, 1.75839730569e-23, 6.18836925458e-24, 5.84743540426e-24, 3.97644650592e-23, 5.1634035426e-23, 2.25922726616e-23, 3.05789813005e-23, 4.44199056032e-23, 1.02297790871e-22, 6.74149296223e-23, 5.52663454641e-23, 8.83014925247e-23, 1.3149429028e-22, 1.19240629849e-22, 1.58374037739e-22, 1.41474239012e-22, 2.70850633399e-22, 2.14732002613e-22, 2.72039680286e-22, 4.11463941173e-22, 5.03031835338e-22, 4.97516877195e-22, 8.99060709469e-22, 1.06054359124e-21, 1.54663559158e-21, 2.51920501077e-21],
        "var": [4.50398516705e-07, 0.000185391894775, 0.000110500135634, 0.000145402780618, 3.75289091608e-05, 7.52045798436e-06, 2.37232939071e-06, 1.44661748891e-06, 2.99529210679e-06, 1.05199421796e-06, 6.0884906361e-07, 1.54405043418e-07, 1.06600303695e-07, 8.82120261281e-08, 6.410665776e-08, 1.07631350943e-07, 2.94331755413e-07, 1.89319621313e-07, 2.40590594558e-07, 1.62834766115e-07, 5.13118266099e-07, 1.80071737077e-07, 5.12228837124e-08, 4.04002378218e-08, 1.33686683057e-07, 2.76735665494e-08, 1.33244760711e-13]
    },
    "erbbands": {
        "dmean": [0.16020694375, 1.07533574104, 3.7178606987, 10.1004533768, 10.5906915665, 7.73101806641, 8.48440551758, 9.38360309601, 9.20963382721, 9.14747714996, 8.65127944946, 14.0080223083, 9.19375324249, 6.49913978577, 6.3476691246, 4.44490861893, 4.8341588974, 4.50436687469, 5.98619365692, 5.72122859955, 7.73963499069, 11.4696111679, 9.16500473022, 10.3138694763, 9.78730869293, 6.68859672546, 10.7082500458, 6.45287275314, 4.39818572998, 2.70670032501, 1.82442104816, 1.44151329994, 1.22812187672, 1.05512452126, 0.804069519043, 0.436439633369, 0.11814185977, 0.0167434010655, 0.000318521400914, 2.60088254436e-05],
        "dmean2": [0.262786984444, 1.78387820721, 6.49166107178, 17.0634460449, 17.7900657654, 13.5975093842, 13.9570674896, 15.9900693893, 16.2905483246, 15.4770698547, 13.9216451645, 22.3051528931, 14.7487831116, 10.0027952194, 9.86088752747, 7.00588035583, 7.43675041199, 7.25753164291, 10.0286836624, 9.37358951569, 12.4779376984, 18.0293998718, 14.6281499863, 16.7174568176, 15.6030168533, 10.282201767, 16.1427612305, 9.70318222046, 6.79523229599, 4.11422634125, 2.75540494919, 2.10250496864, 1.74476218224, 1.50058424473, 1.17753207684, 0.662660419941, 0.173869073391, 0.0241527128965, 0.000455469882581, 3.800419654e-05],
        "dvar": [0.189226463437, 6.47916698456, 114.391891479, 673.586242676, 996.864013672, 448.516479492, 295.165679932, 552.172668457, 716.804199219, 443.677612305, 358.461456299, 1045.76501465, 401.213043213, 217.917404175, 376.622711182, 157.73765564, 119.025588989, 86.1752471924, 150.930435181, 128.812088013, 192.669616699, 294.493591309, 252.183349609, 253.631011963, 234.510269165, 147.701034546, 444.629058838, 162.137664795, 180.715118408, 72.3100814819, 33.6198005676, 12.8577899933, 6.24341869354, 6.38156366348, 3.41677474976, 0.618178188801, 0.0435901880264, 0.000965793791693, 3.36519462962e-07, 1.80889936363e-09],
        "dvar2": [0.524129390717, 17.2776126862, 326.682403564, 1718.5579834, 2072.37060547, 1266.82556152, 723.832885742, 1458.99035645, 2015.11938477, 1134.11206055, 834.845581055, 2675.55249023, 972.299743652, 470.964569092, 791.376647949, 370.814666748, 290.639129639, 217.029785156, 369.593780518, 324.455688477, 459.767456055, 674.425354004, 553.089599609, 630.059509277, 590.06451416, 312.47164917, 962.997131348, 370.651184082, 427.15133667, 181.711425781, 87.3191604614, 32.8043823242, 11.7781381607, 11.6732606888, 6.63179397583, 1.32759845257, 0.0939119979739, 0.00208615045995, 7.25764948584e-07, 3.54818352477e-09],
        "max": [5.55484342575, 24.3764533997, 96.57762146, 184.451507568, 291.390258789, 228.356750488, 226.918304443, 325.777923584, 259.662689209, 278.147888184, 320.291259766, 554.811645508, 348.856384277, 363.044891357, 506.476165771, 275.207427979, 178.466430664, 138.017532349, 216.828338623, 173.135559082, 207.950775146, 409.745239258, 315.729370117, 263.370178223, 227.697311401, 308.767547607, 375.644165039, 210.239486694, 321.620239258, 169.007766724, 135.636657715, 94.74609375, 57.7658805847, 53.4305992126, 45.6006851196, 10.4676494598, 2.4378156662, 0.281149923801, 0.0052795978263, 0.00032482467941],
        "mean": [0.250757455826, 1.96801745892, 5.62753820419, 10.2008991241, 11.7979240417, 8.82457542419, 11.5169086456, 11.4044742584, 10.1655015945, 12.4544410706, 13.8936986923, 24.198009491, 16.5958938599, 13.1918439865, 11.5166969299, 7.21206760406, 8.26759815216, 7.55096292496, 9.31062316895, 9.30340671539, 14.3428945541, 24.9787940979, 21.0025234222, 21.5421867371, 20.638671875, 13.8982009888, 22.9458293915, 13.9157791138, 8.21767997742, 4.11859273911, 2.77187871933, 2.38528013229, 2.05636310577, 1.56559455395, 1.01637768745, 0.477505207062, 0.127043604851, 0.0178171787411, 0.000355060212314, 4.96444808959e-05],
        "median": [0.0956426560879, 1.20748102665, 2.55938768387, 2.65158510208, 2.47783493996, 3.11123681068, 3.93086647987, 2.72190642357, 2.78640985489, 3.68221521378, 5.13061571121, 7.2978014946, 7.87093257904, 4.60610866547, 3.56968903542, 3.34350776672, 3.66556406021, 3.43553471565, 4.95176935196, 5.12261629105, 9.15846347809, 19.636007309, 17.059179306, 18.3865566254, 17.5229892731, 8.66034221649, 8.79981422424, 7.82855367661, 4.96374320984, 1.10307765007, 0.677014529705, 0.74619525671, 0.634732663631, 0.381207734346, 0.141112983227, 0.039999358356, 0.00880567915738, 0.000866551883519, 3.75028394046e-05, 3.68064247596e-05],
        "min": [4.85414160565e-22, 4.680856355e-21, 1.35946762088e-20, 1.51949863508e-20, 1.95154896306e-20, 1.56150231728e-19, 4.31470487301e-19, 3.74868766881e-19, 1.79506064065e-19, 5.17080888966e-19, 1.05526470632e-18, 8.87776865699e-19, 1.52038588322e-18, 3.03913767114e-18, 3.20371993646e-18, 2.56890182972e-18, 2.86372368249e-18, 7.58419073465e-18, 6.56264707997e-18, 6.5603293199e-18, 6.29992831357e-18, 1.00340970498e-17, 1.39117171022e-17, 1.33832429893e-17, 9.20959732959e-18, 1.21857840746e-17, 1.49041121528e-17, 1.69698716556e-17, 1.6494772199e-17, 1.53357134898e-17, 1.47481571745e-17, 2.03037503226e-17, 1.27656798702e-17, 9.78486091377e-18, 8.60921392457e-18, 5.71088059167e-18, 3.08571435027e-18, 1.15558455063e-18, 3.29332370763e-19, 3.97828185834e-20],
        "var": [0.223532214761, 8.28334903717, 96.4518051147, 554.165771484, 1144.88513184, 348.782714844, 420.129882812, 707.909545898, 560.451843262, 546.469909668, 608.482543945, 2105.62329102, 844.272094727, 1012.59924316, 846.743225098, 229.744140625, 241.312255859, 177.613418579, 210.142501831, 190.662414551, 356.290283203, 817.826660156, 702.24597168, 488.094055176, 466.381378174, 342.982391357, 1346.23059082, 333.557403564, 258.911224365, 92.0592727661, 38.5049667358, 18.8317661285, 14.6589841843, 14.9816141129, 7.84774923325, 1.02064955235, 0.0607354491949, 0.00130201724824, 4.62743201979e-07, 3.08340242228e-09]
    },
    "gfcc": {
        "mean": [-34.1409683228, 69.5792999268, -109.304397583, 52.4364509583, -59.4689598083, 5.71738481522, -34.0351409912, 18.2620925903, -28.2700271606, 4.06481122971, -20.8109111786, -0.86441218853, -6.462890625],
        "cov": [[16191.0048828, 639.153137207, -141.650299072, 539.92755127, 362.780090332, 468.946380615, 301.184509277, 453.781524658, -5.29925060272, 73.7492141724, -301.45715332, 67.9095001221, -312.389068604], [639.153137207, 2373.84716797, -205.766876221, 502.949035645, 576.02734375, 98.3565368652, 521.468383789, 0.807870745659, 289.914459229, -217.206939697, 84.631149292, -189.615127563, 72.933807373], [-141.650299072, -205.766876221, 1473.00561523, 263.272003174, 280.505584717, 247.944259644, -108.278076172, 53.8138465881, 8.52693367004, 52.6720695496, -158.812530518, 125.234916687, -239.646179199], [539.92755127, 502.949035645, 263.272003174, 709.688476562, 310.389282227, 93.9140853882, 159.721786499, 25.4756774902, 159.48109436, -87.7847824097, 9.75015735626, -23.1948204041, -7.06094551086], [362.780090332, 576.02734375, 280.505584717, 310.389282227, 639.8671875, 283.780975342, 285.08605957, 155.088623047, 154.560272217, 4.88147735596, -22.180688858, 9.09789562225, -63.9876480103], [468.946380615, 98.3565368652, 247.944259644, 93.9140853882, 283.780975342, 425.087677002, 186.877471924, 120.575080872, 84.8546066284, 47.5534286499, 8.21275138855, 17.7581272125, -73.5236282349], [301.184509277, 521.468383789, -108.278076172, 159.721786499, 285.08605957, 186.877471924, 380.261474609, 120.553398132, 108.82698822, -22.3680763245, 45.1683807373, -25.8244571686, 14.0634794235], [453.781524658, 0.807870745659, 53.8138465881, 25.4756774902, 155.088623047, 120.575080872, 120.553398132, 251.80279541, 88.9732131958, 51.4627799988, 22.2875938416, 41.9287490845, -4.95540904999], [-5.29925060272, 289.914459229, 8.52693367004, 159.48109436, 154.560272217, 84.8546066284, 108.82698822, 88.9732131958, 195.300735474, 30.2771892548, 45.7618255615, -4.64481163025, 24.2729301453], [73.7492141724, -217.206939697, 52.6720695496, -87.7847824097, 4.88147735596, 47.5534286499, -22.3680763245, 51.4627799988, 30.2771892548, 159.534729004, 35.9046173096, 47.9168052673, 20.0134868622], [-301.45715332, 84.631149292, -158.812530518, 9.75015735626, -22.180688858, 8.21275138855, 45.1683807373, 22.2875938416, 45.7618255615, 35.9046173096, 164.763839722, 18.2466945648, 83.6883544922], [67.9095001221, -189.615127563, 125.234916687, -23.1948204041, 9.09789562225, 17.7581272125, -25.8244571686, 41.9287490845, -4.64481163025, 47.9168052673, 18.2466945648, 118.933876038, 5.0241355896], [-312.389068604, 72.933807373, -239.646179199, -7.06094551086, -63.9876480103, -73.5236282349, 14.0634794235, -4.95540904999, 24.2729301453, 20.0134868622, 83.6883544922, 5.0241355896, 179.961303711]],
        "icov": [[9.69871616689e-05, -0.000134915360832, 0.000156132693519, -0.00022950246057, 0.000165564706549, -0.000185425422387, 0.000127841471112, -0.000292114011245, 0.000333621253958, -0.000338356592692, 0.000338875950547, -0.000246186798904, 0.000228937336942], [-0.000134915360832, 0.00135085114744, -0.000403456593631, 0.000548327516299, -0.00107439025305, 0.000854010693729, -0.00123661733232, 0.00120036734734, -0.00171781692188, 0.00178111728746, -0.00108608743176, 0.00143705576193, -0.000702257792], [0.000156132693519, -0.000403456593631, 0.00170331029221, -0.00106115092058, 6.63128666929e-05, -0.00102294178214, 0.00130493415054, -0.00058326870203, 0.000952245318331, -0.00123031111434, 0.00139370234683, -0.00184311787598, 0.00156045693439], [-0.00022950246057, 0.000548327516299, -0.00106115092058, 0.00325060146861, -0.00137950945646, 0.000935304909945, -0.000857361068483, 0.00148697313853, -0.00287591549568, 0.00287170847878, -0.00144888798241, 0.00101542577613, -0.00119261874352], [0.000165564706549, -0.00107439025305, 6.63128666929e-05, -0.00137950945646, 0.00464315572754, -0.0016597454669, -0.000900324608665, -0.00156608514953, 0.000631314469501, -0.00184867030475, 0.00207406794652, -0.00148609699681, 0.000954492308665], [-0.000185425422387, 0.000854010693729, -0.00102294178214, 0.000935304909945, -0.0016597454669, 0.00512594264001, -0.00244011031464, 0.000598411774263, -0.00147376570385, 0.000269408366876, -0.00188675546087, 0.00144056405406, 0.000723756151274], [0.000127841471112, -0.00123661733232, 0.00130493415054, -0.000857361068483, -0.000900324608665, -0.00244011031464, 0.00713329855353, -0.0024398281239, 0.00134151196107, -0.000239252738538, 0.000163487173268, -0.000631405739114, 0.000272767443676], [-0.000292114011245, 0.00120036734734, -0.00058326870203, 0.00148697313853, -0.00156608514953, 0.000598411774263, -0.0024398281239, 0.00768475653604, -0.00397720187902, 0.0011112622451, -0.00114656006917, -0.000623111787718, -0.000658563571051], [0.000333621253958, -0.00171781692188, 0.000952245318331, -0.00287591549568, 0.000631314469501, -0.00147376570385, 0.00134151196107, -0.00397720187902, 0.0117546524853, -0.00480284588411, 0.000422554730903, -0.000323696818668, 0.000599750026595], [-0.000338356592692, 0.00178111728746, -0.00123031111434, 0.00287170847878, -0.00184867030475, 0.000269408366876, -0.000239252738538, 0.0011112622451, -0.00480284588411, 0.0124024022371, -0.00332419178449, -2.21384780161e-05, -0.00251779938117], [0.000338875950547, -0.00108608743176, 0.00139370234683, -0.00144888798241, 0.00207406794652, -0.00188675546087, 0.000163487173268, -0.00114656006917, 0.000422554730903, -0.00332419178449, 0.0111787179485, -0.00338538875803, -0.00204153056256], [-0.000246186798904, 0.00143705576193, -0.00184311787598, 0.00101542577613, -0.00148609699681, 0.00144056405406, -0.000631405739114, -0.000623111787718, -0.000323696818668, -2.21384780161e-05, -0.00338538875803, 0.0135635985062, -0.00209019542672], [0.000228937336942, -0.000702257792, 0.00156045693439, -0.00119261874352, 0.000954492308665, 0.000723756151274, 0.000272767443676, -0.000658563571051, 0.000599750026595, -0.00251779938117, -0.00204153056256, -0.00209019542672, 0.0100724305958]]
    },
    "melbands": {
        "dmean": [0.0014011716703, 0.00155064382125, 0.00181943131611, 0.00060218560975, 0.00031107570976, 0.000205611955607, 0.000137370574521, 9.96732196654e-05, 7.42088086554e-05, 8.56463884702e-05, 4.6379675041e-05, 2.85285241262e-05, 2.29515007959e-05, 1.2967132534e-05, 1.29509317048e-05, 9.00444774743e-06, 9.41614416661e-06, 1.0469636436e-05, 7.60178363635e-06, 9.67827963905e-06, 9.64784339885e-06, 1.19474316307e-05, 1.28543715618e-05, 7.95260166342e-06, 9.2789368864e-06, 9.92641980702e-06, 4.81604547531e-06, 4.83317307953e-06, 6.8114163696e-06, 6.85028044245e-06, 3.2871203075e-06, 2.9071593417e-06, 1.94544054466e-06, 1.40886834288e-06, 1.07018911422e-06, 1.03940146801e-06, 8.55624534779e-07, 8.3292184172e-07, 9.62456510933e-07, 9.1558274562e-07],
        "dmean2": [0.00230965041555, 0.00255219242536, 0.00303674745373, 0.00103247386869, 0.000517790962476, 0.000348939764081, 0.000242950278334, 0.000167099220562, 0.000118518983072, 0.000136641479912, 7.40329633118e-05, 4.41061420133e-05, 3.54685435013e-05, 2.06336535484e-05, 1.97377030418e-05, 1.43638553709e-05, 1.50855248648e-05, 1.75088607648e-05, 1.26631302919e-05, 1.59342162078e-05, 1.56194073497e-05, 1.9155211703e-05, 2.08928904613e-05, 1.25387914522e-05, 1.53082382894e-05, 1.61168918567e-05, 7.5548687164e-06, 7.51019524614e-06, 1.03523025246e-05, 1.06586749098e-05, 5.05636126036e-06, 4.59427474198e-06, 3.06671358885e-06, 2.11711949305e-06, 1.64486095855e-06, 1.58615569035e-06, 1.2762843653e-06, 1.20035451801e-06, 1.39936207688e-06, 1.32940363073e-06],
        "dvar": [1.36478874992e-05, 1.53890578076e-05, 2.23291881412e-05, 2.72165698334e-06, 4.1354081759e-07, 2.42829599983e-07, 1.56504157189e-07, 5.06218782448e-08, 2.44534081872e-08, 3.82130345145e-08, 1.00747108434e-08, 4.28221813564e-09, 4.55333015736e-09, 1.55274837432e-09, 9.83442549618e-10, 6.82196299451e-10, 3.76716796646e-10, 4.36148145377e-10, 2.81461631779e-10, 3.91132709554e-10, 3.46248973937e-10, 3.43988754148e-10, 4.46657044684e-10, 3.16573739445e-10, 1.98037947152e-10, 2.06844638639e-10, 7.36478100727e-11, 9.10443040403e-11, 1.7864550117e-10, 2.55357179846e-10, 4.38167592487e-11, 7.08794689608e-11, 4.16190623631e-11, 1.86080161696e-11, 1.25432485579e-11, 1.1493549168e-11, 3.57976148724e-12, 2.73156107108e-12, 6.5718897338e-12, 5.09221267583e-12],
        "dvar2": [3.79031334887e-05, 4.04585080105e-05, 5.20731373399e-05, 6.7764317464e-06, 1.05698870811e-06, 6.39131485514e-07, 4.40021523218e-07, 1.28958134837e-07, 5.85381130236e-08, 9.669859935e-08, 2.43122908472e-08, 9.48065537187e-09, 9.28394250366e-09, 3.76084985376e-09, 2.00723992982e-09, 1.77464598572e-09, 9.32141697163e-10, 1.05564723629e-09, 7.33475336023e-10, 1.0074574508e-09, 8.41168523724e-10, 7.90459697697e-10, 1.13599540885e-09, 7.16030401637e-10, 5.00586239127e-10, 5.22361820465e-10, 1.63901406336e-10, 1.93321705866e-10, 4.01079780499e-10, 6.21858675665e-10, 1.02084111997e-10, 1.70107788966e-10, 1.02025402016e-10, 4.73880518159e-11, 3.28884350309e-11, 3.12701600724e-11, 8.87159269658e-12, 5.28276337605e-12, 1.2877640794e-11, 9.85663026892e-12],
        "max": [0.0420048944652, 0.0378412418067, 0.0308710355312, 0.0146256564185, 0.00635685864836, 0.0063856318593, 0.00381934014149, 0.00309259467758, 0.00256869802251, 0.0030236125458, 0.00180634704884, 0.00150172389112, 0.00154408055823, 0.000781946699135, 0.000745501194615, 0.000515768711921, 0.000317030877341, 0.000290717085591, 0.000246246316237, 0.000282952998532, 0.000296265992802, 0.000328106689267, 0.000518463551998, 0.000507485412527, 0.000235964296735, 0.000183979951544, 0.000178974572918, 0.000287650997052, 0.000252006400842, 0.000339461461408, 0.00013413844863, 0.000200479262276, 0.000131384163979, 9.24022533582e-05, 9.0115936473e-05, 9.44062558119e-05, 4.19992538809e-05, 4.33548739238e-05, 6.14870950812e-05, 5.27064112248e-05],
        "mean": [0.00233017140999, 0.00287762796506, 0.00193066871725, 0.000693324836902, 0.000420009077061, 0.000253382051596, 0.000150385734742, 0.000139509167639, 0.000122097495478, 0.000144680336234, 8.00061679911e-05, 5.44673603144e-05, 4.18238923885e-05, 1.91942162928e-05, 2.14177562157e-05, 1.40312322401e-05, 1.45021567732e-05, 1.56487640197e-05, 1.11849949462e-05, 1.43958732224e-05, 1.67863836396e-05, 2.43243557634e-05, 2.56557614193e-05, 1.5180246919e-05, 1.73812004505e-05, 1.9607714421e-05, 9.42032784224e-06, 8.88155864232e-06, 1.37185452331e-05, 1.34355950649e-05, 6.41635415377e-06, 5.19140758115e-06, 2.92465051643e-06, 1.99235682885e-06, 1.5542204892e-06, 1.54883514369e-06, 1.38586733556e-06, 1.40246311275e-06, 1.43124930219e-06, 1.29171621666e-06],
        "median": [0.0013015314471, 0.00181601778604, 0.000514563580509, 0.00020173464145, 0.000162136784638, 6.3050611061e-05, 3.7948750105e-05, 3.84871200367e-05, 4.3810607167e-05, 4.45727455372e-05, 3.67191205441e-05, 1.8235294192e-05, 1.14761960504e-05, 7.20615435057e-06, 9.40521385928e-06, 5.61533624932e-06, 5.92612559558e-06, 7.76794513513e-06, 5.8808373069e-06, 7.14258248991e-06, 1.0249656043e-05, 1.82923649845e-05, 1.89599086298e-05, 1.04419395939e-05, 1.38846326081e-05, 1.63489658007e-05, 6.31177590549e-06, 4.75732531413e-06, 5.03506271343e-06, 5.42193947695e-06, 3.77149785891e-06, 3.25942369273e-06, 1.0961928183e-06, 3.73785240981e-07, 3.30087885914e-07, 4.12399344896e-07, 4.18940601321e-07, 4.4711754299e-07, 3.85467757269e-07, 2.81583311335e-07],
        "min": [6.41357089922e-24, 9.29475992665e-24, 2.45501698137e-24, 4.64040722179e-24, 1.46209294554e-23, 8.54716512425e-24, 3.24789772455e-24, 5.75238949809e-24, 9.09964464808e-24, 5.18941457434e-24, 8.55699985315e-24, 1.18612186965e-23, 1.04557052216e-23, 7.88246067031e-24, 4.28725549376e-24, 9.5171768923e-24, 1.34572712678e-23, 1.07165783675e-23, 8.81647908184e-24, 1.06079356548e-23, 5.27384911804e-24, 9.62697370853e-24, 1.23952980397e-23, 1.15312137251e-23, 1.02796874767e-23, 7.9020054881e-24, 5.9316944264e-24, 8.15363397307e-24, 1.01128252514e-23, 8.94268972693e-24, 1.07569656793e-23, 9.33845335447e-24, 7.49354514429e-24, 8.26543607372e-24, 7.01539130609e-24, 1.25778041655e-23, 1.18424990272e-23, 8.54843755689e-24, 9.05570115135e-24, 7.69650643343e-24],
        "var": [1.56703918037e-05, 1.80648603418e-05, 2.10984235309e-05, 2.76047353509e-06, 5.13628947374e-07, 3.15222763447e-07, 1.2128491278e-07, 6.51259313145e-08, 4.30605631152e-08, 7.4478833767e-08, 2.09855102185e-08, 1.79230390529e-08, 1.29855104447e-08, 2.07525796547e-09, 1.91267712779e-09, 9.22951437499e-10, 7.63300256335e-10, 6.65464239269e-10, 3.27866983563e-10, 5.04162989134e-10, 5.86825421589e-10, 8.43178804555e-10, 1.06410613654e-09, 5.70598734928e-10, 3.48007456186e-10, 4.15424694644e-10, 1.66866187534e-10, 2.00884683887e-10, 4.80867623498e-10, 5.08970365853e-10, 8.10468567258e-11, 9.83728515314e-11, 5.35922556333e-11, 2.30138321594e-11, 1.39150808931e-11, 1.14018352051e-11, 5.91986919554e-12, 6.34132980501e-12, 1.22093871471e-11, 1.10849376553e-11]
    },
    "mfcc": {
        "mean": [-677.078369141, 93.2569198608, 6.43481063843, 42.8488388062, 2.60545897484, -4.04649591446, 5.47568941116, 1.07806897163, 8.76159381866, -2.88688755035, -0.124040365219, 0.911720275879, -8.04441165924],
        "cov": [[14262.7373047, 1024.07971191, -574.39276123, 533.973388672, 30.8845062256, 294.706115723, 322.108764648, 487.356170654, 450.03326416, 184.445541382, 308.526031494, 61.5715255737, -76.5626296997], [1024.07971191, 1725.9284668, -188.109695435, 370.268920898, 164.564193726, 266.902679443, 241.026062012, 278.766845703, 292.99041748, 53.7859458923, 247.054916382, -19.5503730774, -28.4326152802], [-574.39276123, -188.109695435, 1012.63812256, 93.1078948975, 230.556869507, 168.239746094, -114.435783386, 89.3600692749, -87.845413208, 28.5958156586, 8.47330570221, -51.3352966309, 67.8209075928], [533.973388672, 370.268920898, 93.1078948975, 589.96887207, 170.170547485, 115.616592407, 61.3823890686, 146.696273804, 134.536697388, -27.0763683319, 97.9334945679, 19.999168396, -31.9339199066], [30.8845062256, 164.564193726, 230.556869507, 170.170547485, 369.279022217, 184.752502441, 71.6197128296, 157.954925537, 105.413124084, 79.7672729492, 112.179626465, 18.7230052948, 52.1531524658], [294.706115723, 266.902679443, 168.239746094, 115.616592407, 184.752502441, 397.473388672, 131.91583252, 178.63822937, 103.066070557, 91.0194778442, 136.668670654, -27.9137153625, 53.5606689453], [322.108764648, 241.026062012, -114.435783386, 61.3823890686, 71.6197128296, 131.91583252, 283.821929932, 151.67250061, 120.560905457, 53.3799247742, 106.037109375, 44.2879142761, 12.4139823914], [487.356170654, 278.766845703, 89.3600692749, 146.696273804, 157.954925537, 178.63822937, 151.67250061, 325.755493164, 144.275100708, 88.850982666, 160.253997803, 12.8565015793, 52.3953056335], [450.03326416, 292.99041748, -87.845413208, 134.536697388, 105.413124084, 103.066070557, 120.560905457, 144.275100708, 243.255065918, 69.109375, 126.198425293, 24.6379013062, 10.4294815063], [184.445541382, 53.7859458923, 28.5958156586, -27.0763683319, 79.7672729492, 91.0194778442, 53.3799247742, 88.850982666, 69.109375, 160.796585083, 74.6460647583, 34.7139587402, 47.241645813], [308.526031494, 247.054916382, 8.47330570221, 97.9334945679, 112.179626465, 136.668670654, 106.037109375, 160.253997803, 126.198425293, 74.6460647583, 203.226364136, 21.4896621704, 41.6467933655], [61.5715255737, -19.5503730774, -51.3352966309, 19.999168396, 18.7230052948, -27.9137153625, 44.2879142761, 12.8565015793, 24.6379013062, 34.7139587402, 21.4896621704, 130.227981567, 36.9146995544], [-76.5626296997, -28.4326152802, 67.8209075928, -31.9339199066, 52.1531524658, 53.5606689453, 12.4139823914, 52.3953056335, 10.4294815063, 47.241645813, 41.6467933655, 36.9146995544, 112.657722473]],
