{
"lowlevel": {
    "average_loudness": 0.930170059204,
    "barkbands_crest": {
        "dmean": 4.39026689529,
        "dmean2": 7.21256065369,
        "dvar": 15.7342433929,
        "dvar2": 41.969127655,
        "max": 24.5107822418,
        "mean": 9.6653585434,
        "median": 8.34463596344,
        "min": 2.47906160355,
        "var": 23.0098438263
    },
    "barkbands_flatness_db": {
        "dmean": 0.0243302285671,
        "dmean2": 0.0400230586529,
        "dvar": 0.000477838650113,
        "dvar2": 0.00134491140489,
        "max": 0.273451209068,
        "mean": 0.136452570558,
        "median": 0.13497236371,
        "min": 0.0282681323588,
        "var": 0.000878701277543
    },
    "barkbands_kurtosis": {
        "dmean": 2.23138570786,
        "dmean2": 3.85543680191,
        "dvar": 13.2004470825,
        "dvar2": 35.7889251709,
        "max": 58.4382553101,
        "mean": 1.04988610744,
        "median": 0.00548648834229,
        "min": -1.7861969471,
        "var": 12.7416400909
    },
    "barkbands_skewness": {
        "dmean": 0.654803335667,
        "dmean2": 1.05135238171,
        "dvar": 0.412894070148,
        "dvar2": 1.09507966042,
        "max": 7.29891586304,
        "mean": 1.12577736378,
        "median": 1.02615714073,
        "min": -1.92190301418,
        "var": 0.823245704174
    },
    "barkbands_spread": {
        "dmean": 8.14172458649,
        "dmean2": 13.1687879562,
        "dvar": 53.9633865356,
        "dvar2": 141.112319946,
        "max": 81.5994491577,
        "mean": 34.3452606201,
        "median": 34.4688949585,
        "min": 3.76567220688,
        "var": 135.668136597
    },
    "dissonance": {
        "dmean": 0.0110394973308,
        "dmean2": 0.0185566674918,
        "dvar": 0.000131323336973,
        "dvar2": 0.000326370674884,
        "max": 0.499978035688,
        "mean": 0.481097191572,
        "median": 0.486021399498,
        "min": 0.365354329348,
        "var": 0.000297118065646
    },
    "dynamic_complexity": 2.76756644249,
    "erbbands_crest": {
        "dmean": 1.80651092529,
        "dmean2": 2.81377530098,
        "dvar": 4.07819747925,
        "dvar2": 9.38194847107,
        "max": 24.0369510651,
        "mean": 6.3166217804,
        "median": 5.13156080246,
        "min": 2.6163418293,
        "var": 10.9842882156
    },
    "erbbands_flatness_db": {
        "dmean": 0.013248112984,
        "dmean2": 0.0191783476621,
        "dvar": 0.000150026928168,
        "dvar2": 0.000287152011879,
        "max": 0.296476006508,
        "mean": 0.173388689756,
        "median": 0.166556626558,
        "min": 0.0911039561033,
        "var": 0.000886240624823
    },
    "erbbands_kurtosis": {
        "dmean": 0.566283106804,
        "dmean2": 0.89329791069,
        "dvar": 0.529509603977,
        "dvar2": 1.08357310295,
        "max": 13.2898006439,
        "mean": -0.0402510203421,
        "median": -0.293000936508,
        "min": -1.44994580746,
        "var": 1.27240240574
    },
    "erbbands_skewness": {
        "dmean": 0.279298335314,
        "dmean2": 0.418422400951,
        "dvar": 0.0583587475121,
        "dvar2": 0.123051010072,
        "max": 2.44515562057,
        "mean": -0.28570741415,
        "median": -0.394076287746,
        "min": -1.84611272812,
        "var": 0.399049639702
    },
    "erbbands_spread": {
        "dmean": 6.62135219574,
        "dmean2": 10.1083745956,
        "dvar": 33.8955993652,
        "dvar2": 80.1940841675,
        "max": 82.6449508667,
        "mean": 39.9766426086,
        "median": 40.3704833984,
        "min": 8.88492298126,
        "var": 133.911849976
    },
    "hfc": {
        "dmean": 5.82055997849,
        "dmean2": 8.95151901245,
        "dvar": 56.9117164612,
        "dvar2": 127.717811584,
        "max": 107.184501648,
        "mean": 28.2072620392,
        "median": 27.7329921722,
        "min": 1.23172910682e-16,
        "var": 307.644866943
    },
    "melbands_crest": {
        "dmean": 4.80987977982,
        "dmean2": 7.95945310593,
        "dvar": 14.894452095,
        "dvar2": 39.9923362732,
        "max": 29.152141571,
        "mean": 15.0792579651,
        "median": 14.637137413,
        "min": 2.25639104843,
        "var": 28.6262054443
    },
    "melbands_flatness_db": {
        "dmean": 0.0352430567145,
        "dmean2": 0.0563690364361,
        "dvar": 0.000942519633099,
        "dvar2": 0.0026068543084,
        "max": 0.346141040325,
        "mean": 0.162022635341,
        "median": 0.159522458911,
        "min": 0.00473421532661,
        "var": 0.00198833178729
    },
    "melbands_kurtosis": {
        "dmean": 8.54280376434,
        "dmean2": 14.4926128387,
        "dvar": 164.89680481,
        "dvar2": 442.736694336,
        "max": 175.801376343,
        "mean": 9.98410987854,
        "median": 6.15447616577,
        "min": -1.44607758522,
        "var": 169.894134521
    },
    "melbands_skewness": {
        "dmean": 1.06044781208,
        "dmean2": 1.70845413208,
        "dvar": 1.15626227856,
        "dvar2": 3.03824710846,
        "max": 11.4730882645,
        "mean": 2.62868356705,
        "median": 2.41261148453,
        "min": -0.131055131555,
        "var": 2.17359209061
    },
    "melbands_spread": {
        "dmean": 11.5688085556,
        "dmean2": 18.4250354767,
        "dvar": 104.765213013,
        "dvar2": 267.422271729,
        "max": 146.834487915,
        "mean": 34.181892395,
        "median": 30.6550045013,
        "min": 2.04602479935,
        "var": 344.096069336
    },
    "pitch_salience": {
        "dmean": 0.108189731836,
        "dmean2": 0.178777694702,
        "dvar": 0.00880538951606,
        "dvar2": 0.0248778425157,
        "max": 0.804093003273,
        "mean": 0.545383393764,
        "median": 0.556597352028,
        "min": 0.136933922768,
        "var": 0.0139943156391
    },
    "silence_rate_20dB": {
        "dmean": 0,
        "dmean2": 0,
        "dvar": 0,
        "dvar2": 0,
        "max": 1,
        "mean": 1,
        "median": 1,
        "min": 1,
        "var": 0
    },
    "silence_rate_30dB": {
        "dmean": 0.0155279505998,
        "dmean2": 0.0310800317675,
        "dvar": 0.0152868274599,
        "dvar2": 0.0440996475518,
        "max": 1,
        "mean": 0.991466224194,
        "median": 1,
        "min": 0,
        "var": 0.00846092123538
    },
    "silence_rate_60dB": {
        "dmean": 0.00465838517994,
        "dmean2": 0.00932400953025,
        "dvar": 0.0046366895549,
        "dvar2": 0.00923692714423,
        "max": 1,
        "mean": 0.0791311115026,
        "median": 0,
        "min": 0,
        "var": 0.072867706418
    },
    "spectral_centroid": {
        "dmean": 250.894622803,
        "dmean2": 380.019104004,
        "dvar": 81335.875,
        "dvar2": 134426.25,
        "max": 10530.5185547,
        "mean": 2225.18359375,
        "median": 2295.95996094,
        "min": 542.891174316,
        "var": 361766.34375
    },
    "spectral_complexity": {
        "dmean": 4.67701864243,
        "dmean2": 7.25874137878,
        "dvar": 19.0167312622,
        "dvar2": 38.6425056458,
        "max": 60,
        "mean": 34.8378601074,
        "median": 39,
        "min": 0,
        "var": 240.813156128
    },
    "spectral_decrease": {
        "dmean": 5.1078563601e-09,
        "dmean2": 8.5767908331e-09,
        "dvar": 4.74256691931e-17,
        "dvar2": 1.23622976344e-16,
        "max": 1.10783048858e-29,
        "mean": -9.30197430193e-09,
        "median": -7.20021287037e-09,
        "min": -4.62408458191e-08,
        "var": 6.2085020257e-17
    },
    "spectral_energy": {
        "dmean": 0.0195604264736,
        "dmean2": 0.032760605216,
        "dvar": 0.000687042076606,
        "dvar2": 0.00178386759944,
        "max": 0.178682923317,
        "mean": 0.037666298449,
        "median": 0.030007854104,
        "min": 1.11303322962e-20,
        "var": 0.000945906271227
    },
    "spectral_energyband_high": {
        "dmean": 0.000586306850892,
        "dmean2": 0.000963681493886,
        "dvar": 6.55384326365e-07,
        "dvar2": 1.68279041191e-06,
        "max": 0.0118600027636,
        "mean": 0.00183096609544,
        "median": 0.00166932132561,
        "min": 8.20461951119e-21,
        "var": 2.07784137274e-06
    },
    "spectral_energyband_low": {
        "dmean": 0.0186591409147,
        "dmean2": 0.0317367501557,
        "dvar": 0.000667217129376,
        "dvar2": 0.00177938642446,
        "max": 0.160593062639,
        "mean": 0.0224669966847,
        "median": 0.0127030285075,
        "min": 8.87713002145e-23,
        "var": 0.000702545628883
    },
    "spectral_energyband_middle_high": {
        "dmean": 0.0017017001519,
        "dmean2": 0.00260411063209,
        "dvar": 4.74628086522e-06,
        "dvar2": 1.08502345029e-05,
        "max": 0.0353134013712,
        "mean": 0.00718513084576,
        "median": 0.00642425753176,
        "min": 1.46997497233e-21,
        "var": 2.81919510599e-05
    },
    "spectral_energyband_middle_low": {
        "dmean": 0.00273150601424,
        "dmean2": 0.00438308436424,
        "dvar": 1.15729744721e-05,
        "dvar2": 2.60073047684e-05,
        "max": 0.0371054373682,
        "mean": 0.00731738936156,
        "median": 0.00653530377895,
        "min": 4.25281199648e-22,
        "var": 2.56628754869e-05
    },
    "spectral_entropy": {
        "dmean": 0.0854636505246,
        "dmean2": 0.121289663017,
        "dvar": 0.00964230950922,
        "dvar2": 0.0156079316512,
        "max": 9.80558586121,
        "mean": 7.88187980652,
        "median": 7.92859745026,
        "min": 6.79536819458,
        "var": 0.0448197163641
    },
    "spectral_flux": {
        "dmean": 0.036083906889,
        "dmean2": 0.060358826071,
        "dvar": 0.00165778084192,
        "dvar2": 0.00350289908238,
        "max": 0.353992670774,
        "mean": 0.113252788782,
        "median": 0.0993274599314,
        "min": 1.05500393144e-10,
        "var": 0.00392755214125
    },
    "spectral_kurtosis": {
        "dmean": 1.14771783352,
        "dmean2": 2.03284788132,
        "dvar": 1.11474072933,
        "dvar2": 3.17682933807,
        "max": 11.1157436371,
        "mean": 1.70789110661,
        "median": 1.39885425568,
        "min": -1.14993786812,
        "var": 1.92734766006
    },
    "spectral_rms": {
        "dmean": 0.0013246050803,
        "dmean2": 0.0021458955016,
        "dvar": 2.28597673413e-06,
        "dvar2": 5.76757156523e-06,
        "max": 0.01320321206,
        "mean": 0.00552703021094,
        "median": 0.00541072618216,
        "min": 3.29527854656e-12,
        "var": 6.19953061687e-06
    },
    "spectral_rolloff": {
        "dmean": 811.84197998,
        "dmean2": 1322.42614746,
        "dvar": 747348.9375,
        "dvar2": 1656846.5,
        "max": 18755.4199219,
        "mean": 2007.86755371,
        "median": 1765.72265625,
        "min": 86.1328125,
        "var": 1815819.375
    },
    "spectral_skewness": {
        "dmean": 0.172134369612,
        "dmean2": 0.283869922161,
        "dvar": 0.0258945655078,
        "dvar2": 0.0602005831897,
        "max": 2.34453821182,
        "mean": 0.70420384407,
        "median": 0.65645813942,
        "min": -0.160043925047,
        "var": 0.113475292921
    },
    "spectral_spread": {
        "dmean": 298692.65625,
        "dmean2": 436363.09375,
        "dvar": 938045538304,
        "dvar2": 999497400320,
        "max": 38664476,
        "mean": 3634336.75,
        "median": 3547256.5,
        "min": 2168930,
        "var": 1.41061862195e+12
    },
    "spectral_strongpeak": {
        "dmean": 0.394533455372,
        "dmean2": 0.704800665379,
        "dvar": 0.65630787611,
        "dvar2": 1.7227050066,
        "max": 9.44684886932,
        "mean": 0.478114932775,
        "median": 0.26268479228,
        "min": 0,
        "var": 0.641359627247
    },
    "zerocrossingrate": {
        "dmean": 0.0107816141099,
        "dmean2": 0.0140357147902,
        "dvar": 0.000104517690488,
        "dvar2": 0.000144076897413,
        "max": 0.498046875,
        "mean": 0.0717841610312,
        "median": 0.0673828125,
        "min": 0.017578125,
        "var": 0.00088734307792
    },
    "barkbands": {
        "dmean": [0.000797784014139, 0.0176118947566, 0.00281842681579, 0.00129658170044, 0.00115340645425, 0.000413982954342, 0.000434207293438, 0.000567419279832, 0.000852049677633, 0.000540829089005, 0.000375515170163, 0.000576592399739, 0.000317538710078, 0.000320757739246, 0.000352183706127, 0.000262037414359, 0.000327696005115, 0.000263370573521, 0.000323403684888, 0.000285449408693, 0.000269305252004, 0.000162770287716, 7.73697829572e-05, 6.88486252329e-05, 1.01576579254e-05, 2.08355395159e-08, 2.09598258749e-08],
        "dmean2": [0.00130973162595, 0.030498450622, 0.00476947799325, 0.00218500290066, 0.00193225278053, 0.000683538033627, 0.000723009638023, 0.000868097064085, 0.00134887604509, 0.000879063212778, 0.000620386388618, 0.000928560039029, 0.000502387993038, 0.000520165718626, 0.000560425571166, 0.000429690669989, 0.000524802191649, 0.000424964586273, 0.000518536020536, 0.000472448358778, 0.000451436877484, 0.000276788865449, 0.00012731186871, 0.000110076347482, 1.59249375429e-05, 3.50203919197e-08, 3.76699382798e-08],
        "dvar": [1.3021946188e-06, 0.000642811588477, 1.30651560539e-05, 3.33343746206e-06, 4.20018159275e-06, 4.0027094883e-07, 5.40627638657e-07, 5.22960363014e-07, 1.53246185164e-06, 7.12910718903e-07, 4.32385576232e-07, 1.85019882792e-06, 4.29138793834e-07, 2.69604498726e-07, 6.20532603079e-07, 1.33925055934e-07, 3.73445857349e-07, 1.27723609467e-07, 1.25217113123e-07, 1.03953382791e-07, 1.15162059444e-07, 6.11300450259e-08, 2.18908340344e-08, 2.70384781231e-08, 4.78646566826e-10, 2.93357642831e-15, 4.34938119998e-15],
        "dvar2": [3.40241376762e-06, 0.001713918522, 3.6081091821e-05, 8.73913995747e-06, 1.01613286461e-05, 9.89600948742e-07, 1.34535628149e-06, 1.06212451101e-06, 3.9094143176e-06, 1.56567227805e-06, 1.04114144506e-06, 4.46780495622e-06, 8.79229844486e-07, 6.53640881865e-07, 1.4995392803e-06, 3.42825074995e-07, 8.20853472305e-07, 3.02595424273e-07, 3.50328946297e-07, 2.74580457926e-07, 3.23437745919e-07, 1.72319360559e-07, 4.96482357448e-08, 5.66681244152e-08, 1.00572183914e-09, 7.93871296012e-15, 1.20044922828e-14],
        "max": [0.0150279141963, 0.150243192911, 0.040474947542, 0.0224108658731, 0.0267852973193, 0.00669278157875, 0.0108349435031, 0.00880338437855, 0.0177294518799, 0.0168605595827, 0.0112214135006, 0.0267628654838, 0.0167760681361, 0.00707291951403, 0.0153652587906, 0.00758968712762, 0.012644530274, 0.00528798252344, 0.00411495985463, 0.00320212566294, 0.00438258238137, 0.00337666017003, 0.00244392850436, 0.00291487341747, 0.000462833006168, 8.68699032708e-07, 1.15389570965e-06],
        "mean": [0.000955717347097, 0.0163927581161, 0.00418573664501, 0.00172135734465, 0.00161092390772, 0.000689346925355, 0.000652054208331, 0.00102289544884, 0.00131633586716, 0.000973163521849, 0.000588030437939, 0.000969873392023, 0.000525001960341, 0.000558360421564, 0.000652590882964, 0.000526282819919, 0.000693235720973, 0.000572386546992, 0.000864144181833, 0.000774880871177, 0.000766824698076, 0.000334182259394, 0.000163537988556, 0.000139059542562, 1.75936766027e-05, 2.26104326373e-08, 1.42756011456e-08],
        "median": [0.000397829775466, 0.0067035946995, 0.00311252754182, 0.00109701475594, 0.000964780105278, 0.000442345102783, 0.00039929812192, 0.000644521263894, 0.000841991626658, 0.000572623044718, 0.000304596323986, 0.000443407567218, 0.000353633018676, 0.00034899028833, 0.000382312689908, 0.000416224764194, 0.000446387479315, 0.000421901262598, 0.000801466405392, 0.000697793031577, 0.000663633691147, 0.000253486825386, 0.00010821253818, 8.5155304987e-05, 9.15863984119e-06, 8.53428883119e-09, 8.42942216028e-10],
        "min": [5.41724430909e-24, 4.45526835153e-23, 3.12951534065e-23, 1.30846733296e-23, 7.46639428743e-23, 3.61262890514e-23, 8.11540466919e-23, 1.0528485371e-22, 1.05971926315e-22, 8.17686766222e-23, 5.55129812484e-23, 8.20903993429e-23, 6.44762839108e-23, 8.33793917511e-23, 1.38982006531e-22, 5.64041037705e-23, 1.95392679935e-22, 2.34016938064e-22, 3.67048169201e-22, 2.94345485998e-22, 4.41519819341e-22, 4.71814097585e-22, 5.34693809065e-22, 1.11180869535e-21, 1.45046746451e-21, 1.72104761328e-21, 2.41854928752e-21],
        "var": [1.72534907961e-06, 0.00057765643578, 1.88249232451e-05, 4.30707177657e-06, 5.14642078997e-06, 6.8388675345e-07, 7.40898599361e-07, 1.31052809138e-06, 2.39817745751e-06, 2.15047634811e-06, 7.96683707449e-07, 3.716957508e-06, 6.49182936741e-07, 5.32084982297e-07, 1.1122547221e-06, 3.00282266608e-07, 1.32437219236e-06, 3.55805326535e-07, 3.99744891411e-07, 3.42010736176e-07, 3.73747553795e-07, 1.11711443651e-07, 4.19062793355e-08, 5.18863423338e-08, 9.59872292761e-10, 2.45946477092e-15, 2.85394368457e-15]
    },
    "erbbands": {
        "dmean": [0.599059939384, 3.59196400642, 3.46834921837, 3.49334025383, 4.85072803497, 3.09930419922, 3.31021976471, 3.6407558918, 6.18045377731, 5.93618965149, 15.8330545425, 20.9266452789, 13.4141426086, 16.8257102966, 15.2273225784, 24.0750102997, 14.2720441818, 13.5592155457, 20.1299171448, 12.9141702652, 15.6523342133, 16.3182735443, 12.9951381683, 17.1070098877, 13.4904584885, 14.1797103882, 11.1321029663, 11.252494812, 5.38857126236, 3.10449457169, 2.25423407555, 1.70781517029, 0.997593462467, 0.219754621387, 0.00666403118521, 0.000383986160159, 6.0714144638e-05, 1.7437076167e-05, 1.24955922729e-05, 2.19445537368e-05],
        "dmean2": [1.02667546272, 6.28937578201, 5.9305024147, 5.83345079422, 8.12334251404, 5.28897094727, 5.54337882996, 6.04406166077, 10.284444809, 9.67642211914, 24.1591854095, 33.7948493958, 20.8446922302, 27.1693401337, 25.2068195343, 37.6822395325, 22.6392974854, 22.2018070221, 32.1754837036, 20.4663105011, 25.3866996765, 25.2255554199, 20.4791030884, 28.2231082916, 21.9186515808, 23.8494338989, 18.4198284149, 18.7908859253, 9.17433452606, 5.2611989975, 3.65865731239, 2.64100193977, 1.60079479218, 0.343312263489, 0.0103186042979, 0.000594283686951, 9.70963010332e-05, 2.87347756966e-05, 2.04098414542e-05, 3.64617153537e-05],
        "dvar": [0.728177249432, 28.1160926819, 22.2498626709, 20.1061096191, 90.9401550293, 23.4398231506, 38.2426109314, 35.7503738403, 110.613838196, 93.4135742188, 401.045349121, 972.434020996, 463.41595459, 707.008666992, 972.242614746, 3714.875, 639.244445801, 515.223754883, 1492.08068848, 856.468444824, 513.582397461, 965.510742188, 317.211120605, 415.882476807, 220.283050537, 290.378509521, 199.117156982, 187.141387939, 66.6826248169, 38.0020904541, 18.1131572723, 16.2526931763, 5.62068891525, 0.201953083277, 0.000205080519663, 6.65253480747e-07, 1.55325547979e-08, 2.05580752421e-09, 3.46297185372e-10, 8.42761138653e-10],
        "dvar2": [1.87221467495, 76.5625228882, 61.269443512, 52.4850006104, 231.276947021, 60.1029663086, 105.024108887, 86.8314971924, 273.719604492, 237.535202026, 825.272644043, 2443.35791016, 931.83984375, 1579.24316406, 2648.20092773, 8339.046875, 1308.81018066, 1306.83862305, 3324.03540039, 2269.93017578, 1187.78588867, 2156.10644531, 709.785583496, 1134.05908203, 583.601989746, 780.123596191, 573.321899414, 525.722229004, 182.713912964, 102.864280701, 39.792263031, 33.0889167786, 12.1563405991, 0.383225291967, 0.000388625892811, 1.33107403144e-06, 3.67344910046e-08, 5.47877743173e-09, 8.82918849143e-10, 2.16276263565e-09],
        "max": [5.51643896103, 32.0137825012, 46.1843299866, 57.684803009, 100.675926208, 51.754196167, 81.3534164429, 77.4502716064, 144.008590698, 112.72946167, 247.614883423, 468.066314697, 407.597625732, 686.954040527, 749.323791504, 1366.70288086, 594.480712891, 257.892120361, 619.289428711, 679.619140625, 471.17791748, 634.426513672, 309.284698486, 258.165924072, 194.568145752, 192.080047607, 219.009292603, 150.052947998, 135.221237183, 96.8617553711, 74.0929794312, 77.2686080933, 49.2568397522, 9.83724308014, 0.296472728252, 0.0144412629306, 0.00166599289514, 0.000904146698304, 0.000238582928432, 0.000205499934964],
        "mean": [0.533309578896, 3.39712429047, 5.32883548737, 5.61448287964, 6.03163957596, 4.47627067566, 4.89636135101, 5.95499658585, 9.28740215302, 10.1468267441, 29.9436302185, 33.216468811, 26.7501125336, 28.4865093231, 27.0321311951, 41.8056411743, 26.5891551971, 25.4420032501, 37.4640922546, 27.2423305511, 33.6826019287, 37.1007804871, 30.932220459, 43.3012008667, 38.4090538025, 37.5650100708, 30.107667923, 30.5261707306, 12.6880016327, 5.94592237473, 4.65073633194, 3.41936659813, 1.95894896984, 0.433214277029, 0.0129475723952, 0.000771285267547, 0.000113901194709, 2.95633781207e-05, 2.70588952844e-05, 4.65816374344e-05],
        "median": [0.178811237216, 1.49451041222, 3.9703977108, 4.15366172791, 3.24065065384, 2.73836708069, 2.68536305428, 3.64735746384, 5.56156015396, 6.78818655014, 19.0272483826, 22.6608371735, 16.6814098358, 17.7978839874, 16.156703949, 20.0077590942, 18.0792865753, 17.9257011414, 24.4511375427, 19.5009441376, 27.6325550079, 24.5869941711, 23.6840705872, 37.5960693359, 36.5309410095, 33.9353752136, 26.2360477448, 26.0681800842, 9.7644701004, 4.01822805405, 3.03278231621, 2.18211936951, 1.18034601212, 0.244643509388, 0.00713888835162, 0.000454579072539, 7.32438638806e-05, 1.87243877008e-05, 2.15716645471e-05, 3.79851735488e-05],
        "min": [2.41204957853e-21, 5.70630666739e-21, 2.9794283107e-20, 4.46566959995e-20, 4.76263487156e-20, 3.38951240516e-19, 3.54682302911e-19, 3.36226326632e-19, 7.79745061447e-19, 2.13734185181e-18, 1.7827899074e-18, 2.49206605659e-18, 2.08088822257e-18, 2.67731398195e-18, 3.15056551709e-18, 3.64792978068e-18, 3.78919320415e-18, 3.17529263394e-18, 8.18265673501e-18, 3.80238590774e-18, 5.91544897459e-18, 1.07874112608e-17, 1.31672677858e-17, 1.29058017844e-17, 2.03702142848e-17, 1.45354079753e-17, 1.31415515677e-17, 2.05886478692e-17, 1.85174256657e-17, 1.41407749943e-17, 1.55091699555e-17, 2.07463812858e-17, 1.9451100819e-17, 1.66873117214e-17, 9.54157634227e-18, 5.53228113048e-18, 3.42805959039e-18, 1.43920379296e-18, 3.32217731836e-19, 3.60132305162e-20],
        "var": [0.665518224239, 24.7323074341, 30.1632652283, 32.1942367554, 93.2215499878, 31.2846164703, 54.38646698, 59.171710968, 153.805358887, 139.459213257, 1044.95874023, 1420.4152832, 1602.34777832, 1623.81152344, 1660.68640137, 7506.25439453, 1315.91296387, 846.97442627, 2906.11816406, 1171.74243164, 1214.79199219, 3520.37744141, 977.191040039, 1184.83227539, 763.614501953, 834.625488281, 574.776611328, 608.922363281, 150.615066528, 53.4984283447, 34.884853363, 30.9870147705, 10.727107048, 0.477063477039, 0.000470990024041, 1.42561816574e-06, 2.35877095633e-08, 2.01082439588e-09, 5.1648801902e-10, 1.29266286564e-09]
    },
    "gfcc": {
        "mean": [-0.756308197975, 119.725631714, -163.535247803, 77.1131591797, -67.4218597412, 23.6810016632, -13.3377342224, 3.1210565567, -1.29646015167, -15.5922994614, 5.09584331512, -24.4823074341, 5.0685005188],
        "cov": [[9465.0703125, 144.153518677, 119.902153015, 672.194702148, 112.850204468, 588.895446777, 7.55408716202, 122.634864807, 40.0342941284, 15.5489149094, 56.1799964905, 3.57938098907, 27.3034076691], [144.153518677, 423.983703613, -52.1761016846, -87.9451522827, 18.7342758179, -95.7823638916, 70.9189682007, -46.9164085388, 27.821346283, -26.0311260223, 29.9366874695, -25.1837654114, 15.2216463089], [119.902153015, -52.1761016846, 317.840148926, 69.8493041992, 35.8510169983, 173.007492065, -7.47649431229, 49.1285247803, 14.5251960754, 20.5125675201, 27.0790977478, 28.1591491699, 10.6855478287], [672.194702148, -87.9451522827, 69.8493041992, 268.274261475, 87.0315246582, 43.1086425781, 12.754201889, -27.4976768494, -10.2492790222, 19.5961303711, -54.8201065063, -11.491394043, -1.32918000221], [112.850204468, 18.7342758179, 35.8510169983, 87.0315246582, 140.047897339, 35.6273498535, 56.5985374451, -3.57248520851, 13.025894165, 15.0772123337, 1.73446273804, 0.404652476311, 1.72783100605], [588.895446777, -95.7823638916, 173.007492065, 43.1086425781, 35.6273498535, 265.684631348, 17.8239192963, 81.4692611694, 5.66299343109, 20.7696456909, 55.4689254761, 25.7653179169, 3.01219105721], [7.55408716202, 70.9189682007, -7.47649431229, 12.754201889, 56.5985374451, 17.8239192963, 125.386230469, 14.0584783554, 15.8715305328, 8.42739200592, 0.90188986063, -4.48001813889, 4.56437635422], [122.634864807, -46.9164085388, 49.1285247803, -27.4976768494, -3.57248520851, 81.4692611694, 14.0584783554, 106.074134827, 38.4859199524, 6.84294176102, 32.7400283813, 11.6836433411, 3.10126590729], [40.0342941284, 27.821346283, 14.5251960754, -10.2492790222, 13.025894165, 5.66299343109, 15.8715305328, 38.4859199524, 69.2646789551, 26.5426235199, 20.7511463165, 4.29254436493, 1.24442386627], [15.5489149094, -26.0311260223, 20.5125675201, 19.5961303711, 15.0772123337, 20.7696456909, 8.42739200592, 6.84294176102, 26.5426235199, 52.7540168762, 20.6849460602, 4.27233743668, 0.484239190817], [56.1799964905, 29.9366874695, 27.0790977478, -54.8201065063, 1.73446273804, 55.4689254761, 0.90188986063, 32.7400283813, 20.7511463165, 20.6849460602, 85.9626083374, 34.9573669434, 4.3783826828], [3.57938098907, -25.1837654114, 28.1591491699, -11.491394043, 0.404652476311, 25.7653179169, -4.48001813889, 11.6836433411, 4.29254436493, 4.27233743668, 34.9573669434, 46.9948768616, 18.2823047638], [27.3034076691, 15.2216463089, 10.6855478287, -1.32918000221, 1.72783100605, 3.01219105721, 4.56437635422, 3.10126590729, 1.24442386627, 0.484239190817, 4.3783826828, 18.2823047638, 40.5820236206]],
        "icov": [[0.000223957948037, -0.000532579026185, 0.000533421232831, -0.000909182825126, 0.000372738897568, -0.000857226492371, 0.000395687267883, -0.000320168212056, -0.000105739636638, 4.85458294861e-05, 0.00011286001245, -0.000362498190952, 6.03652770224e-05], [-0.000532579026185, 0.00800797529519, -0.00279134861194, 0.00265224697068, -0.000593398348428, 0.00420795520768, -0.00518772378564, 0.00723808957264, -0.00582165550441, 0.00876906514168, -0.0105918347836, 0.0121326716617, -0.00632938276976], [0.000533421232831, -0.00279134861194, 0.00703005120158, -0.00283360294998, 0.000372712122044, -0.00611208751798, 0.00309621379711, -0.0019503866788, -0.000346392364008, -0.00212570093572, 0.0040243412368, -0.00549493450671, 0.00106012274045], [-0.000909182825126, 0.00265224697068, -0.00283360294998, 0.010970454663, -0.00560772884637, 0.00195447914302, -0.000709686544724, 0.00291732954793, 0.000651262293104, -0.00352998333983, 0.00611127307639, -0.000295367033686, 0.000168738450157], [0.000372738897568, -0.000593398348428, 0.000372712122044, -0.00560772884637, 0.0127709014341, -0.00183739012573, -0.00451474403962, 0.00210937205702, -0.00295802601613, 0.00191308313515, -0.00368189625442, 0.00097001879476, -0.00034265810973], [-0.000857226492371, 0.00420795520768, -0.00611208751798, 0.00195447914302, -0.00183739012573, 0.0133792217821, -0.00386711210012, -0.00310553680174, 0.00407519657165, 0.00117994786706, -0.00883459486067, 0.00624798471108, -0.00157140870579], [0.000395687267883, -0.00518772378564, 0.00309621379711, -0.000709686544724, -0.00451474403962, -0.00386711210012, 0.0141070466489, -0.0058412454091, 0.00260541122407, -0.00632416782901, 0.00821560993791, -0.00652399007231, 0.00222835829481], [-0.000320168212056, 0.00723808957264, -0.0019503866788, 0.00291732954793, 0.00210937205702, -0.00310553680174, -0.0058412454091, 0.0257045272738, -0.0175495482981, 0.0138720693067, -0.0111634517089, 0.0118144573644, -0.00680243130773], [-0.000105739636638, -0.00582165550441, -0.000346392364008, 0.000651262293104, -0.00295802601613, 0.00407519657165, 0.00260541122407, -0.0175495482981, 0.0324865281582, -0.0203084368259, 0.00712069123983, -0.00900633633137, 0.00577411567792], [4.85458294861e-05, 0.00876906514168, -0.00212570093572, -0.00352998333983, 0.00191308313515, 0.00117994786706, -0.00632416782901, 0.0138720693067, -0.0203084368259, 0.0414187572896, -0.0231545604765, 0.0194039884955, -0.00951041653752], [0.00011286001245, -0.0105918347836, 0.0040243412368, 0.00611127307639, -0.00368189625442, -0.00883459486067, 0.00821560993791, -0.0111634517089, 0.00712069123983, -0.0231545604765, 0.0458721369505, -0.0368631668389, 0.0154947508126], [-0.000362498190952, 0.0121326716617, -0.00549493450671, -0.000295367033686, 0.00097001879476, 0.00624798471108, -0.00652399007231, 0.0118144573644, -0.00900633633137, 0.0194039884955, -0.0368631668389, 0.0610239431262, -0.0270134806633], [6.03652770224e-05, -0.00632938276976, 0.00106012274045, 0.000168738450157, -0.00034265810973, -0.00157140870579, 0.00222835829481, -0.00680243130773, 0.00577411567792, -0.00951041653752, 0.0154947508126, -0.0270134806633, 0.0375360511243]]
    },
    "melbands": {
        "dmean": [0.00515217566863, 0.00259992433712, 0.000598951941356, 0.000279781088466, 0.000113679016067, 8.1023099483e-05, 9.20918464544e-05, 6.64855760988e-05, 0.000137964016176, 0.000131609966047, 6.78593205521e-05, 7.2073598858e-05, 5.00162350363e-05, 5.95692254137e-05, 5.99313716521e-05, 2.65010839939e-05, 2.87149978249e-05, 3.45571970684e-05, 2.45103674388e-05, 1.72428317455e-05, 2.12320137507e-05, 1.9757393602e-05, 1.35515501825e-05, 1.40975371323e-05, 1.58717721206e-05, 1.24409380078e-05, 1.04303871922e-05, 1.04319042293e-05, 7.75881289883e-06, 7.89351724961e-06, 7.22571166989e-06, 3.70783777726e-06, 2.2816609544e-06, 1.60945228345e-06, 1.42726378272e-06, 1.25071176171e-06, 1.03440072508e-06, 7.95962762368e-07, 4.90326499403e-07, 8.90712854584e-08],
        "dmean2": [0.00889105722308, 0.00445981929079, 0.00100080342963, 0.000469236343633, 0.000190866921912, 0.000133849505801, 0.000152896245709, 0.00010807900253, 0.000211073158425, 0.000212335959077, 0.000105417435407, 0.000116432485811, 8.35558021208e-05, 9.25199638004e-05, 9.42420083447e-05, 4.39239702246e-05, 4.67250029033e-05, 5.62932473258e-05, 3.92785004806e-05, 2.74947415164e-05, 3.47114582837e-05, 3.10213508783e-05, 2.16792668652e-05, 2.26724932872e-05, 2.63857618847e-05, 2.01577859116e-05, 1.70252169482e-05, 1.76973589987e-05, 1.28795909404e-05, 1.33153180286e-05, 1.21023613247e-05, 6.34172420177e-06, 3.93521122533e-06, 2.70063219432e-06, 2.32135994338e-06, 1.9638791855e-06, 1.62177218499e-06, 1.28438989577e-06, 7.89934517798e-07, 1.35987690442e-07],
        "dvar": [5.46521878277e-05, 1.34648216772e-05, 6.22367451797e-07, 2.51602131129e-07, 4.12180547471e-08, 1.61912385721e-08, 2.37674981918e-08, 1.02124273482e-08, 3.15888186719e-08, 3.94471193488e-08, 1.28345574169e-08, 1.29498118895e-08, 8.53053450101e-09, 2.03085939177e-08, 2.52555327762e-08, 1.22869792119e-09, 2.47555442812e-09, 4.22997858962e-09, 4.40174963146e-09, 6.60298926647e-10, 1.09857611896e-09, 1.34133548713e-09, 4.80319284346e-10, 5.06301556236e-10, 3.55745322089e-10, 2.00257685434e-10, 1.40050013253e-10, 1.53620199894e-10, 9.44391162494e-11, 9.55529474989e-11, 7.60901064378e-11, 2.83070684948e-11, 1.78133549578e-11, 9.99264299778e-12, 6.38156107818e-12, 8.84177713684e-12, 5.56383411565e-12, 3.76222924342e-12, 1.0442861853e-12, 2.97506770196e-14],
        "dvar2": [0.000143677476444, 3.72166796296e-05, 1.63668596542e-06, 6.09998153323e-07, 1.14583805555e-07, 3.90510912496e-08, 5.87704427346e-08, 2.52398137945e-08, 6.96650985788e-08, 1.00279578419e-07, 2.57733105968e-08, 2.93482642633e-08, 2.17959978954e-08, 4.89046918517e-08, 5.47450405008e-08, 3.17298720631e-09, 6.2017453395e-09, 9.62380664049e-09, 1.1490052465e-08, 1.58329083177e-09, 2.40777753291e-09, 2.88254264902e-09, 1.14857889866e-09, 1.09141851112e-09, 9.79864078765e-10, 5.57557167102e-10, 3.71193714654e-10, 4.19893536607e-10, 2.70609756825e-10, 2.68496447298e-10, 2.19726029038e-10, 7.9517156748e-11, 4.73428171666e-11, 2.7388891502e-11, 1.52885534094e-11, 1.85024946753e-11, 1.14476084861e-11, 8.5331802388e-12, 2.12740632402e-12, 5.60285968825e-14],
        "max": [0.0455554947257, 0.0282238852233, 0.00902833044529, 0.00606893794611, 0.00286218803376, 0.00151616591029, 0.00236223149113, 0.00143792317249, 0.00206427136436, 0.00301405088976, 0.00206862553023, 0.00296076573431, 0.00187791744247, 0.00286733871326, 0.00331546971574, 0.000476327637443, 0.000587735208683, 0.000928813708015, 0.00161326944362, 0.000370677415049, 0.000654361734632, 0.000714663998224, 0.000428260827903, 0.000409432919696, 0.000224706469453, 0.000183155818377, 0.000140250995173, 0.00012610941485, 0.00013676477829, 0.000107440209831, 9.35278876568e-05, 8.36478502606e-05, 5.74766891077e-05, 5.50600962015e-05, 3.90266977774e-05, 6.14935561316e-05, 4.14030801039e-05, 3.92049478251e-05, 2.11652550206e-05, 3.45829880644e-06],
        "mean": [0.00471727363765, 0.00345536554232, 0.00100983609445, 0.000378726923373, 0.000174510292709, 0.000134204441565, 0.000140792413731, 0.000115900838864, 0.000256922328845, 0.00019982077356, 0.000130362459458, 0.00011703146447, 8.16308238427e-05, 9.99995972961e-05, 9.74351351033e-05, 4.52878921351e-05, 4.82453287987e-05, 6.05516361247e-05, 4.61766685476e-05, 3.29691210936e-05, 4.16032999055e-05, 4.12230292568e-05, 2.77710023511e-05, 2.87039274554e-05, 3.61310012522e-05, 3.09180832119e-05, 2.52982645179e-05, 2.47113730438e-05, 1.8424629161e-05, 1.86847664736e-05, 1.77174697455e-05, 8.02068643679e-06, 3.84963323086e-06, 2.96760458696e-06, 2.71970861832e-06, 2.40758890868e-06, 1.95284997062e-06, 1.48755032114e-06, 9.16399301332e-07, 1.56950406449e-07],
        "median": [0.00182428292464, 0.00229726266116, 0.000772740109824, 0.00021558869048, 0.000102788864751, 8.3805709437e-05, 8.55045873323e-05, 8.18133776193e-05, 0.0001594935311, 0.000128591971588, 7.56083099986e-05, 6.9220091973e-05, 4.57836358692e-05, 5.18024789926e-05, 4.54680812254e-05, 3.23809217662e-05, 3.15091238008e-05, 3.97451985918e-05, 2.780482464e-05, 2.3850459911e-05, 3.25131695718e-05, 2.57518022408e-05, 1.96308519662e-05, 2.02769406314e-05, 3.13696255034e-05, 2.75824804703e-05, 2.22554845095e-05, 2.15884774661e-05, 1.5713600078e-05, 1.58725470101e-05, 1.47827086039e-05, 6.07533820585e-06, 2.51478104474e-06, 1.90250989363e-06, 1.72726993242e-06, 1.47825403474e-06, 1.17535489608e-06, 9.16130204587e-07, 5.20824357864e-07, 8.11121836364e-08],
        "min": [1.52603643279e-23, 1.26205911922e-23, 7.399101139e-24, 1.23775810126e-23, 1.46152875222e-23, 7.62907539211e-24, 1.31727843595e-23, 2.50021512192e-23, 1.34358126734e-23, 1.64611431543e-23, 1.05847131675e-23, 1.10597423276e-23, 9.64931898253e-24, 9.41359393342e-24, 7.50855480074e-24, 6.88712488948e-24, 5.58004587283e-24, 1.34027341579e-23, 8.71592692656e-24, 2.4322745159e-24, 8.60700416821e-24, 1.35857530434e-23, 6.6262249223e-24, 1.39349896547e-23, 9.18227467246e-24, 1.69650817001e-23, 1.00472235786e-23, 1.01519346085e-23, 6.88918854961e-24, 1.14610950347e-23, 1.14359366827e-23, 1.05713048987e-23, 8.1405941023e-24, 8.41615583827e-24, 9.67944636936e-24, 8.8776339458e-24, 1.3853972062e-23, 1.29346367185e-23, 1.44779152841e-23, 1.41774350099e-23],
        "var": [4.92458566441e-05, 1.49637517097e-05, 9.88918486655e-07, 2.94912780419e-07, 6.07227335081e-08, 2.7588868079e-08, 3.37644152637e-08, 1.62088937827e-08, 7.8212828214e-08, 5.54214878434e-08, 4.28468815983e-08, 2.99276869953e-08, 1.56226107606e-08, 3.59753897783e-08, 5.1291046077e-08, 2.13137751892e-09, 3.96702093397e-09, 7.54724549523e-09, 5.95685234472e-09, 1.49288281737e-09, 2.44195130783e-09, 5.07709740916e-09, 1.25124111072e-09, 1.29344668309e-09, 8.76905936753e-10, 5.56069690294e-10, 3.93906629537e-10, 3.89486859431e-10, 2.33599473098e-10, 2.41653863586e-10, 2.20773427317e-10, 6.09303718591e-11, 2.51219912928e-11, 1.40756460307e-11, 1.1574866933e-11, 1.4755844116e-11, 1.07678709699e-11, 6.62946997645e-12, 2.16623290486e-12, 7.17853307721e-14]
    },
    "mfcc": {
        "mean": [-606.223022461, 103.52734375, -14.7708415985, 39.0808143616, -5.59560918808, 13.6989994049, 8.85409927368, 10.8909254074, 6.89206123352, 13.0260629654, -0.314764469862, 8.17760372162, -6.18041706085],
        "cov": [[7141.26953125, -205.572540283, 246.631988525, 242.07649231, 271.016784668, 444.89630127, 149.555908203, 236.289230347, 70.779914856, 81.9287643433, 13.1274881363, 113.832794189, 76.6179275513], [-205.572540283, 491.32623291, -97.8927307129, -19.5120506287, -85.5837020874, -58.7575759888, -9.03548526764, -7.69816875458, -29.0123519897, 17.7817840576, -0.806529462337, 2.04273533821, -16.8654594421], [246.631988525, -97.8927307129, 318.023193359, -88.018661499, 101.07598114, 66.2055892944, 34.5816497803, 63.3290367126, 2.15820217133, 19.4401264191, 30.143327713, 10.6167993546, 41.7229881287], [242.07649231, -19.5120506287, -88.018661499, 267.630767822, 2.01203989983, 59.4956817627, -13.0975475311, -54.0803070068, 58.4849395752, -31.8798122406, -25.8616123199, 9.99646568298, -32.4134483337], [271.016784668, -85.5837020874, 101.07598114, 2.01203989983, 133.424606323, 60.8013267517, 29.4559307098, 32.3598136902, 6.58777332306, 7.0799164772, 18.1288070679, 18.8757648468, 24.8014583588], [444.89630127, -58.7575759888, 66.2055892944, 59.4956817627, 60.8013267517, 150.035888672, 62.5245552063, 18.5014839172, 25.3592376709, 3.22617840767, 16.0503025055, 3.16844892502, 15.4876871109], [149.555908203, -9.03548526764, 34.5816497803, -13.0975475311, 29.4559307098, 62.5245552063, 102.908836365, 47.1847801208, 15.7535238266, 11.3127202988, 18.357591629, -0.0522780455649, 16.585357666], [236.289230347, -7.69816875458, 63.3290367126, -54.0803070068, 32.3598136902, 18.5014839172, 47.1847801208, 98.4768447876, 10.3177690506, 26.8449573517, 17.9079608917, 11.3077878952, 23.1312351227], [70.779914856, -29.0123519897, 2.15820217133, 58.4849395752, 6.58777332306, 25.3592376709, 15.7535238266, 10.3177690506, 80.7636871338, 13.4181051254, 9.3526134491, 2.70544552803, -8.47524738312], [81.9287643433, 17.7817840576, 19.4401264191, -31.8798122406, 7.0799164772, 3.22617840767, 11.3127202988, 26.8449573517, 13.4181051254, 62.602973938, 28.9702510834, 5.98266935349, 4.93213272095], [13.1274881363, -0.806529462337, 30.143327713, -25.8616123199, 18.1288070679, 16.0503025055, 18.357591629, 17.9079608917, 9.3526134491, 28.9702510834, 60.1407089233, 20.4223423004, 22.2810306549], [113.832794189, 2.04273533821, 10.6167993546, 9.99646568298, 18.8757648468, 3.16844892502, -0.0522780455649, 11.3077878952, 2.70544552803, 5.98266935349, 20.4223423004, 54.3721504211, 17.2119922638], [76.6179275513, -16.8654594421, 41.7229881287, -32.4134483337, 24.8014583588, 15.4876871109, 16.585357666, 23.1312351227, -8.47524738312, 4.93213272095, 22.2810306549, 17.2119922638, 51.8915596008]],
