{
"lowlevel": {
    "average_loudness": 0.969748497009,
    "barkbands_crest": {
        "dmean": 2.29417347908,
        "dmean2": 3.88403868675,
        "dvar": 4.29889535904,
        "dvar2": 12.0324068069,
        "max": 20.5847225189,
        "mean": 9.16672134399,
        "median": 8.6089849472,
        "min": 2.85910916328,
        "var": 11.1743297577
    },
    "barkbands_flatness_db": {
        "dmean": 0.0170572735369,
        "dmean2": 0.0268039032817,
        "dvar": 0.000225000520004,
        "dvar2": 0.000499112647958,
        "max": 0.340241491795,
        "mean": 0.156005695462,
        "median": 0.145262241364,
        "min": 0.0381191708148,
        "var": 0.00241169752553
    },
    "barkbands_kurtosis": {
        "dmean": 2.15856981277,
        "dmean2": 3.44646692276,
        "dvar": 12.1539087296,
        "dvar2": 28.8522186279,
        "max": 80.7250137329,
        "mean": 4.48577642441,
        "median": 1.72883033752,
        "min": -1.79230737686,
        "var": 64.5628890991
    },
    "barkbands_skewness": {
        "dmean": 0.395931094885,
        "dmean2": 0.630343854427,
        "dvar": 0.15515999496,
        "dvar2": 0.345299988985,
        "max": 7.18743896484,
        "mean": 1.70563817024,
        "median": 1.49242949486,
        "min": -1.71117115021,
        "var": 0.859516322613
    },
    "barkbands_spread": {
        "dmean": 4.47956895828,
        "dmean2": 6.84699201584,
        "dvar": 31.5287952423,
        "dvar2": 58.7558288574,
        "max": 91.2709960938,
        "mean": 21.2286567688,
        "median": 20.3449630737,
        "min": 1.48772084713,
        "var": 129.114868164
    },
    "dissonance": {
        "dmean": 0.0153987146914,
        "dmean2": 0.0255779381841,
        "dvar": 0.000205351127079,
        "dvar2": 0.000559256121051,
        "max": 0.499999940395,
        "mean": 0.466331452131,
        "median": 0.472547829151,
        "min": 0.259561002254,
        "var": 0.000596494122874
    },
    "dynamic_complexity": 3.25044083595,
    "erbbands_crest": {
        "dmean": 1.92181074619,
        "dmean2": 3.14267206192,
        "dvar": 3.35712099075,
        "dvar2": 8.54626655579,
        "max": 23.3083515167,
        "mean": 7.38855028152,
        "median": 6.5103096962,
        "min": 2.20396494865,
        "var": 10.7720584869
    },
    "erbbands_flatness_db": {
        "dmean": 0.0119874104857,
        "dmean2": 0.0174148473889,
        "dvar": 0.000123066100059,
        "dvar2": 0.000231216879911,
        "max": 0.246979683638,
        "mean": 0.171255886555,
        "median": 0.171698078513,
        "min": 0.0953329876065,
        "var": 0.000584207591601
    },
    "erbbands_kurtosis": {
        "dmean": 0.535389780998,
        "dmean2": 0.852151095867,
        "dvar": 0.763411879539,
        "dvar2": 1.77260601521,
        "max": 13.0848789215,
        "mean": -0.170695915818,
        "median": -0.694416284561,
        "min": -1.63588094711,
        "var": 2.47642230988
    },
    "erbbands_skewness": {
        "dmean": 0.276447415352,
        "dmean2": 0.4136980474,
        "dvar": 0.0726954564452,
        "dvar2": 0.139321103692,
        "max": 3.14760708809,
        "mean": 0.371180891991,
        "median": 0.284108549356,
        "min": -2.67224740982,
        "var": 0.405976265669
    },
    "erbbands_spread": {
        "dmean": 7.18994617462,
        "dmean2": 10.8904600143,
        "dvar": 63.9244995117,
        "dvar2": 148.36605835,
        "max": 118.719215393,
        "mean": 45.0395507812,
        "median": 44.453338623,
        "min": 13.3103408813,
        "var": 216.597885132
    },
    "hfc": {
        "dmean": 4.77479982376,
        "dmean2": 6.85211086273,
        "dvar": 43.0575675964,
        "dvar2": 83.9894561768,
        "max": 112.496887207,
        "mean": 24.5407104492,
        "median": 26.5631637573,
        "min": 1.2028945171e-16,
        "var": 262.502258301
    },
    "melbands_crest": {
        "dmean": 2.87616705894,
        "dmean2": 4.99774646759,
        "dvar": 6.79504060745,
        "dvar2": 18.8936233521,
        "max": 27.6652069092,
        "mean": 12.1875181198,
        "median": 11.6710443497,
        "min": 2.97725534439,
        "var": 13.3598737717
    },
    "melbands_flatness_db": {
        "dmean": 0.0203084889799,
        "dmean2": 0.0312994495034,
        "dvar": 0.000365667598089,
        "dvar2": 0.000725039106328,
        "max": 0.456468552351,
        "mean": 0.191629320383,
        "median": 0.175644636154,
        "min": 0.00690718414262,
        "var": 0.00433578528464
    },
    "melbands_kurtosis": {
        "dmean": 5.37303781509,
        "dmean2": 8.46815299988,
        "dvar": 72.02684021,
        "dvar2": 159.337615967,
        "max": 182.53944397,
        "mean": 14.1364336014,
        "median": 9.31205463409,
        "min": -1.1340047121,
        "var": 275.576843262
    },
    "melbands_skewness": {
        "dmean": 0.554715096951,
        "dmean2": 0.883316755295,
        "dvar": 0.330243051052,
        "dvar2": 0.766754984856,
        "max": 8.8730134964,
        "mean": 2.82483649254,
        "median": 2.73185586929,
        "min": 0.0215133838356,
        "var": 1.37015914917
    },
    "melbands_spread": {
        "dmean": 4.94208145142,
        "dmean2": 7.84989356995,
        "dvar": 50.4546279907,
        "dvar2": 92.4671478271,
        "max": 134.66444397,
        "mean": 20.2174034119,
        "median": 19.999584198,
        "min": 1.36310255527,
        "var": 145.874237061
    },
    "pitch_salience": {
        "dmean": 0.0593008100986,
        "dmean2": 0.0993574485183,
        "dvar": 0.00252263899893,
        "dvar2": 0.0069607552141,
        "max": 0.866585612297,
        "mean": 0.604679763317,
        "median": 0.613054931164,
        "min": 0.298187583685,
        "var": 0.0088627692312
    },
    "silence_rate_20dB": {
        "dmean": 0,
        "dmean2": 0,
        "dvar": 0,
        "dvar2": 0,
        "max": 1,
        "mean": 1,
        "median": 1,
        "min": 1,
        "var": 0
    },
    "silence_rate_30dB": {
        "dmean": 0,
        "dmean2": 0,
        "dvar": 0,
        "dvar2": 0,
        "max": 1,
        "mean": 1,
        "median": 1,
        "min": 1,
        "var": 0
    },
    "silence_rate_60dB": {
        "dmean": 0.0030959751457,
        "dmean2": 0.00619674660265,
        "dvar": 0.00308634387329,
        "dvar2": 0.00770773552358,
        "max": 1,
        "mean": 0.0703789666295,
        "median": 0,
        "min": 0,
        "var": 0.0654242187738
    },
    "spectral_centroid": {
        "dmean": 206.417861938,
        "dmean2": 312.156890869,
        "dvar": 116407.679688,
        "dvar2": 156950.078125,
        "max": 10414.3222656,
        "mean": 1198.96044922,
        "median": 1212.92016602,
        "min": 196.500564575,
        "var": 306028.4375
    },
    "spectral_complexity": {
        "dmean": 3.54489159584,
        "dmean2": 5.30441522598,
        "dvar": 11.672121048,
        "dvar2": 23.2791042328,
        "max": 55,
        "mean": 26.5522041321,
        "median": 30,
        "min": 0,
        "var": 182.251953125
    },
    "spectral_decrease": {
        "dmean": 1.95907001732e-09,
        "dmean2": 3.20655701991e-09,
        "dvar": 4.45296883618e-18,
        "dvar2": 1.14764601557e-17,
        "max": -6.81667255635e-29,
        "mean": -8.57738324811e-09,
        "median": -8.98001051297e-09,
        "min": -2.25750351746e-08,
        "var": 1.89945417886e-17
    },
    "spectral_energy": {
        "dmean": 0.00761826289818,
        "dmean2": 0.0124075906351,
        "dvar": 6.67470667395e-05,
        "dvar2": 0.0001712419471,
        "max": 0.0901529490948,
        "mean": 0.0345989614725,
        "median": 0.0367569327354,
        "min": 1.11678850035e-20,
        "var": 0.000305814755848
    },
    "spectral_energyband_high": {
        "dmean": 0.000432322121924,
        "dmean2": 0.000597919803113,
        "dvar": 7.19190722975e-07,
        "dvar2": 1.31377055368e-06,
        "max": 0.0128714274615,
        "mean": 0.00107867317274,
        "median": 0.000631646427792,
        "min": 7.54850695789e-21,
        "var": 2.12437839764e-06
    },
    "spectral_energyband_low": {
        "dmean": 0.00377088831738,
        "dmean2": 0.00636611878872,
        "dvar": 2.19338689931e-05,
        "dvar2": 6.311499601e-05,
        "max": 0.0424538590014,
        "mean": 0.00934402365237,
        "median": 0.00850393157452,
        "min": 1.2658352386e-22,
        "var": 4.2427542212e-05
    },
    "spectral_energyband_middle_high": {
        "dmean": 0.0012280283263,
        "dmean2": 0.00188178208191,
        "dvar": 2.26032534556e-06,
        "dvar2": 5.02805096403e-06,
        "max": 0.0246475860476,
        "mean": 0.00540076708421,
        "median": 0.00554556772113,
        "min": 1.93239185589e-21,
        "var": 1.59471055667e-05
    },
    "spectral_energyband_middle_low": {
        "dmean": 0.00605635950342,
        "dmean2": 0.00993855297565,
        "dvar": 5.73743418499e-05,
        "dvar2": 0.000149392275489,
        "max": 0.0772492587566,
        "mean": 0.0198350120336,
        "median": 0.0198342557997,
        "min": 3.61275348205e-22,
        "var": 0.00016560300719
    },
    "spectral_entropy": {
        "dmean": 0.125003278255,
        "dmean2": 0.17579524219,
        "dvar": 0.0207954756916,
        "dvar2": 0.0314229801297,
        "max": 9.7832660675,
        "mean": 7.59043645859,
        "median": 7.65688467026,
        "min": 5.89595556259,
        "var": 0.151493683457
    },
    "spectral_flux": {
        "dmean": 0.0185804702342,
        "dmean2": 0.0294688437134,
        "dvar": 0.000362099090125,
        "dvar2": 0.000757184054237,
        "max": 0.219735577703,
        "mean": 0.0879688411951,
        "median": 0.0905819162726,
        "min": 1.05678216178e-10,
        "var": 0.00163324119058
    },
    "spectral_kurtosis": {
        "dmean": 1.43673563004,
        "dmean2": 2.45086479187,
        "dvar": 2.68405246735,
        "dvar2": 7.31112623215,
        "max": 27.0716838837,
        "mean": 2.62361288071,
        "median": 2.18929338455,
        "min": -1.21920180321,
        "var": 5.2314696312
    },
    "spectral_rms": {
        "dmean": 0.000620728067588,
        "dmean2": 0.00100858137012,
        "dvar": 3.82228364515e-07,
        "dvar2": 9.90124249256e-07,
        "max": 0.00937838479877,
        "mean": 0.005502844695,
        "median": 0.00598835712299,
        "min": 3.30083291429e-12,
        "var": 3.47368813891e-06
    },
    "spectral_rolloff": {
        "dmean": 436.614257812,
        "dmean2": 718.252197266,
        "dvar": 732074.625,
        "dvar2": 1258413.75,
        "max": 18884.6191406,
        "mean": 1231.38818359,
        "median": 925.927734375,
        "min": 129.19921875,
        "var": 1300614
    },
    "spectral_skewness": {
        "dmean": 0.191152065992,
        "dmean2": 0.303931832314,
        "dvar": 0.0363731086254,
        "dvar2": 0.0777203664184,
        "max": 4.14883232117,
        "mean": 1.19673860073,
        "median": 1.12319719791,
        "min": -0.329308927059,
        "var": 0.174070701003
    },
    "spectral_spread": {
        "dmean": 403419.3125,
        "dmean2": 557735.5,
        "dvar": 984769495040,
        "dvar2": 925835264000,
        "max": 41423416,
        "mean": 4063328.25,
        "median": 3870752,
        "min": 2138209.25,
        "var": 1.7463443456e+12
    },
    "spectral_strongpeak": {
        "dmean": 0.399765521288,
        "dmean2": 0.688713729382,
        "dvar": 0.342191964388,
        "dvar2": 0.871797919273,
        "max": 5.61543178558,
        "mean": 0.75760114193,
        "median": 0.485606253147,
        "min": 0,
        "var": 0.706037402153
    },
    "zerocrossingrate": {
        "dmean": 0.008281506598,
        "dmean2": 0.00999596063048,
        "dvar": 0.000214383588172,
        "dvar2": 0.000204528376344,
        "max": 0.4912109375,
        "mean": 0.0527003891766,
        "median": 0.05078125,
        "min": 0.0068359375,
        "var": 0.000753726111725
    },
    "barkbands": {
        "dmean": [0.00022904787329, 0.00222925981507, 0.00183540245052, 0.00159237941261, 0.0042877276428, 0.0016720474232, 0.000779806345236, 0.000689170265105, 0.00128012837376, 0.000384680577554, 0.000394334783778, 0.000304032000713, 0.000149045299622, 0.000166353260283, 0.000281856628135, 0.000397718045861, 0.000338127632858, 0.000138664167025, 0.000159274059115, 0.0001381625043, 0.000102752455859, 0.000117725518066, 0.000130217333208, 9.70045512076e-05, 1.96121145564e-05, 2.02713508202e-08, 1.06523252441e-08],
        "dmean2": [0.000376642157789, 0.00378731219098, 0.00311203068122, 0.00262405327521, 0.00723537430167, 0.00278433063067, 0.00126539450139, 0.0010979968356, 0.00190964899957, 0.000614963588305, 0.000616531819105, 0.000503394810949, 0.000233733822824, 0.000279189582216, 0.000474533182569, 0.000668726512231, 0.000562483095564, 0.000215262174606, 0.000257101579336, 0.000218983725063, 0.000154696099344, 0.000171340579982, 0.000196278793737, 0.000144870238728, 2.97084861813e-05, 3.20586472924e-08, 1.93324414255e-08],
        "dvar": [1.31833104433e-07, 1.20765844258e-05, 5.41367217011e-06, 5.42539919479e-06, 3.81825302611e-05, 7.88547549746e-06, 1.30608975724e-06, 9.48558067648e-07, 3.49306765202e-06, 3.6957158045e-07, 3.820265988e-07, 8.5123417648e-07, 7.93915972963e-08, 9.63947712762e-08, 1.84152881388e-07, 2.70441177008e-07, 1.60782519742e-07, 3.64776511219e-08, 6.59359074007e-08, 3.18762758411e-08, 2.98414768451e-08, 5.91334021749e-08, 1.0325307187e-07, 5.51916485847e-08, 1.70486069706e-09, 1.87718255924e-15, 8.59938711816e-16],
        "dvar2": [3.19422014172e-07, 3.49808215105e-05, 1.50540845425e-05, 1.42798453453e-05, 0.00010639190441, 2.12408249354e-05, 3.42155317412e-06, 2.21795903599e-06, 7.52459664e-06, 8.2407575519e-07, 8.22351410079e-07, 2.04160346584e-06, 1.70271547972e-07, 2.68639752221e-07, 4.98373253777e-07, 7.58979808779e-07, 4.3604151756e-07, 8.01349031576e-08, 1.77684412961e-07, 7.68149774899e-08, 6.21120292976e-08, 1.23180470268e-07, 2.10502392406e-07, 1.18912240055e-07, 3.84876885917e-09, 4.38821935468e-15, 2.39916767178e-15],
        "max": [0.00346222380176, 0.0358255729079, 0.0296579264104, 0.028854817152, 0.062442380935, 0.0437072999775, 0.0164804253727, 0.0158396735787, 0.0281055644155, 0.011093614623, 0.0114406831563, 0.0144527545199, 0.00975318904966, 0.00671666068956, 0.00476059131324, 0.00529992068186, 0.00555882044137, 0.00292844744399, 0.00565050309524, 0.00229169544764, 0.00336939538829, 0.00462942151353, 0.00500724185258, 0.00434174854308, 0.000623893516604, 4.94040307331e-07, 2.53010910001e-07],
        "mean": [0.000269579293672, 0.00418363977224, 0.00390647817403, 0.00281913136132, 0.00760807376355, 0.00310815451667, 0.00156865501776, 0.00126520148478, 0.00327576883137, 0.000704972364474, 0.000728737970348, 0.000487252720632, 0.000280614302028, 0.000321878236718, 0.000579672690947, 0.000798430235591, 0.000722388038412, 0.000317994650686, 0.000406217499403, 0.000350057700416, 0.000246019248152, 0.000239075801801, 0.000219260866288, 0.000162496100529, 2.91809592454e-05, 2.65852637682e-08, 7.54303819406e-09],
        "median": [9.79053875199e-05, 0.00266775977798, 0.00242500705644, 0.00140819640364, 0.00566240679473, 0.00162700412329, 0.00104892987292, 0.000725303310901, 0.00136989459861, 0.000395209004637, 0.000413371017203, 0.000271783908829, 0.000195529180928, 0.000253321777564, 0.000427596067311, 0.000665668398142, 0.000634932832327, 0.000255742023, 0.000361070764484, 0.000301275256788, 0.000161519012181, 0.000118387957627, 8.49701609695e-05, 6.55371040921e-05, 9.90743501461e-06, 8.92338647418e-09, 8.72978689337e-10],
        "min": [3.30481159339e-23, 4.4059036449e-23, 2.44476955988e-23, 1.03946743666e-22, 3.78557750782e-23, 3.6559982689e-23, 2.43634357878e-23, 6.46671314519e-23, 4.93886943206e-23, 7.48118322059e-23, 3.95054788685e-23, 8.37846516863e-23, 2.39135395783e-22, 1.01057310253e-22, 3.48813491604e-22, 1.77762547471e-22, 1.29824252811e-22, 1.58308631703e-22, 3.89846173631e-22, 4.31056822678e-22, 3.76242374606e-22, 4.86365186029e-22, 6.93222084888e-22, 1.03832543113e-21, 1.193809133e-21, 1.43334254382e-21, 2.42776681796e-21],
        "var": [1.78280430418e-07, 2.11233891605e-05, 1.67874841281e-05, 1.20385402624e-05, 5.40435976291e-05, 1.96864421014e-05, 3.12873612529e-06, 2.50555603998e-06, 2.20185993385e-05, 1.17643241992e-06, 1.06140112166e-06, 1.15497948627e-06, 2.09781831018e-07, 1.32787818075e-07, 4.35236557905e-07, 5.49640162717e-07, 4.5247591629e-07, 1.14239377069e-07, 1.40865978437e-07, 1.00560590965e-07, 8.92909355343e-08, 1.42825342664e-07, 1.95803906422e-07, 9.95444153773e-08, 3.07991054882e-09, 2.62933532267e-15, 5.72873634398e-16]
    },
    "erbbands": {
        "dmean": [0.0752087309957, 0.51263654232, 1.93015372753, 3.02118587494, 11.4236021042, 17.6769237518, 15.0122327805, 12.2129802704, 8.43162918091, 15.507771492, 17.9268894196, 23.4929199219, 21.2657032013, 15.1309318542, 9.03549575806, 11.883313179, 6.69106292725, 8.30303478241, 9.59426593781, 14.4003648758, 21.5505313873, 20.9182929993, 8.21386528015, 7.16153717041, 7.60547924042, 6.31609773636, 4.80880451202, 3.83086562157, 4.15515947342, 3.75634002686, 3.90141177177, 2.47662353516, 1.41164624691, 0.404742747545, 0.0180322676897, 0.00086605217075, 7.12301552994e-05, 1.50602072608e-05, 6.42658187644e-06, 8.93928063306e-06],
        "dmean2": [0.122845366597, 0.893412768841, 3.34831619263, 5.07672929764, 18.9977817535, 29.9273700714, 24.8141021729, 19.8480033875, 13.9702386856, 25.0369739532, 27.9385719299, 34.9595451355, 32.6092758179, 23.3387870789, 14.4267282486, 19.7666320801, 10.6675081253, 13.8748397827, 15.9174556732, 23.8876228333, 36.2917404175, 35.1961097717, 12.9730386734, 11.5529489517, 11.7495965958, 9.9516210556, 7.4796962738, 5.60838699341, 5.98918008804, 5.51452827454, 6.02250003815, 3.73350310326, 2.13353085518, 0.594569265842, 0.0268677435815, 0.00126696669031, 0.000102699181298, 2.2535557946e-05, 9.74883914751e-06, 1.42153685374e-05],
        "dvar": [0.0194923691452, 0.566652774811, 5.2126660347, 14.8529758453, 330.887054443, 652.998718262, 547.453186035, 442.320251465, 147.295425415, 548.365539551, 631.204406738, 1283.34924316, 1220.72729492, 694.517883301, 219.989944458, 1629.01586914, 122.936401367, 282.743377686, 163.980667114, 391.263671875, 893.410400391, 633.946960449, 123.05317688, 150.760421753, 105.145507812, 69.5005722046, 50.531993866, 52.5333900452, 68.5769882202, 66.6583633423, 101.447410583, 41.0594902039, 9.3825674057, 0.700404584408, 0.00330197997391, 6.40911548544e-06, 2.32270824796e-08, 9.16879516755e-10, 8.12689013308e-11, 9.13844069861e-11],
        "dvar2": [0.0488190315664, 1.75652384758, 15.0205612183, 41.2411270142, 876.110168457, 1854.44384766, 1502.40319824, 1181.0534668, 374.526519775, 1421.53930664, 1350.25634766, 2826.07836914, 2697.28393555, 1464.18078613, 536.832336426, 3934.38305664, 284.540222168, 792.882141113, 434.543609619, 1029.24523926, 2514.48120117, 1713.79223633, 270.136169434, 414.437103271, 256.815734863, 168.98260498, 117.566932678, 92.1216659546, 130.598632812, 121.263092041, 218.318862915, 85.6199493408, 20.468328476, 1.50268554688, 0.00778278335929, 1.47121681948e-05, 4.9813746017e-08, 2.05807282327e-09, 1.79916470611e-10, 2.28903493382e-10],
        "max": [1.30901646614, 7.36878395081, 26.1193370819, 44.5716133118, 205.725616455, 267.341796875, 315.966461182, 313.587493896, 155.763565063, 344.665313721, 408.623016357, 568.63848877, 624.036315918, 518.943603516, 226.581756592, 687.742980957, 332.843811035, 372.489868164, 174.35484314, 288.615447998, 344.954864502, 315.319366455, 193.226989746, 263.919952393, 160.0131073, 102.284866333, 117.505844116, 136.96383667, 158.101821899, 153.588928223, 160.16343689, 112.308982849, 48.4648475647, 13.6847057343, 1.37403428555, 0.0583388246596, 0.00281655974686, 0.000360100355465, 0.000111741683213, 0.000105829800304],
        "mean": [0.101312786341, 1.02450919151, 4.08698558807, 6.95402431488, 17.5769290924, 29.0282497406, 27.4231376648, 23.0352668762, 18.1488780975, 28.8981895447, 39.0555915833, 57.5519790649, 49.2205047607, 32.1793899536, 17.8714828491, 19.8072547913, 14.1778345108, 17.2172241211, 21.5119228363, 34.1603507996, 45.1254653931, 45.0197715759, 21.1166248322, 18.2138023376, 20.1111927032, 16.0047054291, 12.4456987381, 8.51634597778, 8.56294441223, 7.26398468018, 6.2609705925, 4.01124429703, 2.34803748131, 0.656097769737, 0.0248949676752, 0.00128438416868, 0.000130097629153, 2.74957692454e-05, 2.42132318817e-05, 4.2361785745e-05],
        "median": [0.0453429184854, 0.672901570797, 3.22662377357, 5.26385545731, 10.8146219254, 19.6276187897, 16.0300712585, 11.8357582092, 12.6923503876, 19.1738777161, 22.1351604462, 25.4883289337, 22.6114253998, 19.3515129089, 12.1117925644, 11.4714756012, 10.4122505188, 13.2055234909, 18.0719718933, 28.9405632019, 38.0975456238, 39.5827064514, 18.1578063965, 16.2720489502, 17.0783061981, 13.7915067673, 9.81544303894, 4.87062358856, 4.28593063354, 3.30913496017, 2.3496286869, 1.49025416374, 0.932606577873, 0.2411146909, 0.00744846276939, 0.000426260696258, 5.99246050115e-05, 1.37101624205e-05, 2.36003306782e-05, 4.56152520201e-05],
        "min": [7.89288682402e-22, 1.11768288939e-20, 3.24795957187e-20, 1.8949049595e-19, 2.08951018459e-19, 1.58388298122e-19, 2.26430533874e-19, 3.22654748473e-19, 3.75094044351e-19, 7.54442123497e-19, 1.18168582127e-18, 9.14641107055e-19, 2.94260279852e-18, 1.29685717648e-18, 1.933988804e-18, 3.73225918976e-18, 9.5730712441e-18, 9.31743603887e-18, 1.57437451423e-17, 1.42439690845e-17, 8.54482287697e-18, 7.54644482894e-18, 8.66960886264e-18, 1.52424852717e-17, 2.26642392407e-17, 1.48859489209e-17, 1.60471285212e-17, 1.68196308409e-17, 1.67569801813e-17, 1.74519624428e-17, 2.14684140076e-17, 2.05714640191e-17, 1.59507206208e-17, 1.15777227791e-17, 7.95489751643e-18, 5.81011455462e-18, 3.06130528437e-18, 1.00678127248e-18, 3.54786656916e-19, 3.53917044523e-20],
        "var": [0.0252271387726, 1.03849458694, 11.8831119537, 38.4269447327, 443.744140625, 954.818908691, 1308.23205566, 1054.11657715, 320.356567383, 1274.82714844, 2106.07885742, 5679.37060547, 6727.87646484, 2133.93554688, 432.285339355, 2235.00463867, 389.556915283, 416.666381836, 443.517883301, 1047.25622559, 1796.00402832, 1747.20593262, 447.091827393, 300.490997314, 325.79083252, 213.277648926, 151.064941406, 159.201934814, 178.780761719, 163.058425903, 171.618988037, 73.4085388184, 17.5636177063, 1.42599391937, 0.00477092247456, 1.00121060314e-05, 4.6953012145e-08, 1.72380298924e-09, 2.63182864391e-10, 4.66882088546e-10]
    },
    "gfcc": {
        "mean": [-8.26422405243, 134.625244141, -142.919494629, 66.2117385864, -77.1254196167, 14.9748725891, -36.7505722046, -2.85568165779, -2.92643427849, -26.4031143188, -0.775072276592, -22.5912094116, 8.53695678711],
        "cov": [[11494.4648438, -700.041381836, -1709.64416504, -0.768970429897, -538.283447266, -102.124046326, -367.212371826, 119.708854675, -167.351318359, -81.5191268921, -186.552459717, -185.240539551, -89.0859069824], [-700.041381836, 545.440734863, 58.521774292, -123.513313293, 146.094833374, -63.8316459656, 123.914016724, -50.7777252197, 70.4722442627, -39.0429496765, 81.9315948486, -13.0590848923, 24.3996219635], [-1709.64416504, 58.521774292, 656.176696777, 132.047317505, 79.5544586182, 131.37097168, 31.3402004242, -23.2042274475, 28.219127655, 50.2977714539, 89.3452377319, 100.277549744, 27.1050453186], [-0.768970429897, -123.513313293, 132.047317505, 175.024917603, -4.08750677109, 15.8160839081, -47.6848487854, -4.26413154602, -0.570758640766, 25.3180332184, 17.6530590057, 33.6179656982, 10.4132261276], [-538.283447266, 146.094833374, 79.5544586182, -4.08750677109, 119.560211182, 1.01568877697, 40.3266830444, -8.43146324158, 20.4763011932, -7.42780017853, 23.437379837, 5.69839572906, 15.871638298], [-102.124046326, -63.8316459656, 131.37097168, 15.8160839081, 1.01568877697, 164.152954102, 45.8368186951, 17.1556587219, -4.17798662186, 16.627117157, 5.74689388275, 24.6172275543, 3.34521174431], [-367.212371826, 123.914016724, 31.3402004242, -47.6848487854, 40.3266830444, 45.8368186951, 114.428817749, 7.78996133804, 23.3024024963, -2.74115490913, 15.0000228882, -0.20708784461, 2.9093811512], [119.708854675, -50.7777252197, -23.2042274475, -4.26413154602, -8.43146324158, 17.1556587219, 7.78996133804, 77.7100753784, 18.1156463623, 3.93268370628, -24.3531856537, -8.11368274689, 4.57599639893], [-167.351318359, 70.4722442627, 28.219127655, -0.570758640766, 20.4763011932, -4.17798662186, 23.3024024963, 18.1156463623, 68.1676483154, 5.98550128937, 14.9528455734, 1.93958997726, 4.3487739563], [-81.5191268921, -39.0429496765, 50.2977714539, 25.3180332184, -7.42780017853, 16.627117157, -2.74115490913, 3.93268370628, 5.98550128937, 63.6975517273, 28.9905147552, 15.5376396179, -3.02344989777], [-186.552459717, 81.9315948486, 89.3452377319, 17.6530590057, 23.437379837, 5.74689388275, 15.0000228882, -24.3531856537, 14.9528455734, 28.9905147552, 88.0980300903, 44.3225212097, 2.0572373867], [-185.240539551, -13.0590848923, 100.277549744, 33.6179656982, 5.69839572906, 24.6172275543, -0.20708784461, -8.11368274689, 1.93958997726, 15.5376396179, 44.3225212097, 66.0005111694, 20.3385391235], [-89.0859069824, 24.3996219635, 27.1050453186, 10.4132261276, 15.871638298, 3.34521174431, 2.9093811512, 4.57599639893, 4.3487739563, -3.02344989777, 2.0572373867, 20.3385391235, 41.0825500488]],
        "icov": [[0.000244816183113, -0.000466347730253, 0.000841244938783, -0.000628739944659, 0.000746562727727, -0.000813700957224, 0.000852304918226, -0.000462712487206, 0.000314964854624, 8.96911733435e-05, -0.000212850412936, -0.000137504510349, 0.000233191967709], [-0.000466347730253, 0.0111755635589, -0.00336512550712, 0.00655531557277, -0.0061612771824, 0.00585425458848, -0.00739043997601, 0.00513786589727, -0.00557444337755, 0.00618317490444, -0.0117803355679, 0.0110469646752, -0.00906919594854], [0.000841244938783, -0.00336512550712, 0.00611291872337, -0.00453166710213, 0.00165387091693, -0.00540926493704, 0.00399179616943, -0.00140972121153, 0.00099040067289, -0.0014479245292, 0.00117101415526, -0.00489804940298, 0.00276899244636], [-0.000628739944659, 0.00655531557277, -0.00453166710213, 0.0129635948688, -0.00451285298914, 0.00394217949361, -0.00103138189297, 0.00343552883714, -0.00406171567738, 0.00121419597417, -0.00500172795728, 0.00410199537873, -0.00570087647066], [0.000746562727727, -0.0061612771824, 0.00165387091693, -0.00451285298914, 0.0167944282293, -0.00294161890633, 0.00158464675769, -0.00280287512578, 0.00225724233314, 1.63637359947e-05, 0.00119451235514, -0.00069591938518, -0.000670921523124], [-0.000813700957224, 0.00585425458848, -0.00540926493704, 0.00394217949361, -0.00294161890633, 0.0142800081521, -0.0101793380454, 0.00111432373524, -0.000406775303418, 0.000879361352418, -0.0017221076414, 0.00196719286032, -0.00288121332414], [0.000852304918226, -0.00739043997601, 0.00399179616943, -0.00103138189297, 0.00158464675769, -0.0101793380454, 0.0211258865893, -0.00443962961435, 0.00025574452593, -0.0022575610783, 0.0031180260703, -0.00453226873651, 0.00497475126758], [-0.000462712487206, 0.00513786589727, -0.00140972121153, 0.00343552883714, -0.00280287512578, 0.00111432373524, -0.00443962961435, 0.0201555173844, -0.00893704220653, -0.00103062693961, 0.00246351119131, 0.00299880933017, -0.00567185506225], [0.000314964854624, -0.00557444337755, 0.00099040067289, -0.00406171567738, 0.00225724233314, -0.000406775303418, 0.00025574452593, -0.00893704220653, 0.0223045535386, -0.0030427959282, 0.000830436765682, -0.00220968667418, 0.00297563243657], [8.96911733435e-05, 0.00618317490444, -0.0014479245292, 0.00121419597417, 1.63637359947e-05, 0.000879361352418, -0.0022575610783, -0.00103062693961, -0.0030427959282, 0.0254435054958, -0.0166658759117, 0.00916052609682, -0.00413942476735], [-0.000212850412936, -0.0117803355679, 0.00117101415526, -0.00500172795728, 0.00119451235514, -0.0017221076414, 0.0031180260703, 0.00246351119131, 0.000830436765682, -0.0166658759117, 0.0424044840038, -0.0315549597144, 0.0183976106346], [-0.000137504510349, 0.0110469646752, -0.00489804940298, 0.00410199537873, -0.00069591938518, 0.00196719286032, -0.00453226873651, 0.00299880933017, -0.00220968667418, 0.00916052609682, -0.0315549597144, 0.0492370985448, -0.0264590494335], [0.000233191967709, -0.00906919594854, 0.00276899244636, -0.00570087647066, -0.000670921523124, -0.00288121332414, 0.00497475126758, -0.00567185506225, 0.00297563243657, -0.00413942476735, 0.0183976106346, -0.0264590494335, 0.0421826839447]]
    },
    "melbands": {
        "dmean": [0.000614732620306, 0.000872830511071, 0.000742882781196, 0.00103368249256, 0.000537876272574, 0.000278321182122, 0.000132325876621, 0.000161906311405, 0.000167881677044, 0.000162484735483, 0.000108997475763, 6.12917210674e-05, 4.06617946282e-05, 2.88996307063e-05, 3.07817063003e-05, 1.43990137076e-05, 1.66380814335e-05, 1.41046530189e-05, 2.61804634647e-05, 2.50566281466e-05, 2.51271776506e-05, 2.4884031518e-05, 1.15307830129e-05, 6.04638807999e-06, 6.45781665298e-06, 6.88452973918e-06, 5.80013374929e-06, 4.59852026324e-06, 3.51550056621e-06, 2.58722820945e-06, 2.53152711593e-06, 2.61952413894e-06, 2.25932194553e-06, 2.21328241423e-06, 2.5132767405e-06, 1.81023483492e-06, 1.50315156588e-06, 1.13776184207e-06, 7.1300161153e-07, 2.21007510959e-07],
        "dmean2": [0.00102151848841, 0.00152307364624, 0.00122442166321, 0.00176687340718, 0.000889408111107, 0.000454070308479, 0.000218078072066, 0.000260518834693, 0.000258088170085, 0.000242445545155, 0.000166101061041, 9.54579736572e-05, 6.40438229311e-05, 4.85611017211e-05, 4.90478887514e-05, 2.34014842135e-05, 2.81501634163e-05, 2.33267619478e-05, 4.41862212028e-05, 4.25887883466e-05, 4.24915378971e-05, 4.23963210778e-05, 1.85817189049e-05, 9.58741657087e-06, 1.06607267298e-05, 1.10948058136e-05, 8.99839506019e-06, 7.49362698116e-06, 5.62307923246e-06, 4.00682620239e-06, 3.85407884096e-06, 3.90991090171e-06, 3.32304375661e-06, 3.34157880388e-06, 3.92094489143e-06, 2.83449162453e-06, 2.28287922255e-06, 1.73110174728e-06, 1.07210780698e-06, 3.30265095272e-07],
        "dvar": [1.10041855805e-06, 1.04195567019e-06, 9.82506549008e-07, 2.5874091989e-06, 5.2126489436e-07, 2.12120028209e-07, 3.46571660259e-08, 5.45848912736e-08, 5.91398219285e-08, 5.92683626621e-08, 3.14259196443e-08, 1.09416697924e-08, 3.57943386042e-09, 9.06490527086e-09, 6.41729691608e-09, 4.57731103021e-10, 1.31409816362e-09, 3.5051575531e-10, 1.81887993556e-09, 1.10484643656e-09, 1.20843368645e-09, 9.14251507833e-10, 2.33074809453e-10, 7.14100098498e-11, 1.28746971417e-10, 9.9611194293e-11, 5.85619677751e-11, 3.8013949627e-11, 2.42065777145e-11, 1.96629275362e-11, 2.45689042028e-11, 2.69826452848e-11, 2.24582939051e-11, 2.32146142587e-11, 4.61335449009e-11, 2.18183648232e-11, 1.57148686425e-11, 6.71098549995e-12, 1.95574936454e-12, 2.79826075505e-13],
        "dvar2": [3.00963915834e-06, 3.10522818836e-06, 2.53605549005e-06, 7.34852301321e-06, 1.41203827297e-06, 5.69422866192e-07, 9.02498697997e-08, 1.4054862163e-07, 1.2740693478e-07, 1.30789800323e-07, 6.86299301833e-08, 2.30909549259e-08, 8.29711499506e-09, 2.09393888895e-08, 1.60877142719e-08, 1.15726273009e-09, 3.69901709263e-09, 8.79505690499e-10, 4.88020734934e-09, 2.99938918147e-09, 3.31058358505e-09, 2.53768472902e-09, 5.23810383957e-10, 1.72206707227e-10, 3.61197849408e-10, 2.66101113366e-10, 1.42147904558e-10, 9.74208699822e-11, 5.8701148109e-11, 4.56515832081e-11, 4.53168891301e-11, 5.76805721242e-11, 4.37771693895e-11, 4.30587371314e-11, 1.02631750321e-10, 4.80337887521e-11, 3.320624678e-11, 1.55087245129e-11, 4.20891143119e-12, 6.21620647751e-13],
        "max": [0.0110664395615, 0.0101432837546, 0.00986212678254, 0.0171605814248, 0.00844922102988, 0.00622561573982, 0.00252638850361, 0.00304580968805, 0.00435323920101, 0.0035800084006, 0.00302450917661, 0.00200336822309, 0.000781266600825, 0.00184624607209, 0.00176363775972, 0.000277538987575, 0.000819009030238, 0.000269961979939, 0.000459147500806, 0.000349917507265, 0.000425688776886, 0.000318094447721, 0.000296399754006, 0.00014520046534, 0.000240089502768, 0.000191484985407, 8.8066481112e-05, 7.73843421484e-05, 6.58304343233e-05, 7.94763109297e-05, 9.31295799091e-05, 9.78113093879e-05, 8.39761196403e-05, 8.51742806844e-05, 0.000113528018119, 6.04818451393e-05, 6.6073895141e-05, 4.53613647551e-05, 1.87237765203e-05, 9.61747446127e-06],
        "mean": [0.00103669788223, 0.00192353024613, 0.00156658445485, 0.00170081341639, 0.00105195550714, 0.000532540725544, 0.000286022026557, 0.000299514416838, 0.000354039482772, 0.000399962504162, 0.000242226960836, 0.000125032587675, 7.59499162086e-05, 4.49757353636e-05, 5.12777587574e-05, 2.73004279734e-05, 3.17306476063e-05, 2.7987820431e-05, 5.05107418576e-05, 4.96304564876e-05, 4.84612573928e-05, 4.84689553559e-05, 2.7006954042e-05, 1.35638238135e-05, 1.46603169924e-05, 1.6321630028e-05, 1.27293369587e-05, 1.02133835753e-05, 8.48083254823e-06, 5.41260715181e-06, 4.91964783578e-06, 5.03193132317e-06, 4.24235668106e-06, 3.95325878344e-06, 3.82591588277e-06, 2.79541586679e-06, 2.35405150306e-06, 1.79234916686e-06, 1.17035358471e-06, 3.04422059116e-07],
        "median": [0.000617912621237, 0.00166506238747, 0.00118262751494, 0.0012660153443, 0.000669751025271, 0.000289935036562, 0.000206457625609, 0.00019090497517, 0.000183178970474, 0.000165822799318, 0.000103890924947, 7.52060659579e-05, 4.82850264234e-05, 2.53503985732e-05, 2.78263796645e-05, 2.00976610358e-05, 2.2964708478e-05, 2.19349331019e-05, 3.39543221344e-05, 4.16551774833e-05, 3.83146580134e-05, 4.09115345974e-05, 2.26853644563e-05, 1.04888931673e-05, 1.26998884298e-05, 1.43208553709e-05, 1.01569476101e-05, 8.40987195261e-06, 6.72596888762e-06, 3.46522074324e-06, 2.59045600615e-06, 2.5272242965e-06, 1.89155127828e-06, 1.73649891622e-06, 1.4466970697e-06, 9.13756821319e-07, 9.09899426915e-07, 7.32946148219e-07, 4.47817541271e-07, 9.64368709333e-08],
        "min": [1.09428402412e-23, 1.68477449513e-23, 3.59357602101e-23, 1.21477637428e-23, 7.99843742288e-24, 7.38884752495e-24, 4.95776320294e-24, 1.03285936974e-23, 8.66034773148e-24, 6.78569394315e-24, 1.4915889281e-23, 5.13920042228e-24, 6.17965668031e-24, 8.07826935763e-24, 1.02173067229e-23, 2.81114401662e-23, 1.42703296924e-23, 2.35921270377e-23, 1.89424925099e-23, 1.61152907562e-23, 9.09778688065e-24, 7.64577952178e-24, 7.17919669534e-24, 7.78060216137e-24, 1.2650213708e-23, 1.4853174839e-23, 1.71826116724e-23, 8.70931232787e-24, 1.03526689433e-23, 1.08885255902e-23, 9.80541404529e-24, 9.62540703077e-24, 9.27553854184e-24, 1.03625936024e-23, 1.2093130392e-23, 1.46756858685e-23, 1.12482051422e-23, 9.91570705503e-24, 1.33749962308e-23, 8.53155987782e-24],
        "var": [1.64439779837e-06, 1.99568535209e-06, 2.13206021726e-06, 3.06478341372e-06, 1.37368124342e-06, 5.21529614161e-07, 7.62592122783e-08, 1.29198667764e-07, 1.98182988242e-07, 3.14368634236e-07, 1.70195718852e-07, 3.29501368412e-08, 8.59848725554e-09, 1.1497141017e-08, 1.3342501326e-08, 1.04464004114e-09, 1.69815694839e-09, 8.01688826435e-10, 4.05557765149e-09, 2.14253081943e-09, 2.28708740835e-09, 2.0804014067e-09, 7.89600884676e-10, 2.12569531421e-10, 2.15829687455e-10, 2.28656746315e-10, 1.52629783812e-10, 9.50070230821e-11, 6.85769011022e-11, 4.45009862293e-11, 6.65573360314e-11, 6.16328724168e-11, 5.22373984346e-11, 5.32318564228e-11, 7.0620856385e-11, 3.75553130261e-11, 2.59079355192e-11, 1.11915901893e-11, 3.87679385122e-12, 4.77193154783e-13]
    },
    "mfcc": {
        "mean": [-620.220336914, 121.643859863, 7.5348405838, 30.9546527863, 2.94480824471, 3.1579003334, -8.60390090942, 8.02967262268, 1.58712816238, 4.2813782692, -10.8716478348, -2.13003492355, -3.40345740318],
        "cov": [[10335.5351562, -603.423156738, -1253.76940918, -153.829025269, -387.772521973, -368.758453369, -333.64239502, -115.420555115, -97.9323806763, 104.29283905, -113.119682312, -149.122467041, -282.959838867], [-603.423156738, 678.215087891, -64.087677002, -4.36881256104, -0.129003241658, 19.1517868042, 49.7233695984, 43.3180427551, 7.46219682693, 8.08677101135, 9.76727199554, 22.7274417877, 50.2705001831], [-1253.76940918, -64.087677002, 533.275634766, 56.4410934448, 119.7265625, 136.041595459, 58.5089073181, 42.3362350464, -15.8719615936, -32.1531906128, 22.5923652649, 54.878616333, 75.4271850586], [-153.829025269, -4.36881256104, 56.4410934448, 147.742630005, 52.3045768738, -7.20932149887, -20.2675094604, -23.1268787384, -19.2205238342, -16.5155563354, -5.56558465958, 15.1461048126, 14.3041753769], [-387.772521973, -0.129003241658, 119.7265625, 52.3045768738, 113.133514404, 28.0328502655, 6.9403924942, 8.47480106354, -0.837109565735, -10.1707439423, -9.81694412231, 15.549706459, 30.0672531128], [-368.758453369, 19.1517868042, 136.041595459, -7.20932149887, 28.0328502655, 122.123947144, 51.1877555847, 24.0483150482, -10.0871038437, -2.65574479103, 10.4734678268, 10.5534934998, 30.2696590424], [-333.64239502, 49.7233695984, 58.5089073181, -20.2675094604, 6.9403924942, 51.1877555847, 85.6691207886, 23.1222076416, 9.42163467407, -7.63212680817, 17.5988636017, 2.3738553524, 18.1755619049], [-115.420555115, 43.3180427551, 42.3362350464, -23.1268787384, 8.47480106354, 24.0483150482, 23.1222076416, 78.4202270508, 24.7438602448, 11.0250015259, -4.56247282028, 5.48003387451, 9.97686576843], [-97.9323806763, 7.46219682693, -15.8719615936, -19.2205238342, -0.837109565735, -10.0871038437, 9.42163467407, 24.7438602448, 86.2153701782, 23.2372913361, 5.39738988876, -15.7163496017, -16.9836025238], [104.29283905, 8.08677101135, -32.1531906128, -16.5155563354, -10.1707439423, -2.65574479103, -7.63212680817, 11.0250015259, 23.2372913361, 60.6678962708, 10.7097406387, -0.745926558971, -9.8360118866], [-113.119682312, 9.76727199554, 22.5923652649, -5.56558465958, -9.81694412231, 10.4734678268, 17.5988636017, -4.56247282028, 5.39738988876, 10.7097406387, 57.0211334229, 15.8214216232, 7.88709354401], [-149.122467041, 22.7274417877, 54.878616333, 15.1461048126, 15.549706459, 10.5534934998, 2.3738553524, 5.48003387451, -15.7163496017, -0.745926558971, 15.8214216232, 55.0059089661, 30.4605083466], [-282.959838867, 50.2705001831, 75.4271850586, 14.3041753769, 30.0672531128, 30.2696590424, 18.1755619049, 9.97686576843, -16.9836025238, -9.8360118866, 7.88709354401, 30.4605083466, 64.3660583496]],
