{
"lowlevel": {
    "average_loudness": 0.958418369293,
    "barkbands_crest": {
        "dmean": 2.92469620705,
        "dmean2": 4.82338762283,
        "dvar": 6.51811265945,
        "dvar2": 16.9523162842,
        "max": 21.8966827393,
        "mean": 9.09950828552,
        "median": 8.47597789764,
        "min": 2.92405319214,
        "var": 11.57335186
    },
    "barkbands_flatness_db": {
        "dmean": 0.0222324579954,
        "dmean2": 0.03584593907,
        "dvar": 0.00035091600148,
        "dvar2": 0.000849382544402,
        "max": 0.296653807163,
        "mean": 0.123688213527,
        "median": 0.11166985333,
        "min": 0.0418872833252,
        "var": 0.00206537218764
    },
    "barkbands_kurtosis": {
        "dmean": 2.69339609146,
        "dmean2": 4.29386949539,
        "dvar": 10.3178682327,
        "dvar2": 22.6059322357,
        "max": 42.554599762,
        "mean": 3.39829444885,
        "median": 1.89107894897,
        "min": -1.54403400421,
        "var": 22.8745002747
    },
    "barkbands_skewness": {
        "dmean": 0.570429444313,
        "dmean2": 0.893122076988,
        "dvar": 0.235719397664,
        "dvar2": 0.556473791599,
        "max": 5.7113494873,
        "mean": 1.83776330948,
        "median": 1.69104790688,
        "min": 0.101926259696,
        "var": 0.761788249016
    },
    "barkbands_spread": {
        "dmean": 7.50616073608,
        "dmean2": 11.9847364426,
        "dvar": 41.3736991882,
        "dvar2": 101.11656189,
        "max": 74.3218002319,
        "mean": 28.6030101776,
        "median": 28.1096801758,
        "min": 4.25647687912,
        "var": 118.568916321
    },
    "dissonance": {
        "dmean": 0.00969422608614,
        "dmean2": 0.0164141058922,
        "dvar": 7.39438546589e-05,
        "dvar2": 0.000211838676478,
        "max": 0.499955356121,
        "mean": 0.48359683156,
        "median": 0.485830038786,
        "min": 0.416485697031,
        "var": 0.000121842080262
    },
    "dynamic_complexity": 2.87066578865,
    "erbbands_crest": {
        "dmean": 1.82515597343,
        "dmean2": 3.08522319794,
        "dvar": 3.65519857407,
        "dvar2": 9.18979167938,
        "max": 24.0375118256,
        "mean": 5.69050884247,
        "median": 4.90630245209,
        "min": 2.34531116486,
        "var": 6.60564231873
    },
    "erbbands_flatness_db": {
        "dmean": 0.0108269434422,
        "dmean2": 0.0162807032466,
        "dvar": 9.56644798862e-05,
        "dvar2": 0.000213260529563,
        "max": 0.220346152782,
        "mean": 0.127533972263,
        "median": 0.122399970889,
        "min": 0.0627787336707,
        "var": 0.00081400538329
    },
    "erbbands_kurtosis": {
        "dmean": 0.470371544361,
        "dmean2": 0.753919839859,
        "dvar": 0.228538140655,
        "dvar2": 0.590228259563,
        "max": 4.14012241364,
        "mean": -0.701705932617,
        "median": -0.840831756592,
        "min": -1.66344034672,
        "var": 0.464346975088
    },
    "erbbands_skewness": {
        "dmean": 0.298974573612,
        "dmean2": 0.465582787991,
        "dvar": 0.0638535991311,
        "dvar2": 0.151230722666,
        "max": 1.77657711506,
        "mean": -0.107740044594,
        "median": -0.155446588993,
        "min": -1.46932816505,
        "var": 0.228251114488
    },
    "erbbands_spread": {
        "dmean": 9.82543945312,
        "dmean2": 14.9282941818,
        "dvar": 62.1342468262,
        "dvar2": 140.461227417,
        "max": 126.067657471,
        "mean": 59.4402084351,
        "median": 59.859588623,
        "min": 19.4200344086,
        "var": 289.835174561
    },
    "hfc": {
        "dmean": 7.58908557892,
        "dmean2": 12.412861824,
        "dvar": 118.018234253,
        "dvar2": 313.335998535,
        "max": 97.670135498,
        "mean": 24.5700054169,
        "median": 21.935552597,
        "min": 7.01233784639e-06,
        "var": 268.800170898
    },
    "melbands_crest": {
        "dmean": 3.91573667526,
        "dmean2": 6.41745948792,
        "dvar": 8.36350917816,
        "dvar2": 21.8023281097,
        "max": 29.8429908752,
        "mean": 14.3692617416,
        "median": 13.861992836,
        "min": 4.67723560333,
        "var": 20.4555282593
    },
    "melbands_flatness_db": {
        "dmean": 0.027833359316,
        "dmean2": 0.0437213778496,
        "dvar": 0.000510052137543,
        "dvar2": 0.00122728815768,
        "max": 0.351838707924,
        "mean": 0.178445264697,
        "median": 0.168488681316,
        "min": 0.0704167336226,
        "var": 0.00243141083047
    },
    "melbands_kurtosis": {
        "dmean": 10.1130142212,
        "dmean2": 16.1062755585,
        "dvar": 141.923095703,
        "dvar2": 310.03704834,
        "max": 181.366241455,
        "mean": 19.9599189758,
        "median": 15.1324615479,
        "min": 0.155288696289,
        "var": 316.544128418
    },
    "melbands_skewness": {
        "dmean": 0.947194576263,
        "dmean2": 1.47775280476,
        "dvar": 0.724279820919,
        "dvar2": 1.69967389107,
        "max": 11.6213617325,
        "mean": 3.75637030602,
        "median": 3.61863994598,
        "min": 0.466061085463,
        "var": 2.3549182415
    },
    "melbands_spread": {
        "dmean": 7.18771314621,
        "dmean2": 11.5485248566,
        "dvar": 39.2847862244,
        "dvar2": 99.4477233887,
        "max": 62.5722312927,
        "mean": 21.7092208862,
        "median": 20.5812129974,
        "min": 2.35448336601,
        "var": 109.169555664
    },
    "pitch_salience": {
        "dmean": 0.0916758552194,
        "dmean2": 0.15060763061,
        "dvar": 0.00530074816197,
        "dvar2": 0.0142014147714,
        "max": 0.825270652771,
        "mean": 0.596703827381,
        "median": 0.608164191246,
        "min": 0.256421387196,
        "var": 0.0116149717942
    },
    "silence_rate_20dB": {
        "dmean": 0,
        "dmean2": 0,
        "dvar": 0,
        "dvar2": 0,
        "max": 1,
        "mean": 1,
        "median": 1,
        "min": 1,
        "var": 0
    },
    "silence_rate_30dB": {
        "dmean": 0.00928792543709,
        "dmean2": 0.018590239808,
        "dvar": 0.00920140556991,
        "dvar2": 0.0244411192834,
        "max": 1,
        "mean": 0.993039429188,
        "median": 1,
        "min": 0,
        "var": 0.00691222120076
    },
    "silence_rate_60dB": {
        "dmean": 0.00464396271855,
        "dmean2": 0.00929511990398,
        "dvar": 0.0046222913079,
        "dvar2": 0.0107578309253,
        "max": 1,
        "mean": 0.0626450106502,
        "median": 0,
        "min": 0,
        "var": 0.0587214678526
    },
    "spectral_centroid": {
        "dmean": 323.074920654,
        "dmean2": 518.098327637,
        "dvar": 69317.5,
        "dvar2": 174314.34375,
        "max": 2938.52978516,
        "mean": 1565.03381348,
        "median": 1574.52770996,
        "min": 345.653411865,
        "var": 182868.625
    },
    "spectral_complexity": {
        "dmean": 5.23684215546,
        "dmean2": 8.04647541046,
        "dvar": 23.0816631317,
        "dvar2": 53.4433021545,
        "max": 57,
        "mean": 26.9737052917,
        "median": 28,
        "min": 0,
        "var": 146.809951782
    },
    "spectral_decrease": {
        "dmean": 3.70812847095e-09,
        "dmean2": 6.07730754609e-09,
        "dvar": 1.97829954592e-17,
        "dvar2": 5.28194691221e-17,
        "max": -1.59925876727e-15,
        "mean": -8.90377460649e-09,
        "median": -7.76905739741e-09,
        "min": -3.75002606745e-08,
        "var": 3.63984218767e-17
    },
    "spectral_energy": {
        "dmean": 0.0144637301564,
        "dmean2": 0.0237586591393,
        "dvar": 0.000302326167002,
        "dvar2": 0.000807064818218,
        "max": 0.14635707438,
        "mean": 0.0358334593475,
        "median": 0.0314896441996,
        "min": 6.67200916737e-09,
        "var": 0.000565337424632
    },
    "spectral_energyband_high": {
        "dmean": 0.000763639458455,
        "dmean2": 0.00127521005925,
        "dvar": 1.41538885146e-06,
        "dvar2": 3.80162668989e-06,
        "max": 0.00852789729834,
        "mean": 0.00162562343758,
        "median": 0.0012396373786,
        "min": 3.54858586959e-10,
        "var": 2.14362580664e-06
    },
    "spectral_energyband_low": {
        "dmean": 0.0113196969032,
        "dmean2": 0.0182810481638,
        "dvar": 0.000242341135163,
        "dvar2": 0.000646009109914,
        "max": 0.118230611086,
        "mean": 0.0181872751564,
        "median": 0.0129669578746,
        "min": 1.10602582648e-09,
        "var": 0.00033378394437
    },
    "spectral_energyband_middle_high": {
        "dmean": 0.0014844739344,
        "dmean2": 0.00224179821089,
        "dvar": 4.16986858909e-06,
        "dvar2": 8.67145263328e-06,
        "max": 0.0267960354686,
        "mean": 0.00473665259778,
        "median": 0.00332454917952,
        "min": 1.60753721445e-09,
        "var": 1.71209412656e-05
    },
    "spectral_energyband_middle_low": {
        "dmean": 0.00643653981388,
        "dmean2": 0.0104715712368,
        "dvar": 8.16383180791e-05,
        "dvar2": 0.000211616948945,
        "max": 0.0873603820801,
        "mean": 0.0139989666641,
        "median": 0.0112872421741,
        "min": 3.41687633743e-09,
        "var": 0.000143141995068
    },
    "spectral_entropy": {
        "dmean": 0.107890412211,
        "dmean2": 0.165728867054,
        "dvar": 0.0085354084149,
        "dvar2": 0.0190129540861,
        "max": 8.46361446381,
        "mean": 7.9516620636,
        "median": 7.98966360092,
        "min": 6.95315122604,
        "var": 0.0500112138689
    },
    "spectral_flux": {
        "dmean": 0.0279944837093,
        "dmean2": 0.0453332476318,
        "dvar": 0.000825708499178,
        "dvar2": 0.00188282167073,
        "max": 0.268254905939,
        "mean": 0.10612039268,
        "median": 0.101560227573,
        "min": 8.16823667265e-05,
        "var": 0.00227269227616
    },
    "spectral_kurtosis": {
        "dmean": 0.794103860855,
        "dmean2": 1.36875879765,
        "dvar": 0.575943410397,
        "dvar2": 1.74158704281,
        "max": 7.1753692627,
        "mean": 1.73911333084,
        "median": 1.65512752533,
        "min": -0.627425193787,
        "var": 0.939778447151
    },
    "spectral_rms": {
        "dmean": 0.00109262543265,
        "dmean2": 0.00176103552803,
        "dvar": 1.18369905522e-06,
        "dvar2": 3.11646294904e-06,
        "max": 0.0119493678212,
        "mean": 0.00554542057216,
        "median": 0.00554270716384,
        "min": 2.55132840721e-06,
        "var": 4.20780679633e-06
    },
    "spectral_rolloff": {
        "dmean": 663.797241211,
        "dmean2": 1122.44604492,
        "dvar": 578201.3125,
        "dvar2": 1388234.75,
        "max": 6761.42578125,
        "mean": 1288.91174316,
        "median": 1162.79296875,
        "min": 129.19921875,
        "var": 1019997.125
    },
    "spectral_skewness": {
        "dmean": 0.151851162314,
        "dmean2": 0.251105070114,
        "dvar": 0.0172582361847,
        "dvar2": 0.0462833046913,
        "max": 1.86428558826,
        "mean": 0.972091019154,
        "median": 0.982507169247,
        "min": 0.308853805065,
        "var": 0.06587035954
    },
    "spectral_spread": {
        "dmean": 425307.6875,
        "dmean2": 570662,
        "dvar": 176859922432,
        "dvar2": 320473366528,
        "max": 9194244,
        "mean": 4872817,
        "median": 4777178,
        "min": 3018678.75,
        "var": 1.06057413427e+12
    },
    "spectral_strongpeak": {
        "dmean": 0.278772085905,
        "dmean2": 0.473291605711,
        "dvar": 0.115122154355,
        "dvar2": 0.289854198694,
        "max": 3.13774442673,
        "mean": 0.423755526543,
        "median": 0.277988791466,
        "min": 0,
        "var": 0.165131434798
    },
    "zerocrossingrate": {
        "dmean": 0.0102712912485,
        "dmean2": 0.0125988665968,
        "dvar": 8.20467248559e-05,
        "dvar2": 0.000113071117084,
        "max": 0.17626953125,
        "mean": 0.0646657347679,
        "median": 0.06298828125,
        "min": 0.0146484375,
        "var": 0.000536262232345
    },
    "barkbands": {
        "dmean": [0.000321484229062, 0.00626577669755, 0.00533237867057, 0.0028349775821, 0.00359709188342, 0.00125004048459, 0.000973292335402, 0.000603539636359, 0.000710633874405, 0.00040789146442, 0.000375709496439, 0.000402304634918, 0.000280137115624, 0.000219462570385, 0.000214297222556, 0.000278347433778, 0.000237478059717, 0.00018084612384, 0.000220225847443, 0.000188409845578, 0.000250315351877, 0.000247578398557, 0.000137185299536, 7.12131586624e-05, 6.55540206935e-05, 1.49662500917e-05, 5.2546789675e-07],
        "dmean2": [0.000523296825122, 0.0105134677142, 0.00880833342671, 0.00436991313472, 0.00614007003605, 0.0020679696463, 0.00161551707424, 0.00101513171103, 0.00115779449698, 0.000668350723572, 0.00060270173708, 0.000657143536955, 0.000454987544799, 0.00036227106466, 0.000346880085999, 0.000463277072413, 0.00038650422357, 0.000293650053209, 0.000379864621209, 0.000333311472787, 0.000439433788415, 0.000425900390837, 0.000219395122258, 0.000107398438558, 9.62797057582e-05, 2.19502671825e-05, 9.47251010075e-07],
        "dvar": [5.75129035951e-07, 0.000145083395182, 4.64174008812e-05, 1.9326878828e-05, 4.10862267017e-05, 3.98849215344e-06, 3.49903370989e-06, 1.51667074988e-06, 2.90785737889e-06, 7.55991834467e-07, 1.25747408219e-06, 7.6781111602e-07, 2.82141570551e-07, 1.58632360581e-07, 1.28330114535e-07, 1.88107037502e-07, 1.04757816644e-07, 6.15728978914e-08, 6.92742432307e-08, 9.09569024543e-08, 1.73668667003e-07, 1.33769404442e-07, 5.31021022709e-08, 1.36527615879e-08, 1.79057142446e-08, 1.55366020049e-09, 2.2086332329e-12],
        "dvar2": [1.263462309e-06, 0.000386057334254, 0.000120417818835, 3.66398999176e-05, 0.000112288595119, 1.00798415588e-05, 8.6695781647e-06, 3.90751301893e-06, 7.00742020854e-06, 1.89917398075e-06, 3.02839839605e-06, 1.8761895717e-06, 7.10433425866e-07, 4.08820540088e-07, 3.05424151748e-07, 5.10509948981e-07, 2.71559713383e-07, 1.55506128863e-07, 1.94327554937e-07, 2.51019031339e-07, 4.81665892949e-07, 3.67804261714e-07, 1.34750550274e-07, 2.89740782478e-08, 3.69740469353e-08, 3.45349482345e-09, 6.37180109023e-12],
        "max": [0.00552458595484, 0.0908413082361, 0.0787922888994, 0.0798526108265, 0.0597966089845, 0.0275118667632, 0.0256966240704, 0.0175372175872, 0.0346935503185, 0.0108364839107, 0.0211762096733, 0.0122752999887, 0.00704930815846, 0.00619713123888, 0.00507182721049, 0.00718665774912, 0.00392289692536, 0.00318927294575, 0.00213218596764, 0.00226053246297, 0.00346785457805, 0.00261961692013, 0.00232863333076, 0.00187543488573, 0.0015484954929, 0.000595707970206, 2.12150916923e-05],
        "mean": [0.00030020417762, 0.00785815436393, 0.00741947395727, 0.00399495568126, 0.0048529561609, 0.00207319809124, 0.00128038460389, 0.000725824269466, 0.000879104074556, 0.000573309138417, 0.000505322066601, 0.0006419562269, 0.000438543676864, 0.000350741145667, 0.000359980069334, 0.000561586872209, 0.000458803173387, 0.000330075912643, 0.000461891875602, 0.000312968011713, 0.000458803464426, 0.000465401273686, 0.000246873445576, 0.000145514408359, 0.000111996618216, 2.50110133493e-05, 4.56345077282e-07],
        "median": [1.72143008967e-05, 0.00467989593744, 0.00485553126782, 0.00208586500958, 0.00288104475476, 0.00138963689096, 0.000720210839063, 0.000265699462034, 0.000248888420174, 0.000133852227009, 0.000121996446978, 0.000262987508904, 0.000227965589147, 0.000187142024515, 0.000232360107475, 0.000449682178441, 0.00033254842856, 0.000234761479078, 0.000410004111473, 0.000238189677475, 0.000376865733415, 0.000345083069988, 0.00015142391203, 8.5680243501e-05, 4.98111949128e-05, 7.18968340152e-06, 2.13359498957e-08],
        "min": [3.26339857915e-11, 5.1141635371e-10, 3.65813462855e-10, 7.5528411303e-10, 1.36598388156e-09, 8.11751221796e-10, 9.77028805083e-11, 6.98912872021e-11, 4.65962615714e-11, 4.72420436104e-11, 5.67730931711e-11, 1.41542250143e-10, 9.98113605655e-11, 1.18558149409e-10, 8.62688184777e-11, 1.63492580585e-10, 3.1193991834e-10, 5.1151177044e-11, 1.52995227598e-10, 3.83234971535e-11, 1.45338338586e-10, 1.1010145573e-10, 2.46617240518e-11, 2.43586054105e-11, 1.56193235429e-11, 6.82019414902e-12, 7.45430713683e-12],
        "var": [5.98154315412e-07, 0.000131668595714, 7.49859536882e-05, 4.71936036774e-05, 4.20307405875e-05, 6.0171532823e-06, 3.90946252082e-06, 2.02152364182e-06, 3.88461330658e-06, 1.29753948386e-06, 1.68334554473e-06, 1.40238114454e-06, 4.08700913113e-07, 2.59769905142e-07, 2.2460432092e-07, 3.18152302725e-07, 1.98688354658e-07, 1.03602403101e-07, 9.75582779006e-08, 9.28357124508e-08, 1.75216825937e-07, 1.74107967155e-07, 8.77844357206e-08, 3.67479380259e-08, 3.66747627822e-08, 2.95087310143e-09, 1.85601122145e-12]
    },
    "erbbands": {
        "dmean": [0.15450181067, 1.52723073959, 5.14595746994, 8.63853740692, 7.14596414566, 15.0437021255, 14.128528595, 10.2242145538, 13.4087533951, 12.9374876022, 13.9555282593, 16.5748062134, 13.5295991898, 12.1768074036, 15.2584228516, 15.2471122742, 12.4489850998, 11.0166473389, 10.6077346802, 12.1439685822, 14.2773714066, 12.8664426804, 8.82881164551, 10.4226531982, 10.9687538147, 9.50610542297, 9.17594242096, 11.0602273941, 9.96702861786, 5.92757177353, 3.48529267311, 1.7429561615, 1.20286309719, 0.910934507847, 0.368049919605, 0.105618275702, 0.0209482386708, 0.0025177472271, 5.94166558585e-05, 1.76659323188e-05],
        "dmean2": [0.261811703444, 2.56914448738, 8.67154884338, 13.435303688, 11.7519884109, 25.5516490936, 24.4283828735, 16.800786972, 21.8174991608, 21.4010372162, 23.8010196686, 26.5365142822, 21.717086792, 19.5251903534, 24.3004608154, 24.4464168549, 20.1598396301, 17.9725933075, 17.5039615631, 19.8016471863, 23.4429473877, 21.2624454498, 14.0956306458, 17.4029197693, 19.1860313416, 16.9179153442, 16.0753269196, 19.4135913849, 17.2958698273, 9.67619132996, 5.64618206024, 2.7451839447, 1.82861709595, 1.37438738346, 0.540817081928, 0.154111728072, 0.0307510141283, 0.00408454798162, 9.52464470174e-05, 2.90359494102e-05],
        "dvar": [0.118262335658, 7.49286794662, 42.0247955322, 153.206542969, 95.5966033936, 805.664733887, 642.190063477, 397.778289795, 922.450195312, 381.299560547, 1041.82397461, 1910.45129395, 848.659912109, 1236.91003418, 2339.89428711, 996.101196289, 553.225402832, 489.521240234, 346.521057129, 333.585968018, 512.741516113, 351.066070557, 147.111495972, 157.312698364, 236.350860596, 251.30947876, 238.018386841, 357.128417969, 218.068283081, 89.2471847534, 34.1681213379, 8.81565761566, 4.35158157349, 3.23849177361, 0.696549475193, 0.0927266031504, 0.00220516859554, 4.7511588491e-05, 1.98601437518e-08, 4.55727289239e-10],
        "dvar2": [0.314396828413, 19.9715499878, 111.619216919, 310.17956543, 228.830459595, 2190.81518555, 1808.50500488, 991.373657227, 2212.62695312, 966.041564941, 2719.42456055, 4725.17919922, 2143.55395508, 3239.25561523, 5634.75390625, 2398.04541016, 1382.13989258, 1284.29711914, 831.468811035, 713.404663086, 1416.3548584, 909.092163086, 362.102111816, 416.599731445, 667.421020508, 699.435668945, 667.068908691, 995.757446289, 605.625854492, 236.696289062, 84.6495056152, 21.8321075439, 8.40026187897, 6.7328619957, 1.49042594433, 0.211342737079, 0.00461721234024, 0.00012040209549, 4.996073244e-08, 1.21297316635e-09],
        "max": [2.5102918148, 21.022687912, 69.2807693481, 225.503616333, 137.420440674, 263.895751953, 226.362686157, 322.767700195, 402.910705566, 214.230606079, 454.995483398, 945.177246094, 322.644683838, 705.961303711, 1064.51501465, 375.933135986, 338.156066895, 376.132720947, 277.619934082, 356.852325439, 367.492675781, 201.702880859, 118.339851379, 136.676971436, 123.819534302, 115.308151245, 162.978713989, 179.906433105, 116.73223114, 80.2984161377, 58.2970542908, 35.9306716919, 41.6457557678, 21.9443798065, 9.89751529694, 5.13211584091, 0.726811528206, 0.110817216337, 0.0020686769858, 0.000182754767593],
        "mean": [0.167822763324, 2.02106261253, 7.48676300049, 13.1213731766, 11.0985012054, 18.8635425568, 19.1881465912, 16.289899826, 17.7975826263, 18.5973873138, 16.6585559845, 20.0571041107, 19.1608505249, 17.9943351746, 23.0585384369, 26.1666698456, 20.7414550781, 18.2067623138, 18.3497066498, 24.1348171234, 30.4104862213, 25.6070404053, 17.7991657257, 23.1136894226, 20.4654846191, 15.2090768814, 15.0808258057, 21.0218448639, 18.1919898987, 10.6556062698, 6.3735165596, 3.50427031517, 2.34603643417, 1.56248021126, 0.597046196461, 0.175015285611, 0.0343148671091, 0.00334556028247, 0.000100655059214, 4.79785703646e-05],
        "median": [0.0739997625351, 1.3014588356, 5.11781787872, 7.83867692947, 7.11018323898, 10.3744392395, 12.1106348038, 9.6732749939, 9.28771686554, 11.2132720947, 5.16238117218, 5.6680521965, 5.18300485611, 4.23167800903, 6.66051006317, 11.437661171, 11.0506868362, 9.63470363617, 10.8260765076, 17.9988002777, 24.2539825439, 18.5902690887, 12.5005807877, 20.4219074249, 17.2683868408, 11.5236091614, 11.4798736572, 17.4972419739, 13.3742523193, 6.78492975235, 4.01596975327, 2.15268969536, 1.26954555511, 0.725122869015, 0.231943741441, 0.0603919737041, 0.00888581201434, 0.000522675982211, 4.25385333074e-05, 4.18942290707e-05],
        "min": [1.30086821315e-08, 1.2105763858e-07, 4.55845110992e-07, 1.30261969389e-06, 1.64234370459e-06, 3.76786124434e-06, 5.2419795793e-06, 6.13122529103e-06, 2.48325136454e-06, 8.10042251942e-07, 2.32037837122e-06, 1.26854479277e-06, 1.60625245371e-06, 1.20562776829e-06, 2.99471616927e-06, 5.91660227656e-06, 5.33245111001e-06, 5.66305470784e-06, 7.17479360901e-06, 4.56518819192e-06, 1.29207855935e-05, 1.7440852389e-05, 4.89987223773e-06, 5.78283243158e-06, 8.22174661153e-06, 2.37550466409e-06, 3.78612048735e-06, 7.23427910998e-06, 4.60377532363e-06, 1.39303847391e-06, 5.61761225981e-07, 6.21041067461e-07, 3.10435240181e-07, 1.82741800359e-07, 1.07676612515e-07, 3.22085469406e-08, 1.48961767366e-08, 4.92453722245e-09, 1.22296306415e-09, 1.25408933238e-10],
        "var": [0.100486002862, 7.0786318779, 63.0735626221, 355.151184082, 181.567443848, 793.746948242, 605.091064453, 583.501708984, 1023.95068359, 544.369384766, 1239.56066895, 2360.30419922, 1343.6973877, 1602.41564941, 3289.07348633, 2079.61914062, 862.947143555, 706.750366211, 583.867675781, 743.615966797, 872.969726562, 611.75982666, 284.454345703, 261.189941406, 260.113311768, 236.491882324, 218.80645752, 369.463684082, 262.412536621, 139.478240967, 57.1489028931, 18.2106056213, 11.8661651611, 6.72024488449, 1.28709995747, 0.150053068995, 0.00524216145277, 6.49152570986e-05, 3.12481134301e-08, 9.61699386792e-10]
    },
    "gfcc": {
        "mean": [23.1869430542, 93.9707717896, -119.662971497, 67.9719009399, -60.5550918579, 18.3693084717, -39.1882667542, 1.32258534431, -21.0477790833, 1.4445104599, -14.97889328, -1.24657535553, -8.13970947266],
        "cov": [[6883.21679688, -746.231079102, 386.370758057, -428.067474365, -398.446533203, 224.020385742, -195.526351929, 449.190826416, -199.237579346, 115.358016968, -247.594192505, 134.171432495, -171.640258789], [-746.231079102, 888.927734375, -421.684783936, 270.590881348, 188.703979492, -215.088256836, 262.632965088, -285.862731934, 222.13885498, -163.083557129, 177.041442871, -151.076049805, 145.910583496], [386.370758057, -421.684783936, 399.564453125, -73.0520782471, -65.5119094849, 62.1788635254, -146.998733521, 142.747283936, -109.025672913, 81.4283599854, -105.118690491, 66.813117981, -82.326713562], [-428.067474365, 270.590881348, -73.0520782471, 350.099273682, 130.308532715, -97.6297225952, 62.4560165405, -150.709671021, 109.924560547, -46.997253418, 102.105796814, -93.3429641724, 70.7691955566], [-398.446533203, 188.703979492, -65.5119094849, 130.308532715, 171.173873901, -52.4426765442, 59.412399292, -87.8100128174, 54.8143157959, -4.33949136734, 55.2270812988, -28.4096183777, 28.4657173157], [224.020385742, -215.088256836, 62.1788635254, -97.6297225952, -52.4426765442, 173.486450195, -8.50654602051, 100.098434448, -80.1469116211, 14.9621982574, -33.8576316833, 37.9179534912, -27.0348091125], [-195.526351929, 262.632965088, -146.998733521, 62.4560165405, 59.412399292, -8.50654602051, 176.323059082, -51.5626449585, 53.6745223999, -67.2060241699, 52.415222168, -36.5187683105, 51.2207221985], [449.190826416, -285.862731934, 142.747283936, -150.709671021, -87.8100128174, 100.098434448, -51.5626449585, 187.917205811, -56.74036026, 60.6126899719, -79.9274291992, 51.4289855957, -54.1313781738], [-199.237579346, 222.13885498, -109.025672913, 109.924560547, 54.8143157959, -80.1469116211, 53.6745223999, -56.74036026, 123.165771484, -13.6549892426, 51.4939460754, -59.2735290527, 29.2429847717], [115.358016968, -163.083557129, 81.4283599854, -46.997253418, -4.33949136734, 14.9621982574, -67.2060241699, 60.6126899719, -13.6549892426, 96.7968978882, -13.2071247101, 37.5634536743, -36.7734069824], [-247.594192505, 177.041442871, -105.118690491, 102.105796814, 55.2270812988, -33.8576316833, 52.415222168, -79.9274291992, 51.4939460754, -13.2071247101, 97.2217330933, -14.1224393845, 44.3170089722], [134.171432495, -151.076049805, 66.813117981, -93.3429641724, -28.4096183777, 37.9179534912, -36.5187683105, 51.4289855957, -59.2735290527, 37.5634536743, -14.1224393845, 82.3840789795, -12.0429792404], [-171.640258789, 145.910583496, -82.326713562, 70.7691955566, 28.4657173157, -27.0348091125, 51.2207221985, -54.1313781738, 29.2429847717, -36.7734069824, 44.3170089722, -12.0429792404, 69.0300674438]],
        "icov": [[0.000185604207218, -0.000176974732312, 3.24610628013e-05, -0.000183428011951, 0.000350316811819, -3.01214331557e-05, 5.40165419807e-05, -0.000375420670025, 0.000163252159837, -9.9036777101e-05, 0.000219862922677, -0.000228415839956, 0.000268688425422], [-0.000176974732312, 0.0117902280763, 0.000591916381381, 0.00540632288903, -0.004347238224, 0.00621718913317, -0.00599039765075, 0.00380429509096, -0.0059902514331, 0.00721428822726, -0.00808662269264, 0.0083729121834, -0.00550915161148], [3.24610628013e-05, 0.000591916381381, 0.00769719621167, -0.00457161711529, -0.000179285198101, 0.00195031671319, 0.00168603274506, -0.00420591281727, 0.00421351287514, -0.000233018858125, 0.00398433627561, -0.00358634139411, 0.00389205524698], [-0.000183428011951, 0.00540632288903, -0.00457161711529, 0.0135076213628, -0.00559215852991, 0.00222734920681, -0.00136985548306, 0.00457743182778, -0.00561956688762, 0.00425649387762, -0.0113016758114, 0.0135503849015, -0.00913170818239], [0.000350316811819, -0.004347238224, -0.000179285198101, -0.00559215852991, 0.0134604694322, -0.00278885103762, -0.00263517280109, 0.00360799045302, 0.00101791869383, -0.00862334202975, 0.00592232588679, -0.00598606001586, 0.00384941929951], [-3.01214331557e-05, 0.00621718913317, 0.00195031671319, 0.00222734920681, -0.00278885103762, 0.0167048424482, -0.00446880655363, -0.00753445038572, 0.00774537120014, 0.00524042453617, -0.00987377949059, 0.00782950036228, -0.000858564046212], [5.40165419807e-05, -0.00599039765075, 0.00168603274506, -0.00136985548306, -0.00263517280109, -0.00446880655363, 0.0164045020938, -0.0065827742219, 0.000674162176438, 0.00537538528442, -0.00031165278051, -0.00342515856028, 0.00039425920113], [-0.000375420670025, 0.00380429509096, -0.00420591281727, 0.00457743182778, 0.00360799045302, -0.00753445038572, -0.0065827742219, 0.0245714411139, -0.0119720716029, -0.00720028067008, 0.00855701044202, -0.00173976027872, -0.00353053607978], [0.000163252159837, -0.0059902514331, 0.00421351287514, -0.00561956688762, 0.00101791869383, 0.00774537120014, 0.000674162176438, -0.0119720716029, 0.0314609371126, -0.00850030779839, -0.00409749289975, 0.00977974385023, 0.00305997952819], [-9.9036777101e-05, 0.00721428822726, -0.000233018858125, 0.00425649387762, -0.00862334202975, 0.00524042453617, 0.00537538528442, -0.00720028067008, -0.00850030779839, 0.0315045304596, -0.0139259751886, -0.00227679079399, 0.00476373173296], [0.000219862922677, -0.00808662269264, 0.00398433627561, -0.0113016758114, 0.00592232588679, -0.00987377949059, -0.00031165278051, 0.00855701044202, -0.00409749289975, -0.0139259751886, 0.0394867435098, -0.0199317969382, 9.96754461084e-05], [-0.000228415839956, 0.0083729121834, -0.00358634139411, 0.0135503849015, -0.00598606001586, 0.00782950036228, -0.00342515856028, -0.00173976027872, 0.00977974385023, -0.00227679079399, -0.0199317969382, 0.0425103604794, -0.0148662552238], [0.000268688425422, -0.00550915161148, 0.00389205524698, -0.00913170818239, 0.00384941929951, -0.000858564046212, 0.00039425920113, -0.00353053607978, 0.00305997952819, 0.00476373173296, 9.96754461084e-05, -0.0148662552238, 0.0344020351768]]
    },
    "melbands": {
        "dmean": [0.00158700172324, 0.00237991241738, 0.0013399295276, 0.000699327210896, 0.000579778512474, 0.000230293386267, 0.000200258684345, 0.000132307308377, 0.000121663884784, 0.000103860817035, 6.80921584717e-05, 5.04413874296e-05, 5.01383001392e-05, 5.14535495313e-05, 3.54249314114e-05, 2.57745305134e-05, 2.14178089664e-05, 1.84002128663e-05, 1.57735939865e-05, 1.94748263311e-05, 1.75133845914e-05, 1.48644385263e-05, 1.10549081e-05, 8.86878569872e-06, 8.91961008165e-06, 9.64560786088e-06, 5.99025815973e-06, 6.93283163855e-06, 6.2495291786e-06, 5.22693562743e-06, 7.29777093511e-06, 6.38337223791e-06, 4.27990426033e-06, 3.22905725625e-06, 2.21970276471e-06, 1.61351965744e-06, 9.91498268377e-07, 8.62765773491e-07, 9.16045053145e-07, 7.70774420289e-07],
        "dmean2": [0.00265344092622, 0.00401411717758, 0.00208209455013, 0.00117948104162, 0.000997190596536, 0.000374509108951, 0.000326583802234, 0.000216695712879, 0.000208231198485, 0.000167932987097, 0.000110132517875, 8.24375892989e-05, 8.21519861347e-05, 8.44880269142e-05, 5.64927140658e-05, 4.17892115365e-05, 3.55304728146e-05, 3.11697476718e-05, 2.57726951531e-05, 3.19708269672e-05, 2.86845624942e-05, 2.45315441134e-05, 1.84235541383e-05, 1.44389050547e-05, 1.50372943608e-05, 1.69541272044e-05, 1.04256805571e-05, 1.24154521473e-05, 1.10515566121e-05, 8.99961287359e-06, 1.28133797261e-05, 1.11390427264e-05, 7.21957940186e-06, 5.33306274519e-06, 3.59127716365e-06, 2.63792458099e-06, 1.55628902121e-06, 1.32098466565e-06, 1.41634257034e-06, 1.16095441172e-06],
        "dvar": [1.06447569124e-05, 9.88005558611e-06, 3.28336682287e-06, 1.21173388834e-06, 1.2539759382e-06, 1.75153672899e-07, 1.80430177465e-07, 4.16576213524e-08, 7.85777487522e-08, 7.28784783632e-08, 2.18876010649e-08, 2.00725072119e-08, 2.22260947425e-08, 1.4231328116e-08, 4.76943196048e-09, 2.39821429382e-09, 1.85439263944e-09, 1.0488592217e-09, 7.77235387162e-10, 8.95821916647e-10, 7.0056188628e-10, 4.64515759191e-10, 2.2576866765e-10, 1.64472213626e-10, 1.09869661979e-10, 1.63019861499e-10, 6.48408757242e-11, 1.4148028582e-10, 1.22771640076e-10, 5.221327537e-11, 1.76717668277e-10, 9.030141912e-11, 3.80155663893e-11, 3.12989703599e-11, 1.28585180698e-11, 8.17836857264e-12, 2.39533523225e-12, 2.22262009145e-12, 2.77562738418e-12, 2.58593038475e-12],
        "dvar2": [2.80356889562e-05, 2.64808841166e-05, 6.73549811836e-06, 3.27659290633e-06, 3.49646438735e-06, 4.3424620344e-07, 4.3478905809e-07, 1.04582717597e-07, 2.0443515325e-07, 1.80305974595e-07, 5.58549118068e-08, 5.27275503259e-08, 5.09853563813e-08, 3.68351003033e-08, 1.20600294196e-08, 6.1758327341e-09, 4.90704588074e-09, 2.54067411554e-09, 1.85698478816e-09, 2.17361395549e-09, 1.93630000922e-09, 1.20286058891e-09, 5.91126481098e-10, 4.18117651613e-10, 2.9065411189e-10, 4.64423666191e-10, 1.78316916788e-10, 3.94805244053e-10, 3.47089940123e-10, 1.42111628021e-10, 4.97968333235e-10, 2.54580495573e-10, 1.02219205322e-10, 8.31468643936e-11, 3.19077923805e-11, 2.15944432475e-11, 5.80965961103e-12, 4.38688408516e-12, 5.97300464297e-12, 5.5219474826e-12],
        "max": [0.0244918018579, 0.0265803672373, 0.0313546657562, 0.00894491560757, 0.0108216963708, 0.00634079193696, 0.00576832378283, 0.00243889307603, 0.00379762495868, 0.00547977583483, 0.00168178847525, 0.0027801997494, 0.00302644423209, 0.00138566643, 0.000903416250367, 0.000514632905833, 0.000707712490112, 0.000429219973739, 0.000429045205237, 0.000545993854757, 0.000371839647414, 0.000227378390264, 0.000165102406754, 0.000153188084369, 0.000113775531645, 0.000101694386103, 8.41864093672e-05, 8.79625731613e-05, 0.000122803627164, 7.07673825673e-05, 0.000125835940707, 7.29809617042e-05, 5.03372648382e-05, 4.81487622892e-05, 4.04210222769e-05, 3.25774490193e-05, 2.16194457607e-05, 2.98576305795e-05, 2.66294227913e-05, 2.18412169488e-05],
        "mean": [0.00190047873184, 0.00361449015327, 0.0021997129079, 0.00100152089726, 0.000767866673414, 0.000374615745386, 0.000272021075943, 0.000191327533685, 0.000137590483064, 0.00012520031305, 9.41518592299e-05, 7.15022106306e-05, 7.26193393348e-05, 7.62093914091e-05, 5.70538541069e-05, 4.03807862313e-05, 3.26435729221e-05, 2.92584682029e-05, 2.78076058748e-05, 3.70863090211e-05, 3.46753040503e-05, 2.6848003472e-05, 2.04196439881e-05, 1.46251222759e-05, 1.91835169971e-05, 1.72254603967e-05, 1.12060070023e-05, 9.84046710073e-06, 8.78958235262e-06, 1.04769551399e-05, 1.27565626826e-05, 1.10129103632e-05, 7.53952463128e-06, 5.3150797612e-06, 3.80085748475e-06, 2.75098091151e-06, 1.89856950783e-06, 1.59450996762e-06, 1.57499300713e-06, 1.24533198687e-06],
        "median": [0.00104277045466, 0.00255117705092, 0.00143786508124, 0.000627227302175, 0.000464331038529, 0.000230720790569, 0.000147261991515, 0.000112957612146, 3.77919350285e-05, 3.44833424606e-05, 2.45070841629e-05, 1.63403947226e-05, 1.86553843378e-05, 2.91846190521e-05, 2.60440174316e-05, 2.21392037929e-05, 1.67291109392e-05, 1.65955425473e-05, 1.83876218216e-05, 2.92468703265e-05, 2.66548977379e-05, 1.8640916096e-05, 1.45714220707e-05, 9.89609998214e-06, 1.7056505385e-05, 1.43770857903e-05, 9.21500395634e-06, 6.9796342359e-06, 6.08275058767e-06, 8.84310611582e-06, 1.03340807982e-05, 8.23730533739e-06, 5.16322779731e-06, 3.12224142363e-06, 2.31811281992e-06, 1.56869180046e-06, 1.1377788951e-06, 8.30893270631e-07, 7.67263713897e-07, 5.36212894531e-07],
        "min": [1.26535976142e-10, 2.09777820115e-10, 3.38686745316e-10, 2.3917148817e-10, 1.77994161077e-10, 1.38206793232e-10, 3.3181492276e-11, 8.08904852823e-12, 2.17611414999e-11, 7.24133773777e-12, 7.46997515927e-12, 4.27186931662e-12, 9.83782760117e-12, 1.10708473638e-11, 1.74992572516e-11, 9.83652048703e-12, 1.07286514742e-11, 9.43817246579e-12, 5.07895114854e-12, 6.87715769748e-12, 1.64107529649e-11, 2.15460774222e-11, 3.97784409578e-12, 1.73223414779e-12, 3.64937550665e-12, 7.85399609932e-12, 3.06308147249e-12, 9.08856215114e-13, 1.69547058684e-12, 3.25578669927e-12, 4.81432385277e-12, 3.1901456303e-12, 9.70604564603e-13, 6.93242067484e-13, 3.15749352662e-13, 3.09604420009e-13, 4.05596238019e-13, 2.10074132027e-13, 1.95878388379e-13, 1.29978371274e-13],
        "var": [9.53613107413e-06, 1.33132152769e-05, 7.8703114923e-06, 1.43700628996e-06, 1.13841019811e-06, 2.66847365538e-07, 2.04546850568e-07, 6.32162766578e-08, 9.1197598806e-08, 9.07445496523e-08, 3.35377094984e-08, 2.58489194493e-08, 3.35373826488e-08, 2.20020073272e-08, 9.41664968224e-09, 3.27362137398e-09, 2.54805199162e-09, 1.63770907946e-09, 1.32000932407e-09, 1.67264380124e-09, 1.19352050465e-09, 7.88135168239e-10, 3.8288031079e-10, 2.3897381296e-10, 1.79728287808e-10, 1.81365492069e-10, 8.5082933754e-11, 1.21580079337e-10, 9.99756250009e-11, 6.88920379077e-11, 1.67015914987e-10, 9.89787210526e-11, 5.70518077225e-11, 4.40122140122e-11, 2.10306581178e-11, 1.26797591524e-11, 5.36348396252e-12, 5.73609519258e-12, 6.15297222895e-12, 4.82692748618e-12]
    },
    "mfcc": {
        "mean": [-607.310974121, 102.006690979, 7.08172178268, 43.5030708313, 7.42797088623, 17.5485553741, -2.86851263046, 1.970490098, 0.804342031479, -5.40126657486, 1.54854905605, -0.19066016376, 1.33654880524],
        "cov": [[5835.72851562, -182.383499146, 263.310333252, -361.065704346, -157.951889038, -209.874710083, -41.3930511475, 137.450836182, 34.0731506348, 94.9736175537, -41.9163589478, 25.2018470764, -20.4746341705], [-182.383499146, 506.747192383, -277.601715088, 197.020080566, -67.9592971802, 73.6019363403, -7.81194448471, -10.1778783798, 34.8152542114, -56.9459609985, 39.4425354004, 1.19748830795, 2.86212301254], [263.310333252, -277.601715088, 324.743347168, -110.543899536, 38.2049064636, -81.6602554321, -6.97746419907, 18.2675666809, -13.3452796936, 38.5737228394, -43.2274284363, -12.540760994, 1.01312100887], [-361.065704346, 197.020080566, -110.543899536, 414.075134277, 74.5831756592, 99.3305740356, -35.9781455994, -81.2101974487, 9.119181633, -31.7380390167, 44.3600654602, 3.93780350685, 30.4672298431], [-157.951889038, -67.9592971802, 38.2049064636, 74.5831756592, 120.869216919, 23.2304458618, -16.9325523376, -44.2161216736, -15.8059873581, 6.66581678391, 10.0037050247, 9.15806484222, 11.741437912], [-209.874710083, 73.6019363403, -81.6602554321, 99.3305740356, 23.2304458618, 106.663665771, 39.1213874817, -7.77067422867, -12.9165315628, -19.1485137939, 10.3229074478, -3.67783308029, 7.33137893677], [-41.3930511475, -7.81194448471, -6.97746419907, -35.9781455994, -16.9325523376, 39.1213874817, 101.362487793, 48.7775535583, 6.98047542572, -12.9084768295, -9.21423339844, -4.71433401108, 5.63346385956], [137.450836182, -10.1778783798, 18.2675666809, -81.2101974487, -44.2161216736, -7.77067422867, 48.7775535583, 86.7192764282, 25.6815643311, 11.502286911, -18.9925403595, -6.40880727768, -6.50090694427], [34.0731506348, 34.8152542114, -13.3452796936, 9.119181633, -15.8059873581, -12.9165315628, 6.98047542572, 25.6815643311, 56.9332618713, 24.0663948059, 8.29026508331, -4.85498285294, -3.20105028152], [94.9736175537, -56.9459609985, 38.5737228394, -31.7380390167, 6.66581678391, -19.1485137939, -12.9084768295, 11.502286911, 24.0663948059, 66.67628479, 15.1672058105, 5.74501180649, -8.92917442322], [-41.9163589478, 39.4425354004, -43.2274284363, 44.3600654602, 10.0037050247, 10.3229074478, -9.21423339844, -18.9925403595, 8.29026508331, 15.1672058105, 51.558177948, 21.8568248749, 6.53650474548], [25.2018470764, 1.19748830795, -12.540760994, 3.93780350685, 9.15806484222, -3.67783308029, -4.71433401108, -6.40880727768, -4.85498285294, 5.74501180649, 21.8568248749, 46.3163757324, 21.3687725067], [-20.4746341705, 2.86212301254, 1.01312100887, 30.4672298431, 11.741437912, 7.33137893677, 5.63346385956, -6.50090694427, -3.20105028152, -8.92917442322, 6.53650474548, 21.3687725067, 47.7395133972]],
