{
"lowlevel": {
    "average_loudness": 0.969484269619,
    "barkbands_crest": {
        "dmean": 3.07860851288,
        "dmean2": 5.04365301132,
        "dvar": 10.6569452286,
        "dvar2": 26.8921642303,
        "max": 24.5614585876,
        "mean": 8.61264133453,
        "median": 7.37638378143,
        "min": 2.18140149117,
        "var": 17.7410755157
    },
    "barkbands_flatness_db": {
        "dmean": 0.0193314030766,
        "dmean2": 0.0310483016074,
        "dvar": 0.000467433856102,
        "dvar2": 0.00122632284183,
        "max": 0.27663642168,
        "mean": 0.100537501276,
        "median": 0.0942300707102,
        "min": 0.0336385965347,
        "var": 0.000937684148084
    },
    "barkbands_kurtosis": {
        "dmean": 1.89234375954,
        "dmean2": 3.2360599041,
        "dvar": 18.5236167908,
        "dvar2": 51.029209137,
        "max": 68.419921875,
        "mean": 1.02607762814,
        "median": -0.0460047721863,
        "min": -1.85969793797,
        "var": 15.7456445694
    },
    "barkbands_skewness": {
        "dmean": 0.512864768505,
        "dmean2": 0.822399377823,
        "dvar": 0.420102894306,
        "dvar2": 1.05623447895,
        "max": 7.71567964554,
        "mean": 1.11080420017,
        "median": 0.98409807682,
        "min": -1.64684808254,
        "var": 0.677451848984
    },
    "barkbands_spread": {
        "dmean": 8.46252441406,
        "dmean2": 13.2280702591,
        "dvar": 91.1158294678,
        "dvar2": 201.036727905,
        "max": 98.5028381348,
        "mean": 37.4436416626,
        "median": 35.895160675,
        "min": 3.17626023293,
        "var": 279.827850342
    },
    "dissonance": {
        "dmean": 0.0126624237746,
        "dmean2": 0.0214205347002,
        "dvar": 0.000150165331434,
        "dvar2": 0.000414536159951,
        "max": 0.499999791384,
        "mean": 0.477878987789,
        "median": 0.482590079308,
        "min": 0.363278448582,
        "var": 0.000302368600387
    },
    "dynamic_complexity": 2.75245499611,
    "erbbands_crest": {
        "dmean": 2.51922035217,
        "dmean2": 4.13130569458,
        "dvar": 6.60299444199,
        "dvar2": 17.2619609833,
        "max": 27.6814918518,
        "mean": 7.70145273209,
        "median": 6.43323516846,
        "min": 2.47129464149,
        "var": 17.2972240448
    },
    "erbbands_flatness_db": {
        "dmean": 0.0134349362925,
        "dmean2": 0.02028118819,
        "dvar": 0.000162462776643,
        "dvar2": 0.00034509782563,
        "max": 0.235784739256,
        "mean": 0.125425159931,
        "median": 0.123887561262,
        "min": 0.0659032166004,
        "var": 0.000660984835122
    },
    "erbbands_kurtosis": {
        "dmean": 0.614196360111,
        "dmean2": 0.998666644096,
        "dvar": 0.657521307468,
        "dvar2": 1.46521782875,
        "max": 10.8629465103,
        "mean": -0.251992106438,
        "median": -0.527682065964,
        "min": -1.64618861675,
        "var": 1.33742547035
    },
    "erbbands_skewness": {
        "dmean": 0.341171294451,
        "dmean2": 0.528191149235,
        "dvar": 0.102466478944,
        "dvar2": 0.234825283289,
        "max": 2.50256323814,
        "mean": -0.0543544776738,
        "median": -0.085012614727,
        "min": -2.83999872208,
        "var": 0.468471765518
    },
    "erbbands_spread": {
        "dmean": 8.68050098419,
        "dmean2": 13.5704374313,
        "dvar": 69.9500198364,
        "dvar2": 156.257629395,
        "max": 102.067771912,
        "mean": 48.6581268311,
        "median": 47.9602203369,
        "min": 12.4546718597,
        "var": 223.71005249
    },
    "hfc": {
        "dmean": 8.22146511078,
        "dmean2": 13.1644697189,
        "dvar": 123.90447998,
        "dvar2": 283.665130615,
        "max": 115.698204041,
        "mean": 34.8707504272,
        "median": 33.6253356934,
        "min": 1.20654139099e-16,
        "var": 417.105285645
    },
    "melbands_crest": {
        "dmean": 3.27082753181,
        "dmean2": 5.2861161232,
        "dvar": 9.23320007324,
        "dvar2": 22.6868858337,
        "max": 26.786693573,
        "mean": 12.5855445862,
        "median": 11.8131599426,
        "min": 2.11554193497,
        "var": 18.7046222687
    },
    "melbands_flatness_db": {
        "dmean": 0.02594348602,
        "dmean2": 0.0413184501231,
        "dvar": 0.000902230211068,
        "dvar2": 0.0022301862482,
        "max": 0.357708662748,
        "mean": 0.140220955014,
        "median": 0.130955651402,
        "min": 0.00765624083579,
        "var": 0.0018380045658
    },
    "melbands_kurtosis": {
        "dmean": 6.69698667526,
        "dmean2": 11.423784256,
        "dvar": 200.174728394,
        "dvar2": 535.225708008,
        "max": 190.418777466,
        "mean": 9.6020450592,
        "median": 6.17005205154,
        "min": -1.0323703289,
        "var": 179.267745972
    },
    "melbands_skewness": {
        "dmean": 0.774443387985,
        "dmean2": 1.24988079071,
        "dvar": 1.0524071455,
        "dvar2": 2.58080673218,
        "max": 11.2607650757,
        "mean": 2.54063940048,
        "median": 2.31021976471,
        "min": -0.156167760491,
        "var": 1.67708158493
    },
    "melbands_spread": {
        "dmean": 10.7266511917,
        "dmean2": 16.8580799103,
        "dvar": 142.330749512,
        "dvar2": 310.102478027,
        "max": 149.185180664,
        "mean": 36.0772399902,
        "median": 33.746307373,
        "min": 1.75484538078,
        "var": 360.718933105
    },
    "pitch_salience": {
        "dmean": 0.0771547928452,
        "dmean2": 0.127543777227,
        "dvar": 0.00608718255535,
        "dvar2": 0.0158255472779,
        "max": 0.924590885639,
        "mean": 0.581507027149,
        "median": 0.591987013817,
        "min": 0.14442756772,
        "var": 0.0113754319027
    },
    "silence_rate_20dB": {
        "dmean": 0,
        "dmean2": 0,
        "dvar": 0,
        "dvar2": 0,
        "max": 1,
        "mean": 1,
        "median": 1,
        "min": 1,
        "var": 0
    },
    "silence_rate_30dB": {
        "dmean": 0,
        "dmean2": 0,
        "dvar": 0,
        "dvar2": 0,
        "max": 1,
        "mean": 1,
        "median": 1,
        "min": 1,
        "var": 0
    },
    "silence_rate_60dB": {
        "dmean": 0.00772200757638,
        "dmean2": 0.0154559509829,
        "dvar": 0.00766236661002,
        "dvar2": 0.0167622156441,
        "max": 1,
        "mean": 0.0601851865649,
        "median": 0,
        "min": 0,
        "var": 0.0565645322204
    },
    "spectral_centroid": {
        "dmean": 317.011230469,
        "dmean2": 488.534881592,
        "dvar": 135334.796875,
        "dvar2": 237576.65625,
        "max": 10960.5058594,
        "mean": 2001.97497559,
        "median": 2021.35375977,
        "min": 536.972900391,
        "var": 383064.59375
    },
    "spectral_complexity": {
        "dmean": 4.34131288528,
        "dmean2": 7.11128282547,
        "dvar": 18.868844986,
        "dvar2": 43.6101417542,
        "max": 53,
        "mean": 30.7854938507,
        "median": 34,
        "min": 0,
        "var": 156.896942139
    },
    "spectral_decrease": {
        "dmean": 2.88452173258e-09,
        "dmean2": 4.6558423783e-09,
        "dvar": 1.92979086239e-17,
        "dvar2": 4.79170442554e-17,
        "max": -1.60899482014e-28,
        "mean": -7.83037990004e-09,
        "median": -7.12957159976e-09,
        "min": -3.47037065751e-08,
        "var": 2.77700512763e-17
    },
    "spectral_energy": {
        "dmean": 0.0112251378596,
        "dmean2": 0.0180825218558,
        "dvar": 0.000280385371298,
        "dvar2": 0.00069212471135,
        "max": 0.133133858442,
        "mean": 0.0327165424824,
        "median": 0.0305355042219,
        "min": 1.15509697935e-20,
        "var": 0.000429066945799
    },
    "spectral_energyband_high": {
        "dmean": 0.000840684515424,
        "dmean2": 0.00132543768268,
        "dvar": 1.79464677785e-06,
        "dvar2": 3.86054489354e-06,
        "max": 0.0146969296038,
        "mean": 0.002551632002,
        "median": 0.00201800744981,
        "min": 7.92174959109e-21,
        "var": 5.21121774e-06
    },
    "spectral_energyband_low": {
        "dmean": 0.00787814985961,
        "dmean2": 0.0132563076913,
        "dvar": 0.00028632505564,
        "dvar2": 0.000732209708076,
        "max": 0.122238516808,
        "mean": 0.0113068474457,
        "median": 0.00677475705743,
        "min": 7.85350221757e-23,
        "var": 0.000251766410656
    },
    "spectral_energyband_middle_high": {
        "dmean": 0.00189207156654,
        "dmean2": 0.00301891379058,
        "dvar": 5.9994467847e-06,
        "dvar2": 1.43926317833e-05,
        "max": 0.0377916805446,
        "mean": 0.00678083207458,
        "median": 0.00576503016055,
        "min": 2.21756398766e-21,
        "var": 2.50708617386e-05
    },
    "spectral_energyband_middle_low": {
        "dmean": 0.00550076784566,
        "dmean2": 0.00876668840647,
        "dvar": 6.48414134048e-05,
        "dvar2": 0.00016270064225,
        "max": 0.0787649899721,
        "mean": 0.0134173547849,
        "median": 0.00991586223245,
        "min": 3.10074665629e-22,
        "var": 0.000137677168823
    },
    "spectral_entropy": {
        "dmean": 0.103355683386,
        "dmean2": 0.153447493911,
        "dvar": 0.0121371326968,
        "dvar2": 0.022531086579,
        "max": 9.80059814453,
        "mean": 8.03151512146,
        "median": 8.02768707275,
        "min": 7.10613441467,
        "var": 0.0494444817305
    },
    "spectral_flux": {
        "dmean": 0.0284219570458,
        "dmean2": 0.0450430251658,
        "dvar": 0.00119298172649,
        "dvar2": 0.00263762311079,
        "max": 0.299947500229,
        "mean": 0.102967590094,
        "median": 0.0941579788923,
        "min": 1.07475438271e-10,
        "var": 0.00277884444222
    },
    "spectral_kurtosis": {
        "dmean": 0.656368136406,
        "dmean2": 1.08915448189,
        "dvar": 0.377945005894,
        "dvar2": 1.01939284801,
        "max": 6.5090265274,
        "mean": 2.02282953262,
        "median": 1.9435646534,
        "min": -1.1900562048,
        "var": 0.850848376751
    },
    "spectral_rms": {
        "dmean": 0.000860914762598,
        "dmean2": 0.00135367619805,
        "dvar": 1.18388788906e-06,
        "dvar2": 2.76737250715e-06,
        "max": 0.0113967843354,
        "mean": 0.00531213078648,
        "median": 0.00545808859169,
        "min": 3.35696856597e-12,
        "var": 3.69982058146e-06
    },
    "spectral_rolloff": {
        "dmean": 934.608703613,
        "dmean2": 1482.7154541,
        "dvar": 1670885.375,
        "dvar2": 3215830,
        "max": 19789.0136719,
        "mean": 2522.97338867,
        "median": 2088.72070312,
        "min": 86.1328125,
        "var": 4002180.75
    },
    "spectral_skewness": {
        "dmean": 0.128032580018,
        "dmean2": 0.202685683966,
        "dvar": 0.0127044711262,
        "dvar2": 0.029935002327,
        "max": 1.67193710804,
        "mean": 1.00730586052,
        "median": 1.0009663105,
        "min": 0.0602814666927,
        "var": 0.0408132188022
    },
    "spectral_spread": {
        "dmean": 477682.46875,
        "dmean2": 659203.9375,
        "dvar": 1.08012044288e+12,
        "dvar2": 1.04678581862e+12,
        "max": 40761112,
        "mean": 5153764,
        "median": 4861630.5,
        "min": 3243710.75,
        "var": 2.2719341527e+12
    },
    "spectral_strongpeak": {
        "dmean": 0.546011328697,
        "dmean2": 0.924017071724,
        "dvar": 0.640884101391,
        "dvar2": 1.59375476837,
        "max": 8.19871044159,
        "mean": 0.89350181818,
        "median": 0.430730462074,
        "min": 0,
        "var": 1.1593593359
    },
    "zerocrossingrate": {
        "dmean": 0.0145760439336,
        "dmean2": 0.0167502351105,
        "dvar": 0.00039682755596,
        "dvar2": 0.000452566629974,
        "max": 0.5,
        "mean": 0.0908335000277,
        "median": 0.083984375,
        "min": 0.02099609375,
        "var": 0.00173286616337
    },
    "barkbands": {
        "dmean": [0.000123766090837, 0.00655432976782, 0.00190725910943, 0.00128730142023, 0.00219365814701, 0.00163258996326, 0.00115043262485, 0.00131534133106, 0.00099818862509, 0.000523364462424, 0.000629648915492, 0.000446600839496, 0.000442267162725, 0.000424095662311, 0.000397305819206, 0.000238450724282, 0.000206728611374, 0.000191497485503, 0.000260259985225, 0.000281828775769, 0.000248908996582, 0.000269164564088, 0.000192762847291, 0.00016300608695, 9.64456048678e-05, 3.7165293179e-05, 2.85546786216e-08],
        "dmean2": [0.00020857922209, 0.0112752886489, 0.00339526217431, 0.00219119037502, 0.00356014166027, 0.00262909126468, 0.00182916910853, 0.00211703334935, 0.00159812613856, 0.000854054698721, 0.00098445173353, 0.00074887444498, 0.000709550746251, 0.00069337541936, 0.000620256760158, 0.000387522450183, 0.000347169669112, 0.00032878186903, 0.000447541940957, 0.000467668462079, 0.000417766917963, 0.000443156604888, 0.000311890093144, 0.000249068572884, 0.000135799360578, 5.30737779627e-05, 5.23487706516e-08],
        "dvar": [3.51204150206e-08, 0.000252403289778, 1.12224370241e-05, 5.24976985616e-06, 2.06352178793e-05, 1.30700900627e-05, 6.22530387773e-06, 1.30388871185e-05, 4.85511009174e-06, 1.85206977221e-06, 2.16093167182e-06, 1.04796856704e-06, 8.45067290811e-07, 9.34013996812e-07, 5.47441914023e-07, 1.32616207793e-07, 6.27968503863e-08, 9.64408428672e-08, 1.06983499393e-07, 1.20948115523e-07, 1.44254329371e-07, 1.69776996017e-07, 1.26549764445e-07, 1.4343829946e-07, 4.92253242612e-08, 5.46039036209e-09, 1.40006465487e-14],
        "dvar2": [9.03320795942e-08, 0.000663940329105, 3.1971540011e-05, 1.44117184391e-05, 5.11980942974e-05, 2.94873589155e-05, 1.4977788851e-05, 3.06789661408e-05, 1.22813044072e-05, 4.66048550152e-06, 5.07618506163e-06, 2.91246692541e-06, 2.05548326448e-06, 2.4877128908e-06, 1.30915168484e-06, 2.79594843278e-07, 1.56060806944e-07, 2.56985003944e-07, 2.62380780214e-07, 3.09997034265e-07, 3.8500439814e-07, 3.63541062143e-07, 3.06627015334e-07, 2.966991417e-07, 9.17143765378e-08, 1.05922426386e-08, 4.06267426927e-14],
        "max": [0.00191878434271, 0.111417800188, 0.0312315449119, 0.044126085937, 0.0490508042276, 0.0435665138066, 0.0244948863983, 0.0698738694191, 0.0343167595565, 0.0231416001916, 0.0240561384708, 0.0144382622093, 0.0148902442306, 0.0194910746068, 0.00917164143175, 0.00572025496513, 0.00386922154576, 0.00529454974458, 0.00545655563474, 0.00388406217098, 0.0048592146486, 0.00747254490852, 0.00516869779676, 0.0046985601075, 0.003103826195, 0.00107572553679, 1.51955168803e-06],
        "mean": [0.000190451275557, 0.00706502469257, 0.00281764823012, 0.00233056163415, 0.00351900677197, 0.00224157772027, 0.00160722213332, 0.00196003518067, 0.00157849618699, 0.000715183734428, 0.00100833259057, 0.000652362185065, 0.000715770816896, 0.000695112568792, 0.000705451820977, 0.000491709855851, 0.000441519106971, 0.00036979658762, 0.000628662179224, 0.00075576431118, 0.000597503851168, 0.000646902772132, 0.000405278988183, 0.000317438942147, 0.000190005725017, 6.97242794558e-05, 2.03189784997e-08],
        "median": [8.78012142493e-05, 0.00286614708602, 0.00189606542699, 0.00167606491596, 0.00202127592638, 0.000835915096104, 0.000485214841319, 0.000432735891081, 0.00066625571344, 0.000256014172919, 0.000334704294801, 0.000313909433316, 0.000328521884512, 0.000362853461411, 0.000351130845957, 0.000315899029374, 0.000368457986042, 0.000314102100674, 0.00056251877686, 0.000644749612547, 0.000488308665808, 0.000496586901136, 0.000274226651527, 0.000146419508383, 7.3576127761e-05, 2.47720818152e-05, 2.32364594233e-09],
        "min": [8.42397897187e-24, 3.37307835395e-23, 4.01675824481e-23, 7.57505705695e-25, 9.95004269925e-23, 2.6576774384e-23, 5.06293611098e-23, 7.0099183469e-23, 3.82967988113e-23, 4.7078524626e-23, 6.3552963242e-23, 1.08316951039e-22, 7.77477516141e-23, 1.02580815231e-22, 2.45011109484e-22, 2.9199261053e-22, 1.47267911179e-22, 5.13569149009e-22, 4.06283636759e-22, 4.11880661679e-22, 4.39773066726e-22, 5.53349650033e-22, 9.04951947953e-22, 9.94061978729e-22, 1.19196584905e-21, 1.46347910037e-21, 2.38403469178e-21],
        "var": [6.40434763e-08, 0.000192163948668, 1.11868566819e-05, 6.72204987495e-06, 2.89120580419e-05, 2.10285688809e-05, 1.08373678813e-05, 2.80173626379e-05, 9.55164796324e-06, 2.56607995652e-06, 4.59164266431e-06, 1.4280655023e-06, 1.57249348831e-06, 1.16844330478e-06, 1.18826039852e-06, 4.04057516334e-07, 1.40585825648e-07, 1.16896636371e-07, 2.0421983038e-07, 3.35382253525e-07, 2.74749652363e-07, 4.36139885096e-07, 2.58021344735e-07, 3.43220108334e-07, 1.28323634385e-07, 1.4023441075e-08, 7.96262131209e-15]
    },
    "erbbands": {
        "dmean": [0.159547105432, 1.56824064255, 2.42912650108, 2.98452591896, 6.24609231949, 7.93884325027, 12.4487733841, 13.3345775604, 11.9856739044, 24.6241798401, 27.7069015503, 20.1676559448, 17.4451446533, 20.955997467, 17.2295455933, 16.8363742828, 18.5465526581, 18.5372638702, 19.26404953, 18.4636898041, 12.142334938, 11.4525032043, 9.76761436462, 10.6698122025, 15.3483791351, 12.9093904495, 9.66878128052, 10.5109605789, 10.5329561234, 7.09412384033, 5.26556873322, 4.10454416275, 2.37857866287, 1.32056903839, 0.608445107937, 0.223161801696, 0.0590665489435, 0.00650281878188, 0.000124966987642, 1.69177692442e-05],
        "dmean2": [0.266546726227, 2.72815608978, 4.24139451981, 5.08126544952, 10.3149776459, 12.9191627502, 20.8354969025, 21.5266456604, 19.0378513336, 39.1937713623, 44.7813835144, 31.8184070587, 29.0926990509, 32.9371261597, 27.4018096924, 28.6096687317, 29.901966095, 29.65675354, 31.7899055481, 28.6741447449, 19.9810447693, 19.1357002258, 16.7098655701, 18.2989406586, 25.7948074341, 21.2636547089, 16.3364200592, 17.3256759644, 17.3201465607, 11.4720802307, 8.44609928131, 6.43096208572, 3.60704302788, 1.8947480917, 0.873300075531, 0.321146965027, 0.082957573235, 0.0097458967939, 0.000183241441846, 2.5844636184e-05],
        "dvar": [0.122228346765, 15.0795106888, 22.5058403015, 23.3847293854, 139.288040161, 290.892364502, 944.370727539, 1001.01525879, 981.089172363, 2715.07788086, 5839.72167969, 2155.79956055, 2001.94995117, 2963.90356445, 1285.89916992, 1724.89916992, 1500.58056641, 1174.92980957, 1613.15539551, 1272.00354004, 272.15814209, 204.974807739, 263.701568604, 255.523025513, 348.025085449, 256.765380859, 223.413833618, 236.024108887, 236.14666748, 134.141342163, 114.493728638, 87.2892913818, 35.786403656, 10.0974884033, 1.96352183819, 0.225597724319, 0.0137006808072, 0.000178880945896, 6.22281461915e-08, 5.39993105786e-10],
        "dvar2": [0.314949721098, 39.8977775574, 61.9047470093, 63.7569656372, 354.545684814, 694.293884277, 2486.1237793, 2350.00219727, 2381.22460938, 6684.23339844, 14496.8378906, 5456.25244141, 5411.36767578, 7047.25634766, 2972.02807617, 4842.45849609, 3724.81689453, 3036.28930664, 4352.42675781, 3020.35742188, 644.995483398, 516.430603027, 705.382568359, 654.60333252, 931.117492676, 612.530944824, 622.769348145, 585.441772461, 536.096313477, 301.163452148, 274.103729248, 188.575088501, 76.2734146118, 19.409526825, 3.71939110756, 0.423831194639, 0.0278186090291, 0.000402895442676, 1.38709097541e-07, 1.2672458638e-09],
        "max": [2.6749253273, 26.2462978363, 39.3847084045, 90.895942688, 112.821739197, 257.491485596, 482.333984375, 431.126708984, 400.943756104, 601.86114502, 1263.71557617, 678.168029785, 981.811950684, 1105.98474121, 505.839752197, 642.999084473, 676.452514648, 434.734954834, 652.684387207, 626.114379883, 254.669769287, 229.452316284, 282.017242432, 245.3097229, 264.870117188, 209.038589478, 180.485717773, 206.774780273, 267.161224365, 184.865951538, 164.745315552, 137.168823242, 82.6242675781, 45.6015586853, 19.0262947083, 7.69927930832, 1.96625804901, 0.148152500391, 0.00280090211891, 0.000212714483496],
        "mean": [0.19766305387, 1.59181082249, 3.21679186821, 6.17519617081, 9.47074317932, 11.7303266525, 17.8376674652, 16.81016922, 14.8812799454, 39.1769943237, 45.1483573914, 30.94622612, 26.6047992706, 35.1971168518, 29.7298564911, 26.2239246368, 32.4869537354, 35.2203063965, 33.1046218872, 36.901966095, 27.7638168335, 25.6068439484, 19.84856987, 25.179058075, 38.5619049072, 34.6645507812, 23.0287151337, 25.4554100037, 24.433971405, 16.4394798279, 10.8573331833, 7.75513839722, 4.60461139679, 2.51957893372, 1.13744020462, 0.420695930719, 0.105835795403, 0.0103873517364, 0.000231554047787, 5.39613574801e-05],
        "median": [0.0855452418327, 0.635387659073, 1.94683384895, 4.66796922684, 6.19031333923, 6.31711483002, 8.27621555328, 5.96821117401, 5.82866191864, 9.22699069977, 11.7906131744, 13.3706550598, 13.362701416, 13.1647386551, 13.1760673523, 12.6730079651, 15.8813343048, 18.3442192078, 19.2412223816, 18.8252105713, 20.4276313782, 21.3159408569, 17.0640087128, 22.9169979095, 34.0283508301, 29.2827339172, 18.7209796906, 20.876209259, 18.5140151978, 12.4690523148, 6.86209774017, 3.93615341187, 1.84943246841, 0.999722480774, 0.416397690773, 0.160095244646, 0.0351386219263, 0.00280095566995, 8.68081551744e-05, 4.82713512611e-05],
        "min": [3.09596300376e-22, 1.00847251109e-20, 4.91157003332e-20, 1.81947616889e-20, 6.91405441974e-20, 5.03841397973e-19, 3.19814882334e-19, 2.29705600414e-19, 4.86776300044e-19, 9.83236093327e-19, 1.60481703552e-18, 1.1222381084e-18, 1.52574694417e-18, 1.31438037737e-18, 3.0604718999e-18, 4.93087533022e-18, 3.68788591298e-18, 4.18977816324e-18, 7.1956400127e-18, 2.20000363699e-17, 1.07287947611e-17, 1.08443427937e-17, 2.98588444504e-17, 1.89610790241e-17, 2.1230492048e-17, 1.96215380755e-17, 2.30258147757e-17, 1.5047975405e-17, 1.6674376271e-17, 2.53717420063e-17, 2.62393303918e-17, 1.85208319954e-17, 1.72178306247e-17, 1.31037585127e-17, 9.2364037717e-18, 4.91606217981e-18, 2.50453849266e-18, 1.46545188816e-18, 3.39338231796e-19, 3.43243700434e-20],
        "var": [0.10881408304, 11.0607242584, 19.193983078, 37.6494789124, 159.654495239, 439.120361328, 1099.89257812, 1294.05981445, 996.130187988, 6643.51025391, 11919.6650391, 3416.92504883, 2356.09472656, 5772.43017578, 2661.28344727, 2221.32080078, 3047.65209961, 2432.47875977, 2168.99072266, 3338.32861328, 880.156616211, 476.482116699, 322.327331543, 377.190063477, 728.348205566, 760.685058594, 388.167907715, 528.361938477, 628.618652344, 288.573699951, 222.437576294, 177.80796814, 86.570854187, 25.1002655029, 4.64476776123, 0.551634967327, 0.0329343602061, 0.000345699430909, 1.27874017153e-07, 1.16183973553e-09]
    },
    "gfcc": {
        "mean": [40.5523262024, 69.4035797119, -118.605422974, 53.4688224792, -65.83984375, 21.8441905975, -34.8292388916, 10.8597860336, -26.2944011688, 7.13756656647, -20.3239040375, -0.231207385659, -12.8295125961],
        "cov": [[10056.6132812, -193.394119263, -193.046676636, 60.5789451599, -248.131546021, 126.928413391, -274.678771973, 8.10858154297, -118.812561035, 48.5070571899, -230.167816162, -14.9818611145, -103.960578918], [-193.394119263, 557.788208008, -248.630447388, 14.1564731598, 21.3126049042, -61.9904327393, 104.397491455, -32.9335594177, 55.8670730591, -28.5516777039, 65.1306228638, -51.2098274231, 48.9171485901], [-193.046676636, -248.630447388, 355.811676025, 30.0893154144, 35.8978157043, 0.578929424286, -66.1351318359, 46.3082275391, -14.2670021057, 28.6506519318, 3.70707035065, 47.8845367432, -22.2763175964], [60.5789451599, 14.1564731598, 30.0893154144, 222.682525635, 57.2245368958, 35.3920440674, -21.6864643097, -1.5118342638, 31.0585823059, -9.12292957306, 36.4679794312, -5.15196084976, 39.4592552185], [-248.131546021, 21.3126049042, 35.8978157043, 57.2245368958, 142.812225342, 40.1785736084, 53.4796562195, 22.3192996979, 18.9134426117, 11.4716997147, 7.49489784241, 11.4452629089, 15.3782310486], [126.928413391, -61.9904327393, 0.578929424286, 35.3920440674, 40.1785736084, 147.987365723, 74.1566390991, 25.9141921997, -8.56183052063, -6.96061086655, 20.6406135559, 5.23559236526, -5.21507358551], [-274.678771973, 104.397491455, -66.1351318359, -21.6864643097, 53.4796562195, 74.1566390991, 210.27204895, 50.3939094543, 0.443665921688, -22.401227951, 10.8065004349, 17.0758914948, -0.728857398033], [8.10858154297, -32.9335594177, 46.3082275391, -1.5118342638, 22.3192996979, 25.9141921997, 50.3939094543, 89.0613021851, 35.0415153503, 10.8099250793, -9.68772602081, 3.71163654327, -6.18408870697], [-118.812561035, 55.8670730591, -14.2670021057, 31.0585823059, 18.9134426117, -8.56183052063, 0.443665921688, 35.0415153503, 122.889923096, 38.1899871826, 5.85382270813, -30.2218532562, -2.82492017746], [48.5070571899, -28.5516777039, 28.6506519318, -9.12292957306, 11.4716997147, -6.96061086655, -22.401227951, 10.8099250793, 38.1899871826, 72.7976608276, 11.9980621338, 1.79972910881, -18.177312851], [-230.167816162, 65.1306228638, 3.70707035065, 36.4679794312, 7.49489784241, 20.6406135559, 10.8065004349, -9.68772602081, 5.85382270813, 11.9980621338, 89.7694473267, 18.2700252533, 16.1183338165], [-14.9818611145, -51.2098274231, 47.8845367432, -5.15196084976, 11.4452629089, 5.23559236526, 17.0758914948, 3.71163654327, -30.2218532562, 1.79972910881, 18.2700252533, 72.5459213257, 17.7810306549], [-103.960578918, 48.9171485901, -22.2763175964, 39.4592552185, 15.3782310486, -5.21507358551, -0.728857398033, -6.18408870697, -2.82492017746, -18.177312851, 16.1183338165, 17.7810306549, 70.1216049194]],
        "icov": [[0.000157009591931, -0.000314661214361, 0.000141226191772, -0.000267476483714, 0.000364485458704, -0.000587738817558, 0.000544886454009, -0.000388593733078, 0.000353780807927, -0.000422820448875, 0.000814505619928, -0.00055956596043, 0.000354729651008], [-0.000314661214361, 0.00616268999875, 0.00209843716584, 0.000746310455725, -0.0022797237616, 0.00587657326832, -0.00451324041933, 0.00199377210811, -0.00206665601581, 0.00256025907584, -0.00688401330262, 0.00530412280932, -0.00263521377929], [0.000141226191772, 0.00209843716584, 0.00610731821507, -0.00083450821694, -0.0021234373562, 0.00165393238422, 0.00228519970551, -0.00413080351427, 0.00114444002975, 0.000506516196765, -0.00214220187627, -0.00234086439013, 0.00266682729125], [-0.000267476483714, 0.000746310455725, -0.00083450821694, 0.00756884552538, -0.00324143376201, -0.000760885362979, 0.000953057548031, 0.00131488090847, -0.00294514303096, 0.00352441566065, -0.00391762983054, 0.00238184514455, -0.00356981460936], [0.000364485458704, -0.0022797237616, -0.0021234373562, -0.00324143376201, 0.0119112255052, -0.00382755836472, -0.00180033757351, 0.000315271550789, 0.000511596503202, -0.00507542304695, 0.00551366200671, -0.0022130839061, -0.00160888582468], [-0.000587738817558, 0.00587657326832, 0.00165393238422, -0.000760885362979, -0.00382755836472, 0.0159387681633, -0.00772159500048, 0.000355520518497, -6.36074546492e-05, 0.00288486410864, -0.00949375052005, 0.00662120291963, -0.000792834325694], [0.000544886454009, -0.00451324041933, 0.00228519970551, 0.000953057548031, -0.00180033757351, -0.00772159500048, 0.0143883731216, -0.00823078490794, 0.00190424348693, 0.00215994263999, 0.00380163756199, -0.0081344274804, 0.00521563459188], [-0.000388593733078, 0.00199377210811, -0.00413080351427, 0.00131488090847, 0.000315271550789, 0.000355520518497, -0.00823078490794, 0.0215113274753, -0.00786054972559, 0.0001582816476, 0.00104109488893, 0.00218107644469, -0.00331834307872], [0.000353780807927, -0.00206665601581, 0.00114444002975, -0.00294514303096, 0.000511596503202, -6.36074546492e-05, 0.00190424348693, -0.00786054972559, 0.0161678325385, -0.00905462540686, 0.00177413970232, 0.00402277242392, 7.29948296794e-05], [-0.000422820448875, 0.00256025907584, 0.000506516196765, 0.00352441566065, -0.00507542304695, 0.00288486410864, 0.00215994263999, 0.0001582816476, -0.00905462540686, 0.0244915802032, -0.00814519729465, -0.0019600901287, 0.00548213534057], [0.000814505619928, -0.00688401330262, -0.00214220187627, -0.00391762983054, 0.00551366200671, -0.00949375052005, 0.00380163756199, 0.00104109488893, 0.00177413970232, -0.00814519729465, 0.0241642128676, -0.0100021818653, 0.000691848050337], [-0.00055956596043, 0.00530412280932, -0.00234086439013, 0.00238184514455, -0.0022130839061, 0.00662120291963, -0.0081344274804, 0.00218107644469, 0.00402277242392, -0.0019600901287, -0.0100021818653, 0.0276391077787, -0.01058365684], [0.000354729651008, -0.00263521377929, 0.00266682729125, -0.00356981460936, -0.00160888582468, -0.000792834325694, 0.00521563459188, -0.00331834307872, 7.29948296794e-05, 0.00548213534057, 0.000691848050337, -0.01058365684, 0.023485423997]]
    },
    "melbands": {
        "dmean": [0.00167814060114, 0.00153445801698, 0.000575336744078, 0.000505827949382, 0.000401008641347, 0.000298748200294, 0.000192693230929, 0.000274265563348, 0.000224192612222, 0.000126751125208, 8.88492286322e-05, 8.52336961543e-05, 7.27784718038e-05, 4.37872840848e-05, 5.26101612195e-05, 4.14650530729e-05, 3.66900130757e-05, 3.57240969606e-05, 3.17403464578e-05, 1.85436419997e-05, 1.49453753693e-05, 1.36106946229e-05, 1.0248718354e-05, 9.80879849521e-06, 9.26766824705e-06, 1.17895069707e-05, 1.3234232938e-05, 8.7746166173e-06, 6.52145581626e-06, 6.76505078445e-06, 6.86698740537e-06, 6.63824812364e-06, 5.23967946719e-06, 4.02757541451e-06, 3.27432258018e-06, 3.12728593599e-06, 2.44339003075e-06, 1.82896144452e-06, 1.42212547871e-06, 1.09244308533e-06],
        "dmean2": [0.00286243483424, 0.00264060823247, 0.000967719068285, 0.000834786973428, 0.000654836825561, 0.000473761407193, 0.000304288609186, 0.000440335628809, 0.000361831916962, 0.000200320704607, 0.000147952348925, 0.000134093308588, 0.000115377020848, 7.16126378393e-05, 8.79132785485e-05, 6.61190060782e-05, 5.90683339396e-05, 5.9533300373e-05, 4.885346425e-05, 3.02060925605e-05, 2.49569511652e-05, 2.27260079555e-05, 1.77228284883e-05, 1.67920388776e-05, 1.59835035447e-05, 1.99977894226e-05, 2.22648050112e-05, 1.43426696013e-05, 1.10129585664e-05, 1.16220717246e-05, 1.12140105557e-05, 1.1009595255e-05, 8.53345409269e-06, 6.4939395088e-06, 5.30497027285e-06, 4.96815846418e-06, 3.91810681322e-06, 2.79983078144e-06, 2.11273982131e-06, 1.57238628162e-06],
        "dvar": [1.57707527251e-05, 1.08935519165e-05, 8.06466175618e-07, 1.19766434636e-06, 8.42122119593e-07, 4.52790516192e-07, 2.06884180898e-07, 3.66075397551e-07, 3.44949597775e-07, 7.93969974211e-08, 5.03259123263e-08, 4.66611354e-08, 2.49046507861e-08, 8.76077166367e-09, 1.8417372516e-08, 6.65569155345e-09, 5.29653165771e-09, 6.64964794339e-09, 3.37691763441e-09, 1.16254006421e-09, 3.86436604938e-10, 2.76880324224e-10, 2.65085509099e-10, 2.44351261447e-10, 1.92023869028e-10, 2.04841338336e-10, 2.81166950833e-10, 1.25360277714e-10, 1.06474218331e-10, 9.7422715728e-11, 9.20114401337e-11, 9.52940643062e-11, 6.65607430284e-11, 4.140334256e-11, 4.14210783728e-11, 4.91712677519e-11, 3.35561405052e-11, 2.21475286027e-11, 1.13640858876e-11, 6.93707331162e-12],
        "dvar2": [4.12793924625e-05, 2.84997004201e-05, 2.16447847379e-06, 2.99240423374e-06, 2.18866966861e-06, 1.03651348127e-06, 4.96290454066e-07, 8.76151148077e-07, 8.59300428147e-07, 2.00065571221e-07, 1.34915197236e-07, 1.10224007699e-07, 5.64084920995e-08, 2.2532525179e-08, 4.96397944971e-08, 1.55887835973e-08, 1.39409488398e-08, 1.78871104595e-08, 7.48244843862e-09, 2.67479949301e-09, 9.40415190165e-10, 6.75865641231e-10, 7.3596856387e-10, 6.19588214068e-10, 4.95607055395e-10, 5.39185973647e-10, 7.63979046692e-10, 2.9693558723e-10, 2.93130603124e-10, 2.67359800965e-10, 2.27273519449e-10, 2.28038948835e-10, 1.50297094215e-10, 9.83661971321e-11, 1.03257298545e-10, 1.1733647387e-10, 7.12336301056e-11, 4.99471887461e-11, 2.29377680044e-11, 1.35942567966e-11],
        "max": [0.0291022453457, 0.0212836563587, 0.0165649298579, 0.0119979269803, 0.0150754554197, 0.00857118051499, 0.00554338749498, 0.00939053855836, 0.0083017591387, 0.00369378970936, 0.00485023949295, 0.00413736701012, 0.00219059665687, 0.00118516141083, 0.00236002262682, 0.00108711456414, 0.00105611013714, 0.00158539612312, 0.000874285178725, 0.000582202512305, 0.000313054944854, 0.000328344234731, 0.000175216511707, 0.000310343952151, 0.000219984853175, 0.000245484494371, 0.000239149696426, 0.000175158449565, 0.000145440775668, 0.000119939490105, 0.000114642898552, 0.000157906441018, 0.000138627758133, 8.91679301276e-05, 0.00010339912842, 0.000110214197775, 6.77620846545e-05, 6.36747499811e-05, 5.23563903698e-05, 3.88026601286e-05],
        "mean": [0.00189776474144, 0.00188573729247, 0.00117624469567, 0.00075136841042, 0.000612368166912, 0.00038789404789, 0.000249737262493, 0.000442783813924, 0.000363773317076, 0.000190057529835, 0.000130495405756, 0.000137957831612, 0.000120670221804, 6.4461841248e-05, 7.90849735495e-05, 7.0127141953e-05, 6.49385619909e-05, 5.22404116055e-05, 5.66604066989e-05, 3.79966513719e-05, 3.07933732984e-05, 2.77793424175e-05, 1.89206821233e-05, 1.78371883521e-05, 1.98756115424e-05, 2.65358430624e-05, 3.02859280055e-05, 2.10044545383e-05, 1.37540273499e-05, 1.45712228914e-05, 1.47546952576e-05, 1.45120984598e-05, 1.10806804514e-05, 8.37344305182e-06, 6.2667381826e-06, 5.65590653423e-06, 4.30115869676e-06, 3.36046196026e-06, 2.56135558629e-06, 1.97923782252e-06],
        "median": [0.000779262220021, 0.00101082504261, 0.000961770303547, 0.000438898743596, 0.000301939726342, 0.000138082366902, 9.41112521105e-05, 0.000100494609796, 8.76930134837e-05, 8.46286857268e-05, 6.05417444604e-05, 4.89071462653e-05, 4.57394926343e-05, 3.1971881981e-05, 2.97014739772e-05, 3.48413159372e-05, 3.17817939504e-05, 2.67337090918e-05, 2.65866619884e-05, 2.11955921259e-05, 2.26766005653e-05, 2.26347146963e-05, 1.49098550537e-05, 1.47184719026e-05, 1.75537061295e-05, 2.36156829487e-05, 2.48840224231e-05, 1.70528855961e-05, 1.0865744116e-05, 1.17138733913e-05, 1.12734551294e-05, 1.06941333797e-05, 8.14724808151e-06, 6.13722113485e-06, 3.80259848498e-06, 3.11265466735e-06, 1.98979614652e-06, 1.35918276101e-06, 9.30136934585e-07, 7.95634377937e-07],
        "min": [6.26276830427e-24, 2.21952973437e-23, 3.19976853186e-24, 2.1092465065e-23, 1.4490098452e-23, 4.76234026861e-24, 8.8121316694e-24, 1.1835660392e-23, 1.22829066599e-23, 6.18726839918e-24, 7.5338448925e-24, 4.82898560447e-24, 8.08821294934e-24, 1.19863785788e-23, 1.42847753133e-23, 6.20949416076e-24, 7.55750756421e-24, 9.86188780864e-24, 2.2503399592e-23, 2.61635643087e-23, 1.00856773923e-23, 7.26063790633e-24, 2.40532683016e-23, 2.38100845726e-23, 1.44309449281e-23, 1.39634328235e-23, 1.638559079e-23, 1.17634101994e-23, 1.64247593116e-23, 8.59569348055e-24, 9.47815983193e-24, 1.01377295902e-23, 9.46309811066e-24, 1.56682290818e-23, 1.58953658022e-23, 1.19478640228e-23, 1.13226988552e-23, 1.15379853071e-23, 1.09927278049e-23, 1.13363161721e-23],
        "var": [1.25017404571e-05, 8.93142168934e-06, 1.12951079245e-06, 1.45074955071e-06, 1.07060634491e-06, 6.50954120829e-07, 2.39796406731e-07, 9.05775095816e-07, 7.54467123443e-07, 1.19071032145e-07, 6.23607476768e-08, 8.91127740488e-08, 5.51332490772e-08, 1.13175779859e-08, 3.07771870212e-08, 1.22698233795e-08, 9.29583165998e-09, 7.53098916562e-09, 8.44287484369e-09, 3.28617866252e-09, 1.04407293922e-09, 6.37932207059e-10, 3.29103272412e-10, 3.04044206478e-10, 2.66060534715e-10, 3.80833004021e-10, 5.74260916597e-10, 3.48975182085e-10, 1.69572411668e-10, 1.65279540054e-10, 2.011024125e-10, 2.45248793496e-10, 1.38965047802e-10, 8.2602431839e-11, 7.83688530737e-11, 8.25951321226e-11, 6.72983890837e-11, 4.84710223347e-11, 2.75212699852e-11, 1.65984274936e-11]
    },
    "mfcc": {
        "mean": [-593.238647461, 87.7234725952, 5.61171674728, 31.1191368103, -2.08241558075, 12.55585289, 1.96319150925, 4.03206253052, 1.02848470211, 4.67773246765, 0.0146757951006, -2.80072879791, 0.0478001981974],
        "cov": [[6808.56542969, 75.0736465454, -73.4519577026, -16.2852745056, -49.9076347351, 95.5133361816, -128.01335144, -43.336227417, -18.3085842133, 43.9048156738, -54.1874923706, -68.7334899902, -79.6933059692], [75.0736465454, 439.471801758, -167.387176514, 32.0020217896, -91.3511123657, -14.4496774673, 16.0617198944, 0.184128060937, 10.6835517883, 10.3626585007, 5.14502382278, 5.43113470078, 28.7878265381], [-73.4519577026, -167.387176514, 249.637908936, 13.9131336212, 79.3084182739, -32.0540084839, -15.4285182953, -11.4395942688, -29.9331378937, -17.3377132416, 4.20083284378, 15.6523752213, 6.73334503174], [-16.2852745056, 32.0020217896, 13.9131336212, 161.203887939, 58.7385559082, 6.69847583771, -12.5057506561, 1.42479038239, 16.6355609894, -0.0145369246602, -2.63773226738, -2.55384922028, 14.5196943283], [-49.9076347351, -91.3511123657, 79.3084182739, 58.7385559082, 160.435974121, 11.48711586, -26.5244350433, -26.4643516541, 0.100834652781, 18.894613266, 2.17391419411, 4.19823789597, 0.986005187035], [95.5133361816, -14.4496774673, -32.0540084839, 6.69847583771, 11.48711586, 101.566314697, 52.595615387, 32.6026153564, 1.05134606361, 11.2541332245, 18.1592178345, 5.35543203354, -9.08058834076], [-128.01335144, 16.0617198944, -15.4285182953, -12.5057506561, -26.5244350433, 52.595615387, 152.861022949, 79.0635147095, 5.84587669373, -20.0358314514, 3.65773153305, 8.58947563171, -3.05723905563], [-43.336227417, 0.184128060937, -11.4395942688, 1.42479038239, -26.4643516541, 32.6026153564, 79.0635147095, 117.98979187, 41.7991294861, 6.31767511368, 5.63090848923, 6.16630649567, 4.76437568665], [-18.3085842133, 10.6835517883, -29.9331378937, 16.6355609894, 0.100834652781, 1.05134606361, 5.84587669373, 41.7991294861, 90.0905914307, 39.9851226807, 9.65226840973, -4.15200233459, 5.82592868805], [43.9048156738, 10.3626585007, -17.3377132416, -0.0145369246602, 18.894613266, 11.2541332245, -20.0358314514, 6.31767511368, 39.9851226807, 77.281791687, 34.0461387634, 12.1903686523, 2.53116321564], [-54.1874923706, 5.14502382278, 4.20083284378, -2.63773226738, 2.17391419411, 18.1592178345, 3.65773153305, 5.63090848923, 9.65226840973, 34.0461387634, 73.5776519775, 33.3108444214, 5.70691680908], [-68.7334899902, 5.43113470078, 15.6523752213, -2.55384922028, 4.19823789597, 5.35543203354, 8.58947563171, 6.16630649567, -4.15200233459, 12.1903686523, 33.3108444214, 61.81665802, 28.4810714722], [-79.6933059692, 28.7878265381, 6.73334503174, 14.5196943283, 0.986005187035, -9.08058834076, -3.05723905563, 4.76437568665, 5.82592868805, 2.53116321564, 5.70691680908, 28.4810714722, 64.5767669678]],
