{
"lowlevel": {
    "average_loudness": 0.491407752037,
    "barkbands_crest": {
        "dmean": 1.59021651745,
        "dmean2": 2.50624680519,
        "dvar": 2.55308151245,
        "dvar2": 6.04908800125,
        "max": 22.3399448395,
        "mean": 8.87417411804,
        "median": 8.65998363495,
        "min": 2.20497179031,
        "var": 8.92164230347
    },
    "barkbands_flatness_db": {
        "dmean": 0.0209172721952,
        "dmean2": 0.0311318598688,
        "dvar": 0.000691129476763,
        "dvar2": 0.0013995579211,
        "max": 0.425128996372,
        "mean": 0.241794273257,
        "median": 0.223476409912,
        "min": 0.0219654273242,
        "var": 0.00580355618149
    },
    "barkbands_kurtosis": {
        "dmean": 1.84493601322,
        "dmean2": 2.63683485985,
        "dvar": 7.94113349915,
        "dvar2": 15.1841058731,
        "max": 38.3867988586,
        "mean": 3.35471701622,
        "median": 1.0201716423,
        "min": -1.87261390686,
        "var": 29.0660705566
    },
    "barkbands_skewness": {
        "dmean": 0.36793333292,
        "dmean2": 0.526318430901,
        "dvar": 0.154088929296,
        "dvar2": 0.307490944862,
        "max": 4.5901761055,
        "mean": 1.26704907417,
        "median": 1.20455098152,
        "min": -2.06078505516,
        "var": 0.872027993202
    },
    "barkbands_spread": {
        "dmean": 3.4912340641,
        "dmean2": 5.06660461426,
        "dvar": 28.4678134918,
        "dvar2": 53.5399284363,
        "max": 95.0963134766,
        "mean": 15.5103349686,
        "median": 15.4930534363,
        "min": 1.27572572231,
        "var": 111.384025574
    },
    "dissonance": {
        "dmean": 0.0238078162074,
        "dmean2": 0.0397509001195,
        "dvar": 0.000865052687004,
        "dvar2": 0.00236839521676,
        "max": 0.49811321497,
        "mean": 0.45010086894,
        "median": 0.45821672678,
        "min": 0.0143349245191,
        "var": 0.0013874740107
    },
    "dynamic_complexity": 5.30611515045,
    "erbbands_crest": {
        "dmean": 2.01866030693,
        "dmean2": 3.27898907661,
        "dvar": 3.77174568176,
        "dvar2": 8.81941795349,
        "max": 25.2816867828,
        "mean": 9.666472435,
        "median": 9.30981826782,
        "min": 2.76511001587,
        "var": 12.0633993149
    },
    "erbbands_flatness_db": {
        "dmean": 0.0142851620913,
        "dmean2": 0.020938558504,
        "dvar": 0.000276351434877,
        "dvar2": 0.000634427648038,
        "max": 0.350276887417,
        "mean": 0.249051332474,
        "median": 0.25697183609,
        "min": 0.0896085873246,
        "var": 0.00194488826673
    },
    "erbbands_kurtosis": {
        "dmean": 0.911599874496,
        "dmean2": 1.37899434566,
        "dvar": 2.99986767769,
        "dvar2": 5.49077177048,
        "max": 21.2884063721,
        "mean": 0.695933043957,
        "median": -0.321080327034,
        "min": -1.80910611153,
        "var": 9.19936466217
    },
    "erbbands_skewness": {
        "dmean": 0.325968265533,
        "dmean2": 0.475928455591,
        "dvar": 0.166755795479,
        "dvar2": 0.294433146715,
        "max": 3.65166664124,
        "mean": 0.366890400648,
        "median": 0.0746784359217,
        "min": -2.31058716774,
        "var": 0.85999417305
    },
    "erbbands_spread": {
        "dmean": 5.23358726501,
        "dmean2": 7.87552261353,
        "dvar": 49.817489624,
        "dvar2": 99.6425857544,
        "max": 149.608230591,
        "mean": 28.9191761017,
        "median": 26.1750068665,
        "min": 4.69199132919,
        "var": 198.401504517
    },
    "hfc": {
        "dmean": 4.3122086525,
        "dmean2": 5.82949829102,
        "dvar": 93.6142578125,
        "dvar2": 177.482849121,
        "max": 149.926345825,
        "mean": 11.4888277054,
        "median": 3.90324020386,
        "min": 1.18833137376e-16,
        "var": 375.255218506
    },
    "melbands_crest": {
        "dmean": 2.09129238129,
        "dmean2": 3.25763010979,
        "dvar": 5.01103448868,
        "dvar2": 12.0127439499,
        "max": 29.4570789337,
        "mean": 12.4287309647,
        "median": 12.0892925262,
        "min": 1.55023229122,
        "var": 14.9686393738
    },
    "melbands_flatness_db": {
        "dmean": 0.0253507290035,
        "dmean2": 0.0329208113253,
        "dvar": 0.00126807705965,
        "dvar2": 0.00226716115139,
        "max": 0.537994921207,
        "mean": 0.288546621799,
        "median": 0.266398072243,
        "min": 0.00409869384021,
        "var": 0.0122047392651
    },
    "melbands_kurtosis": {
        "dmean": 3.67813706398,
        "dmean2": 5.29183959961,
        "dvar": 32.1036262512,
        "dvar2": 66.828994751,
        "max": 103.708030701,
        "mean": 8.98404121399,
        "median": 5.42606973648,
        "min": -1.2917778492,
        "var": 120.028282166
    },
    "melbands_skewness": {
        "dmean": 0.449939936399,
        "dmean2": 0.662636160851,
        "dvar": 0.255678832531,
        "dvar2": 0.54184037447,
        "max": 9.14542579651,
        "mean": 2.07712936401,
        "median": 1.97843110561,
        "min": -0.698507487774,
        "var": 1.2728792429
    },
    "melbands_spread": {
        "dmean": 5.20062732697,
        "dmean2": 7.34239959717,
        "dvar": 70.4929275513,
        "dvar2": 126.397491455,
        "max": 140.272354126,
        "mean": 19.9421272278,
        "median": 17.7601833344,
        "min": 1.25458455086,
        "var": 283.752441406
    },
    "pitch_salience": {
        "dmean": 0.0477416478097,
        "dmean2": 0.0712422952056,
        "dvar": 0.00202336907387,
        "dvar2": 0.00442496314645,
        "max": 0.95335495472,
        "mean": 0.564265191555,
        "median": 0.575179159641,
        "min": 0.26626637578,
        "var": 0.00703892018646
    },
    "silence_rate_20dB": {
        "dmean": 0,
        "dmean2": 0,
        "dvar": 0,
        "dvar2": 0,
        "max": 1,
        "mean": 1,
        "median": 1,
        "min": 1,
        "var": 0
    },
    "silence_rate_30dB": {
        "dmean": 0.00310318078846,
        "dmean2": 0.00621118023992,
        "dvar": 0.00309355021454,
        "dvar2": 0.00617261184379,
        "max": 1,
        "mean": 0.993023276329,
        "median": 1,
        "min": 0,
        "var": 0.00692806113511
    },
    "silence_rate_60dB": {
        "dmean": 0.0527540743351,
        "dmean2": 0.104813665152,
        "dvar": 0.0499718114734,
        "dvar2": 0.0969338193536,
        "max": 1,
        "mean": 0.244961246848,
        "median": 0,
        "min": 0,
        "var": 0.18495862186
    },
    "spectral_centroid": {
        "dmean": 199.369598389,
        "dmean2": 273.819061279,
        "dvar": 119093.125,
        "dvar2": 212720.9375,
        "max": 11251.6044922,
        "mean": 1019.79119873,
        "median": 930.529541016,
        "min": 178.212738037,
        "var": 598284.125
    },
    "spectral_complexity": {
        "dmean": 2.26221871376,
        "dmean2": 3.4192545414,
        "dvar": 7.30750656128,
        "dvar2": 12.8754835129,
        "max": 52,
        "mean": 12.5868215561,
        "median": 12,
        "min": 0,
        "var": 71.7944259644
    },
    "spectral_decrease": {
        "dmean": 1.00349450971e-09,
        "dmean2": 1.37779232467e-09,
        "dvar": 4.40489806206e-18,
        "dvar2": 7.46617025921e-18,
        "max": 1.69240528121e-28,
        "mean": -3.54620799392e-09,
        "median": -1.71796121773e-09,
        "min": -4.58751152621e-08,
        "var": 2.4171239894e-17
    },
    "spectral_energy": {
        "dmean": 0.00412254733965,
        "dmean2": 0.00566657399759,
        "dvar": 7.39154857001e-05,
        "dvar2": 0.00012522705947,
        "max": 0.186075851321,
        "mean": 0.0144262770191,
        "median": 0.00689682643861,
        "min": 1.08734175912e-20,
        "var": 0.000405782921007
    },
    "spectral_energyband_high": {
        "dmean": 0.000204382275115,
        "dmean2": 0.000299890962197,
        "dvar": 3.8085693177e-07,
        "dvar2": 9.07232561076e-07,
        "max": 0.0105361156166,
        "mean": 0.000362099031918,
        "median": 2.56146104221e-05,
        "min": 7.75526576032e-21,
        "var": 8.39355209337e-07
    },
    "spectral_energyband_low": {
        "dmean": 0.00075941713294,
        "dmean2": 0.00109269993845,
        "dvar": 3.42952353094e-06,
        "dvar2": 7.45161742088e-06,
        "max": 0.0344625934958,
        "mean": 0.00296554039232,
        "median": 0.00162504531909,
        "min": 1.69391644639e-23,
        "var": 1.39499888974e-05
    },
    "spectral_energyband_middle_high": {
        "dmean": 0.00170106533915,
        "dmean2": 0.00232853856869,
        "dvar": 1.5296132915e-05,
        "dvar2": 2.75156908174e-05,
        "max": 0.0604838058352,
        "mean": 0.00389907020144,
        "median": 0.00156246847473,
        "min": 1.43112272709e-21,
        "var": 4.32192464359e-05
    },
    "spectral_energyband_middle_low": {
        "dmean": 0.00260773743503,
        "dmean2": 0.00374763458967,
        "dvar": 4.10373322666e-05,
        "dvar2": 7.30813990231e-05,
        "max": 0.151562824845,
        "mean": 0.00807114876807,
        "median": 0.00308980722912,
        "min": 2.50243264148e-22,
        "var": 0.000193497995497
    },
    "spectral_entropy": {
        "dmean": 0.190549373627,
        "dmean2": 0.270043939352,
        "dvar": 0.0840176343918,
        "dvar2": 0.186547726393,
        "max": 9.81163787842,
        "mean": 6.65651321411,
        "median": 6.79545402527,
        "min": 4.99549388885,
        "var": 0.557171165943
    },
    "spectral_flux": {
        "dmean": 0.0162122454494,
        "dmean2": 0.0265289843082,
        "dvar": 0.000719293486327,
        "dvar2": 0.00186951435171,
        "max": 0.333658695221,
        "mean": 0.0418667383492,
        "median": 0.0310474783182,
        "min": 6.89773516083e-11,
        "var": 0.00166189484298
    },
    "spectral_kurtosis": {
        "dmean": 7.56779670715,
        "dmean2": 12.8807973862,
        "dvar": 81.9520263672,
        "dvar2": 200.118637085,
        "max": 105.385398865,
        "mean": 13.1292352676,
        "median": 8.3836145401,
        "min": -1.20740556717,
        "var": 203.813369751
    },
    "spectral_rms": {
        "dmean": 0.000458336784504,
        "dmean2": 0.000613352400251,
        "dvar": 5.291897196e-07,
        "dvar2": 8.41955397846e-07,
        "max": 0.013473582454,
        "mean": 0.00316182663664,
        "median": 0.00259395665489,
        "min": 3.25702507499e-12,
        "var": 4.07724883189e-06
    },
    "spectral_rolloff": {
        "dmean": 330.949249268,
        "dmean2": 551.253540039,
        "dvar": 622106.8125,
        "dvar2": 1249329.875,
        "max": 19315.2832031,
        "mean": 1255.93676758,
        "median": 1119.7265625,
        "min": 172.265625,
        "var": 2088759.75
    },
    "spectral_skewness": {
        "dmean": 0.635724067688,
        "dmean2": 1.04993999004,
        "dvar": 0.501766860485,
        "dvar2": 1.09786295891,
        "max": 8.27759361267,
        "mean": 2.17838859558,
        "median": 1.7497253418,
        "min": -0.109606318176,
        "var": 1.85676002502
    },
    "spectral_spread": {
        "dmean": 369439.8125,
        "dmean2": 544055.5625,
        "dvar": 1.20410341376e+12,
        "dvar2": 2.16045335347e+12,
        "max": 41085788,
        "mean": 2602970.5,
        "median": 2097858.25,
        "min": 646971,
        "var": 5.1962928169e+12
    },
    "spectral_strongpeak": {
        "dmean": 0.321347802877,
        "dmean2": 0.522618293762,
        "dvar": 0.390632212162,
        "dvar2": 0.914581120014,
        "max": 6.84811973572,
        "mean": 0.675231456757,
        "median": 0.341061592102,
        "min": 0,
        "var": 0.804585397243
    },
    "zerocrossingrate": {
        "dmean": 0.00822615623474,
        "dmean2": 0.00863855984062,
        "dvar": 0.000226357777137,
        "dvar2": 0.000291015137918,
        "max": 0.5087890625,
        "mean": 0.0440959595144,
        "median": 0.03955078125,
        "min": 0.00341796875,
        "var": 0.00167564232834
    },
    "barkbands": {
        "dmean": [5.46770525034e-06, 0.000234113103943, 0.000367436354281, 0.000651592039503, 0.00074117037002, 0.000392981659388, 0.00172780279536, 0.000123354970128, 0.000213936698856, 0.00037397822598, 0.000123761710711, 0.00019003302441, 0.000710434105713, 8.1213300291e-05, 0.00020436932391, 0.000312923802994, 6.80109660607e-05, 8.85238187038e-05, 0.000151673943037, 6.72124588164e-05, 9.93754729279e-05, 2.38694010477e-05, 4.61116505903e-05, 2.67945943051e-05, 3.15017700814e-06, 3.87362719678e-09, 2.64776511827e-09],
        "dmean2": [9.57754127739e-06, 0.000386971601984, 0.000489511119667, 0.00102109031286, 0.0012878626585, 0.000558448024094, 0.00239578494802, 0.00020735389262, 0.000309647963149, 0.000566625909414, 0.000204116338864, 0.000336802040692, 0.000956378644332, 0.000124977887026, 0.000319542159559, 0.000456147448858, 0.000110523382318, 0.000135745984153, 0.000220880348934, 9.94071306195e-05, 0.000147972459672, 3.67550601368e-05, 7.24147175788e-05, 3.94183734898e-05, 4.97942210131e-06, 6.02818950313e-09, 4.22462287375e-09],
        "dvar": [2.28331187291e-10, 1.76070187763e-07, 1.01410080333e-06, 3.79088919544e-06, 5.53198515263e-06, 1.41215070926e-06, 2.53849866567e-05, 6.7487491151e-07, 2.21632672037e-06, 5.83743599236e-07, 1.1256693e-07, 2.39544169744e-06, 2.92146455649e-06, 3.60211025452e-08, 1.73164892203e-07, 5.72784813357e-07, 2.19930864631e-08, 5.94224509598e-08, 1.98457598799e-07, 9.19065783478e-08, 8.71162910698e-08, 7.26222504355e-09, 3.00461842073e-08, 2.05077768101e-08, 3.3925351417e-10, 2.5028644098e-15, 2.60248903692e-15],
        "dvar2": [6.18282980369e-10, 4.43418855411e-07, 1.79885728357e-06, 9.97577171802e-06, 1.61325569934e-05, 2.40243161898e-06, 4.45671175839e-05, 1.76996593382e-06, 4.51479763797e-06, 1.28842566482e-06, 2.12172679426e-07, 4.98735789733e-06, 5.33546335646e-06, 6.80876226511e-08, 3.52013330485e-07, 1.07564335394e-06, 5.5081336825e-08, 1.36390568173e-07, 4.71943025104e-07, 2.44108633751e-07, 2.08792016565e-07, 1.55770916166e-08, 7.48263033756e-08, 4.87363180923e-08, 8.77293016011e-10, 6.25756728267e-15, 6.51576833599e-15],
        "max": [0.000229370896704, 0.00839135423303, 0.0305755939335, 0.0382544659078, 0.0407009758055, 0.0386133827269, 0.129965648055, 0.0228172652423, 0.0435040965676, 0.0102979904041, 0.00965982209891, 0.0398456715047, 0.0258726458997, 0.00359795731492, 0.00999519601464, 0.0192155707628, 0.00213309330866, 0.00449261954054, 0.00622468814254, 0.00704328902066, 0.00491541810334, 0.00149905751459, 0.00252763950266, 0.00270086736418, 0.000367592874682, 1.26279792312e-06, 1.29820512029e-06],
        "mean": [5.67821371078e-06, 0.00106419273652, 0.00104399723932, 0.00133510236628, 0.00177162734326, 0.00108652166091, 0.00339274923317, 0.000156880967552, 0.000298946280964, 0.00060634734109, 0.000195706626982, 0.000270733988145, 0.00123161624651, 0.000140463016578, 0.000328917900333, 0.000591964169871, 0.000118386364193, 0.000143102544826, 0.000234360151808, 0.000124089157907, 0.000135434878757, 3.70278394257e-05, 7.47710801079e-05, 3.42767343682e-05, 3.38459699378e-06, 3.24866844537e-09, 1.49205880984e-09],
        "median": [2.05123205888e-06, 0.000747499521822, 0.000385055027436, 0.000464423617814, 0.000772642204538, 0.000139328447403, 0.000650237314403, 4.63963733637e-05, 3.37814053637e-05, 0.000203081086511, 6.80305747665e-05, 0.000101211713627, 0.00024495535763, 3.93068221456e-05, 0.000150355190272, 0.00011509055912, 4.58528811578e-05, 2.34727085626e-05, 2.15639120142e-05, 1.67177277035e-05, 4.48516175311e-06, 9.79006699708e-07, 4.08648361372e-07, 1.73976417273e-07, 6.70204158837e-09, 1.61172825086e-10, 1.04418376723e-10],
        "min": [7.60302720502e-24, 8.68309138024e-24, 1.68248529967e-24, 6.76560717792e-24, 2.3181794727e-23, 1.81800978881e-23, 3.03744044243e-23, 3.54376734346e-23, 5.17877213076e-23, 3.07241885051e-23, 4.59021878659e-23, 7.02362180746e-23, 5.18171331976e-23, 4.73128415584e-23, 4.92733439236e-23, 9.28004104434e-23, 1.46390533769e-22, 2.32103653757e-22, 1.57444267343e-22, 3.03897569197e-22, 3.6161580795e-22, 4.02223388612e-22, 5.56188438575e-22, 7.71745324637e-22, 1.15648755559e-21, 1.55154667354e-21, 2.51789618324e-21],
        "var": [1.73977429685e-10, 1.11518079393e-06, 4.2124383981e-06, 6.68515485813e-06, 1.0312572158e-05, 9.6670619314e-06, 8.22956717457e-05, 5.66329788398e-07, 2.97417727779e-06, 1.1378842828e-06, 2.54100882557e-07, 2.5212541459e-06, 6.11943323747e-06, 1.04756978203e-07, 3.27833902247e-07, 1.63581580637e-06, 4.10300309284e-08, 1.35758085662e-07, 2.91118908535e-07, 1.43175199696e-07, 1.58946988904e-07, 1.74023728761e-08, 5.71690321749e-08, 2.50205882679e-08, 3.1871560946e-10, 1.29708918658e-15, 1.30574120462e-15]
    },
    "erbbands": {
        "dmean": [0.00584252178669, 0.0581617578864, 0.273234069347, 1.50777101517, 2.40149950981, 2.38206481934, 2.50365447998, 4.25450229645, 24.6408138275, 12.3951339722, 2.48238539696, 5.47920179367, 3.88645887375, 14.6288394928, 6.36800813675, 8.86180400848, 36.5467185974, 4.65734195709, 10.8859004974, 5.64125680923, 20.3130779266, 4.41633081436, 4.53280162811, 7.86110591888, 6.64702510834, 3.87474155426, 5.4117307663, 2.15326547623, 0.745380163193, 1.6981164217, 1.00077188015, 0.669107198715, 0.384129524231, 0.0768292248249, 0.00284928688779, 0.000158236813149, 1.89265010704e-05, 4.62646539745e-06, 3.02771718452e-06, 5.07110007675e-06],
        "dmean2": [0.00989572424442, 0.0956843942404, 0.38811147213, 2.20180463791, 4.06013536453, 4.12648057938, 3.8798968792, 5.88490104675, 35.5757484436, 18.7872447968, 4.13766860962, 8.02618789673, 5.99721384048, 22.3337726593, 9.89486598969, 13.4408073425, 49.4323959351, 6.76485013962, 17.3462467194, 8.75329780579, 29.3138198853, 6.86873960495, 6.90323972702, 11.9128837585, 9.52363491058, 5.64031887054, 8.09304141998, 3.21445965767, 1.10187160969, 2.66218781471, 1.53533411026, 0.987672805786, 0.571791529655, 0.116199739277, 0.00445137685165, 0.000244258349994, 2.79686701106e-05, 6.82283007336e-06, 4.24671543442e-06, 7.0046635301e-06],
        "dvar": [7.84947042121e-05, 0.0116904480383, 0.5611743927, 17.9885234833, 48.9751396179, 96.5609970093, 43.2383041382, 179.374908447, 5484.44042969, 4037.59106445, 93.5476455688, 1779.92712402, 129.773010254, 767.570617676, 2465.50537109, 1913.4239502, 7778.74169922, 125.303771973, 414.101470947, 428.057891846, 1856.22521973, 78.580581665, 133.119781494, 568.782287598, 323.878570557, 149.580459595, 286.492889404, 40.6911201477, 7.28361701965, 37.4233856201, 18.0818481445, 10.8391628265, 5.2750878334, 0.189990967512, 0.000320822437061, 8.57764007378e-07, 1.34820181685e-08, 1.18853737963e-09, 8.66709273795e-11, 1.0869328354e-10],
        "dvar2": [0.000223737646593, 0.0281477738172, 0.977798342705, 45.299747467, 129.635375977, 277.040283203, 107.660606384, 287.000457764, 9921.26269531, 8609.61816406, 236.612869263, 3525.34472656, 345.790985107, 1637.53356934, 5913.75976562, 4551.61914062, 14188.3974609, 209.054946899, 932.360717773, 868.762512207, 3291.16723633, 169.74810791, 311.585693359, 1376.4864502, 725.420715332, 366.789367676, 706.336547852, 99.4927368164, 15.4955224991, 93.6329727173, 43.1892700195, 25.0924549103, 13.2227983475, 0.472383379936, 0.000818191561848, 2.16705689127e-06, 3.33395178131e-08, 2.9516704636e-09, 2.00295419139e-10, 1.88899770825e-10],
        "max": [0.131062284112, 2.21081209183, 23.8451118469, 83.9779205322, 172.24546814, 201.82232666, 114.515800476, 473.350006104, 1660.27038574, 1467.00817871, 190.430404663, 1270.73999023, 193.687515259, 295.343963623, 1643.44238281, 1206.64526367, 1274.46716309, 247.056243896, 233.954193115, 790.329406738, 543.753723145, 126.777824402, 255.616134644, 316.220703125, 212.659072876, 238.494049072, 327.06072998, 99.8421783447, 44.6429328918, 103.835838318, 86.7830581665, 52.5694313049, 45.4301719666, 8.3203868866, 0.325050145388, 0.0174016226083, 0.00232946034521, 0.000816271814983, 0.00019223135314, 0.000220577509026],
        "mean": [0.0247386153787, 0.269276857376, 0.816082596779, 3.77275586128, 5.59228610992, 5.061419487, 6.43239402771, 10.8650627136, 48.6633605957, 21.8653450012, 4.49110126495, 7.73427963257, 6.40943717957, 24.804227829, 9.70510578156, 15.1922569275, 62.9653205872, 10.1919727325, 17.9366493225, 11.4692363739, 37.6950683594, 8.98670482635, 8.07601833344, 9.28301429749, 12.3412036896, 7.48340606689, 7.68358373642, 2.88777041435, 1.17516565323, 2.70230698586, 1.6358423233, 0.91726320982, 0.455687731504, 0.0885915979743, 0.00306512904353, 0.000184307806194, 2.66956303676e-05, 6.67817857902e-06, 9.02665215108e-06, 1.74706710823e-05],
        "median": [0.0197964180261, 0.187456533313, 0.344295799732, 1.59296417236, 2.678565979, 1.80280208588, 1.41681432724, 1.46009504795, 9.88236808777, 4.60841655731, 1.446434021, 0.797332048416, 2.33918237686, 10.5398387909, 4.18936014175, 7.90224075317, 11.5545568466, 3.77053976059, 8.1840429306, 4.55313873291, 7.60795116425, 3.52900362015, 1.79235005379, 1.00285434723, 1.12406659126, 0.976545572281, 0.364358186722, 0.104376643896, 0.04022898525, 0.0202290825546, 0.0105572082102, 0.0045566293411, 0.00206837547012, 0.00038230244536, 2.09728787013e-05, 6.5500294113e-06, 3.36510083798e-06, 9.07980165721e-07, 3.67344546248e-06, 8.10173969512e-06],
        "min": [1.72933544906e-22, 2.18272950567e-21, 2.7629750969e-21, 1.32432326928e-20, 5.34862351154e-20, 8.86253845245e-20, 6.04877826257e-20, 1.07614562719e-19, 5.18930671611e-19, 5.85864265622e-19, 9.40764091185e-19, 1.26236736385e-18, 1.02430540395e-18, 1.4870307556e-18, 2.42764212856e-18, 2.90213278025e-18, 2.74622639879e-18, 1.66162480146e-18, 3.05152552799e-18, 9.28995544456e-18, 6.05854253517e-18, 9.16607274012e-18, 1.15678967006e-17, 1.05112123456e-17, 9.13053457947e-18, 1.40220232912e-17, 1.69672213689e-17, 1.25975628553e-17, 1.25694469863e-17, 1.51607399748e-17, 1.82514573202e-17, 1.13557893936e-17, 1.27656641538e-17, 1.14507058873e-17, 9.36101191354e-18, 5.55207845767e-18, 2.88589398406e-18, 1.2337920994e-18, 3.20436534413e-19, 4.06085807104e-20],
        "var": [0.00050710485084, 0.0756067857146, 2.24768662453, 39.6429748535, 115.914085388, 126.71572113, 147.897994995, 1170.37023926, 14534.1191406, 6877.19238281, 181.795898438, 2345.1706543, 193.253448486, 1590.63134766, 2768.20263672, 2041.80737305, 16313.1533203, 418.202484131, 749.998413086, 1478.09326172, 5385.20117188, 212.901885986, 334.520507812, 645.489562988, 702.530212402, 350.394104004, 537.110473633, 69.6468048096, 17.3865432739, 78.9190979004, 31.605304718, 14.8780927658, 5.63731050491, 0.200167745352, 0.000300426996546, 8.31454372019e-07, 1.10431805922e-08, 7.92063969968e-10, 2.02488845136e-10, 6.0997584761e-10]
    },
    "gfcc": {
        "mean": [-135.454620361, 179.549423218, -151.746307373, 40.7741279602, -42.8646888733, -0.170043736696, -23.7649669647, -22.2025547028, -5.3749294281, -16.4938793182, 10.6280345917, -20.6737594604, 3.97878313065],
        "cov": [[15629.1279297, -2238.68359375, -3814.6796875, 1088.56811523, -1533.99414062, -25.7901134491, -456.419555664, 68.7902679443, -25.0554351807, -183.725540161, 140.651382446, 402.940338135, -275.941253662], [-2238.68359375, 1828.921875, 617.625366211, -343.187835693, 927.89050293, -322.372802734, 262.316436768, -81.7658996582, -7.06033754349, 42.9255523682, 29.3427009583, -118.764167786, 58.9406089783], [-3814.6796875, 617.625366211, 2332.20141602, 30.1014404297, 94.0154571533, 485.394165039, -220.836990356, -40.570690155, 49.7145118713, -85.3018569946, -85.6571273804, -229.251678467, 126.668235779], [1088.56811523, -343.187835693, 30.1014404297, 338.18548584, -203.209960938, 110.366027832, -71.3563232422, -2.82816052437, 3.46713972092, -31.5232009888, 0.77718603611, 9.02281665802, -12.7319068909], [-1533.99414062, 927.89050293, 94.0154571533, -203.209960938, 757.920166016, -263.985015869, 254.329040527, -5.7290430069, -22.342294693, 87.3546829224, 22.7955341339, -1.86642169952, 11.3381748199], [-25.7901134491, -322.372802734, 485.394165039, 110.366027832, -263.985015869, 504.532928467, -182.198867798, 33.5788574219, 71.4138717651, -132.677734375, -64.863494873, -10.6904830933, 27.2615394592], [-456.419555664, 262.316436768, -220.836990356, -71.3563232422, 254.329040527, -182.198867798, 232.666549683, 1.93297386169, -15.3999452591, 75.9698867798, 22.7202644348, 17.0857868195, -18.2981433868], [68.7902679443, -81.7658996582, -40.570690155, -2.82816052437, -5.7290430069, 33.5788574219, 1.93297386169, 77.0118408203, -4.74989032745, 8.03418064117, 7.78641462326, -0.389779418707, -1.16101133823], [-25.0554351807, -7.06033754349, 49.7145118713, 3.46713972092, -22.342294693, 71.4138717651, -15.3999452591, -4.74989032745, 82.5835647583, -20.0228252411, -23.7370262146, 16.2679138184, -3.40861415863], [-183.725540161, 42.9255523682, -85.3018569946, -31.5232009888, 87.3546829224, -132.677734375, 75.9698867798, 8.03418064117, -20.0228252411, 125.134101868, 41.7088088989, -8.89259338379, 6.46854829788], [140.651382446, 29.3427009583, -85.6571273804, 0.77718603611, 22.7955341339, -64.863494873, 22.7202644348, 7.78641462326, -23.7370262146, 41.7088088989, 77.6460876465, 7.71498680115, -4.49223089218], [402.940338135, -118.764167786, -229.251678467, 9.02281665802, -1.86642169952, -10.6904830933, 17.0857868195, -0.389779418707, 16.2679138184, -8.89259338379, 7.71498680115, 92.3443069458, -12.9656820297], [-275.941253662, 58.9406089783, 126.668235779, -12.7319068909, 11.3381748199, 27.2615394592, -18.2981433868, -1.16101133823, -3.40861415863, 6.46854829788, -4.49223089218, -12.9656820297, 55.6648635864]],
        "icov": [[0.0004775125999, -0.00111284526065, 0.001114762621, -0.00160159508232, 0.00112379842903, -0.000613411946688, 0.00158395175822, -0.000651580397971, 0.000676246185321, -0.00112416537013, 0.000543928646948, -0.00104006810579, 0.00119471212383], [-0.00111284526065, 0.00601573195308, -0.00308655016124, 0.00476396549493, -0.00610134983435, 0.00282725528814, -0.00448670284823, 0.0038098373916, -0.00401452509686, 0.00668562483042, -0.00439059128985, 0.00650651846081, -0.00517190154642], [0.001114762621, -0.00308655016124, 0.00370715279132, -0.00401432486251, 0.0023806639947, -0.00275419512764, 0.0045404843986, -0.000868518312927, 0.00171046645846, -0.00352614093572, 0.00166346039623, -0.000818617641926, 0.0022367243655], [-0.00160159508232, 0.00476396549493, -0.00401432486251, 0.00938871130347, -0.00392222264782, 0.00190264882986, -0.00569648109376, 0.00338834663853, -0.00235840468667, 0.00483795721084, -0.00329076661728, 0.00408429000527, -0.00365713005885], [0.00112379842903, -0.00610134983435, 0.0023806639947, -0.00392222264782, 0.00917558278888, -0.00155110645574, 0.00165322318207, -0.00459973281249, 0.00394433690235, -0.00599899794906, 0.00438714027405, -0.00777881732211, 0.00453588506207], [-0.000613411946688, 0.00282725528814, -0.00275419512764, 0.00190264882986, -0.00155110645574, 0.00707835052162, -0.00191429781262, -0.00188434845768, -0.00456079654396, 0.00657442538068, -0.00119168870151, 0.00140325340908, -0.00396372983232], [0.00158395175822, -0.00448670284823, 0.0045404843986, -0.00569648109376, 0.00165322318207, -0.00191429781262, 0.0150646362454, -0.00269945780747, 0.00259803980589, -0.00809979252517, 0.00365015445277, -0.00442392099649, 0.006828637328], [-0.000651580397971, 0.0038098373916, -0.000868518312927, 0.00338834663853, -0.00459973281249, -0.00188434845768, -0.00269945780747, 0.0180473495275, -0.000658327364363, 0.00153190025594, -0.00423322757706, 0.0058044125326, -0.00237185438164], [0.000676246185321, -0.00401452509686, 0.00171046645846, -0.00235840468667, 0.00394433690235, -0.00456079654396, 0.00259803980589, -0.000658327364363, 0.0187968593091, -0.00635568471625, 0.00686374818906, -0.00822757091373, 0.00596898095682], [-0.00112416537013, 0.00668562483042, -0.00352614093572, 0.00483795721084, -0.00599899794906, 0.00657442538068, -0.00809979252517, 0.00153190025594, -0.00635568471625, 0.0224711950868, -0.0104561829939, 0.00919585488737, -0.00985212065279], [0.000543928646948, -0.00439059128985, 0.00166346039623, -0.00329076661728, 0.00438714027405, -0.00119168870151, 0.00365015445277, -0.00423322757706, 0.00686374818906, -0.0104561829939, 0.0212620440871, -0.0075743556954, 0.00519595248625], [-0.00104006810579, 0.00650651846081, -0.000818617641926, 0.00408429000527, -0.00777881732211, 0.00140325340908, -0.00442392099649, 0.0058044125326, -0.00822757091373, 0.00919585488737, -0.0075743556954, 0.0242466870695, -0.00622024992481], [0.00119471212383, -0.00517190154642, 0.0022367243655, -0.00365713005885, 0.00453588506207, -0.00396372983232, 0.006828637328, -0.00237185438164, 0.00596898095682, -0.00985212065279, 0.00519595248625, -0.00622024992481, 0.0271304734051]]
    },
    "melbands": {
        "dmean": [5.93734330323e-05, 0.000114766997285, 0.000268133444479, 0.000177258902113, 9.05174820218e-05, 9.13739204407e-05, 0.000381439574994, 0.000108926644316, 2.36365285673e-05, 3.27143825416e-05, 2.04061561817e-05, 6.32554438198e-05, 1.81363939191e-05, 2.30092446145e-05, 6.39291174593e-05, 5.14855419169e-05, 6.37884704702e-06, 1.64636967384e-05, 1.23798708955e-05, 1.00486840893e-05, 2.54269361903e-05, 2.85641112896e-06, 6.95005337548e-06, 3.25011410496e-06, 7.35843241273e-06, 3.44863974533e-06, 4.0671629904e-06, 2.6063905807e-06, 3.21033780892e-06, 2.20431161324e-06, 9.96534367914e-07, 3.97319070089e-07, 5.50092636331e-07, 1.19452010949e-06, 6.35812511973e-07, 4.50549521247e-07, 4.2153880031e-07, 3.02553246456e-07, 1.58160062824e-07, 3.24438715893e-08],
        "dmean2": [9.8620163044e-05, 0.000167371428688, 0.000409003288951, 0.000307643727865, 0.000142138131196, 0.000127073042677, 0.000540796900168, 0.000167239719303, 3.91763751395e-05, 4.78644105897e-05, 3.1780989957e-05, 9.67636369751e-05, 2.99031416944e-05, 4.059454659e-05, 8.74374891282e-05, 7.1351765655e-05, 9.48797514866e-06, 2.61472541752e-05, 1.96874152607e-05, 1.46921820487e-05, 3.68423243344e-05, 4.9993036555e-06, 1.01246405393e-05, 5.15227247888e-06, 1.12673697004e-05, 4.94718460686e-06, 5.93689901507e-06, 3.861582627e-06, 4.92883918923e-06, 3.29395084009e-06, 1.54568601829e-06, 6.06056516972e-07, 8.308149404e-07, 1.92368383978e-06, 9.75371790446e-07, 6.87408942213e-07, 6.08630330134e-07, 4.63244816729e-07, 2.32310938486e-07, 5.29167287766e-08],
        "dvar": [9.82936221305e-09, 7.95325760805e-08, 5.09790083925e-07, 2.92463312235e-07, 7.95046091184e-08, 8.35777314023e-08, 1.24987650452e-06, 3.5407725818e-07, 1.42750335996e-08, 5.88926063472e-08, 3.59216967283e-09, 1.49816177242e-08, 1.28709150005e-08, 3.78833107106e-08, 2.63460453453e-08, 1.42315581542e-08, 3.42569694833e-10, 8.79085360062e-10, 6.08254169254e-10, 2.16510609441e-09, 2.86602142019e-09, 5.42047795538e-11, 2.37932618052e-10, 1.19466686543e-10, 5.13652509415e-10, 8.26615165206e-11, 1.69922034776e-10, 5.80761896907e-11, 1.42499539946e-10, 4.20803253354e-11, 9.54370263373e-12, 2.05571453957e-12, 4.87540303268e-12, 2.03363732104e-11, 7.30635951046e-12, 4.32975530429e-12, 4.53288708652e-12, 3.63253849743e-12, 7.70763335968e-13, 4.29385361631e-14],
        "dvar2": [2.53918379656e-08, 1.39900407703e-07, 1.26748841467e-06, 8.62560796122e-07, 2.15984400143e-07, 1.31038632389e-07, 2.26681686399e-06, 7.5745617778e-07, 3.64840246903e-08, 1.15455165428e-07, 9.78936220974e-09, 3.20317674607e-08, 3.28528990678e-08, 7.67728707274e-08, 5.2355925817e-08, 2.57241055124e-08, 5.95739568787e-10, 2.01989758253e-09, 1.19576348823e-09, 4.72324446221e-09, 5.12787368123e-09, 1.50403564603e-10, 4.72431982423e-10, 3.00183627955e-10, 1.23615340186e-09, 1.81270845556e-10, 4.17470558123e-10, 1.40914294122e-10, 3.54232310151e-10, 9.77785283296e-11, 2.4513967245e-11, 4.57240105153e-12, 1.06881083844e-11, 5.33168474648e-11, 1.72045346719e-11, 1.09548481397e-11, 1.02165758492e-11, 9.43608125664e-12, 1.85585097637e-12, 1.12345130757e-13],
        "max": [0.00188549980521, 0.00887327175587, 0.0137355644256, 0.00843637995422, 0.00540831917897, 0.00921775307506, 0.0275362338871, 0.0141461798921, 0.00294688669965, 0.00705026695505, 0.001037439215, 0.0013535162434, 0.00370283843949, 0.00497564813122, 0.00288848998025, 0.00164864875842, 0.000417364411987, 0.000304554007016, 0.000692141999025, 0.00179886654951, 0.000635576667264, 0.000165466059116, 0.000194353851839, 0.000245963223279, 0.000300711661112, 0.000104807746538, 0.000211546430364, 0.000150518477312, 0.000249193195486, 9.96944509097e-05, 4.18083291152e-05, 2.30039568123e-05, 4.51133528259e-05, 7.72351850173e-05, 5.55709775654e-05, 3.56238342647e-05, 4.07246552641e-05, 3.91416615457e-05, 1.76759858732e-05, 3.70992665921e-06],
        "mean": [0.000279231113382, 0.000425510486821, 0.000679891323671, 0.000405507249525, 0.000217027278268, 0.000226699121413, 0.000757747329772, 0.000182394214789, 3.61964630429e-05, 4.49349208793e-05, 3.18739075738e-05, 0.000105838938907, 2.80756466964e-05, 3.17325793731e-05, 0.000109482345579, 9.1251298727e-05, 1.24326179503e-05, 2.59721582552e-05, 2.09420577448e-05, 1.96827113541e-05, 4.57570749859e-05, 4.91046057505e-06, 1.22046212709e-05, 4.59767443317e-06, 8.08044114819e-06, 6.40363532511e-06, 7.37639265935e-06, 4.83478879687e-06, 4.65425273433e-06, 2.91766286864e-06, 1.28871943161e-06, 5.55032443117e-07, 8.21951346097e-07, 1.86956958714e-06, 9.96810058496e-07, 6.30035174254e-07, 5.34245543804e-07, 3.43107927847e-07, 1.88685135072e-07, 3.24936273444e-08],
        "median": [0.000210254394915, 0.000229044060688, 0.000295314879622, 0.000188287827768, 5.06191863678e-05, 2.81384745904e-05, 0.000148090388393, 3.82555881515e-05, 8.8708329713e-06, 4.01113084081e-06, 1.13289970614e-05, 4.36360060121e-05, 1.12301086119e-05, 1.06005045382e-05, 2.82349537883e-05, 1.94768053916e-05, 3.17988178722e-06, 1.10994942588e-05, 1.01838804767e-05, 3.72756903744e-06, 8.94666573004e-06, 2.18071363633e-06, 2.50470884566e-06, 7.44064436731e-07, 7.92959042428e-07, 5.99441818849e-07, 6.51814957564e-07, 6.32019919067e-07, 1.60259190807e-07, 1.07470256694e-07, 3.33774323735e-08, 2.08513455391e-08, 8.98389185267e-09, 1.04910782284e-08, 5.76333869517e-09, 4.94878094059e-09, 1.56101864768e-09, 1.45227585513e-09, 7.30335125709e-10, 6.37424280026e-11],
        "min": [2.76247611082e-24, 2.06440126288e-24, 3.50984884889e-24, 5.71428357206e-24, 2.57313844952e-24, 2.27588934954e-24, 6.90927373712e-24, 8.73983651174e-24, 7.53043306908e-24, 7.63605681113e-24, 5.29442497703e-24, 5.2042171548e-24, 7.24927909816e-24, 5.68794863403e-24, 8.38773002441e-24, 4.72279979903e-24, 2.75263112673e-24, 4.62071330929e-24, 6.75837411228e-24, 8.96560455851e-24, 6.67746143809e-24, 9.22610772866e-24, 9.98683943172e-24, 8.74226225902e-24, 8.40929984814e-24, 4.97950736493e-24, 8.47269349935e-24, 9.78898838352e-24, 1.04840466274e-23, 9.67426118663e-24, 6.05753509573e-24, 5.88162976348e-24, 6.97921256725e-24, 8.41695732095e-24, 1.13412978288e-23, 7.33437194628e-24, 6.4306793201e-24, 7.14822838278e-24, 1.03905003458e-23, 9.20691158739e-24],
        "var": [6.94795403433e-08, 3.80129051791e-07, 1.26363886466e-06, 5.43968837974e-07, 1.72744179849e-07, 5.04793547407e-07, 3.62506307283e-06, 5.48219929897e-07, 1.85979835976e-08, 7.93509755681e-08, 4.91353091547e-09, 3.01790841206e-08, 1.46122971501e-08, 4.2676024492e-08, 4.85088982316e-08, 3.13326182777e-08, 1.0901251013e-09, 1.57050006333e-09, 1.44253897716e-09, 6.15211748212e-09, 7.85007703286e-09, 8.65203117484e-11, 5.67384250694e-10, 2.57981885854e-10, 5.45401224183e-10, 1.79534775935e-10, 3.15205389567e-10, 1.41820402644e-10, 2.86993651066e-10, 6.71799144092e-11, 1.57963017666e-11, 4.47700123501e-12, 1.0312524272e-11, 3.85621222454e-11, 1.22737375818e-11, 6.22945748804e-12, 5.94153198863e-12, 3.54451732722e-12, 8.9275483707e-13, 3.70608254643e-14]
    },
    "mfcc": {
        "mean": [-753.124389648, 173.787780762, -16.7146930695, 28.0646324158, 9.67366123199, 11.7449302673, 2.67162013054, -6.87654876709, -8.852186203, 5.16493797302, -11.3967437744, 1.76559448242, 6.03885698318],
        "cov": [[13372.4716797, -2342.40429688, -3244.92700195, 459.334472656, -1264.44921875, -223.112075806, -664.338806152, 383.914245605, -538.988037109, -200.297164917, -436.676300049, 740.24230957, 97.8132553101], [-2342.40429688, 1791.19970703, 21.7559146881, 109.432128906, 467.648406982, -21.462644577, 301.285797119, -107.782112122, 143.078567505, 15.5970001221, 120.850669861, -131.693023682, 77.9951629639], [-3244.92700195, 21.7559146881, 2403.13452148, -288.094268799, 471.683380127, 283.433441162, -35.7436714172, 29.3353404999, 25.4791145325, 119.604354858, 124.860420227, -335.549102783, -191.6197052], [459.334472656, 109.432128906, -288.094268799, 399.609619141, -26.9129390717, -38.4281005859, 60.7600059509, -71.3649597168, -20.4256229401, 33.9767913818, -49.6053009033, 84.4561233521, 37.3399925232], [-1264.44921875, 467.648406982, 471.683380127, -26.9129390717, 390.53604126, 67.1989974976, 93.4036026001, 5.83865499496, 57.1234893799, 16.689573288, 62.0640983582, -95.5666732788, -9.16125583649], [-223.112075806, -21.462644577, 283.433441162, -38.4281005859, 67.1989974976, 174.707199097, -21.1033058167, 88.565612793, 32.9031982422, -18.0650444031, 36.7033119202, -25.1619758606, -55.4723205566], [-664.338806152, 301.285797119, -35.7436714172, 60.7600059509, 93.4036026001, -21.1033058167, 193.499908447, -43.9052238464, 36.4898986816, 31.7060012817, 36.5839576721, -16.8064079285, 40.3226013184], [383.914245605, -107.782112122, 29.3353404999, -71.3649597168, 5.83865499496, 88.565612793, -43.9052238464, 184.423019409, 2.68616724014, -53.0262680054, 31.6521930695, -3.63297271729, -35.2848014832], [-538.988037109, 143.078567505, 25.4791145325, -20.4256229401, 57.1234893799, 32.9031982422, 36.4898986816, 2.68616724014, 128.304656982, -10.3984670639, 28.6099147797, -9.28308200836, 3.20982265472], [-200.297164917, 15.5970001221, 119.604354858, 33.9767913818, 16.689573288, -18.0650444031, 31.7060012817, -53.0262680054, -10.3984670639, 109.436676025, 0.0272498950362, -7.39790248871, 15.7108030319], [-436.676300049, 120.850669861, 124.860420227, -49.6053009033, 62.0640983582, 36.7033119202, 36.5839576721, 31.6521930695, 28.6099147797, 0.0272498950362, 103.555915833, -38.2494812012, -13.6222333908], [740.24230957, -131.693023682, -335.549102783, 84.4561233521, -95.5666732788, -25.1619758606, -16.8064079285, -3.63297271729, -9.28308200836, -7.39790248871, -38.2494812012, 137.684158325, 23.8710823059], [97.8132553101, 77.9951629639, -191.6197052, 37.3399925232, -9.16125583649, -55.4723205566, 40.3226013184, -35.2848014832, 3.20982265472, 15.7108030319, -13.6222333908, 23.8710823059, 101.609573364]],
