{
"lowlevel": {
    "average_loudness": 0.827868580818,
    "barkbands_crest": {
        "dmean": 2.11963748932,
        "dmean2": 3.50115442276,
        "dvar": 4.61155128479,
        "dvar2": 10.8841075897,
        "max": 22.6750240326,
        "mean": 7.66204357147,
        "median": 6.93187475204,
        "min": 2.69831109047,
        "var": 9.26626300812
    },
    "barkbands_flatness_db": {
        "dmean": 0.0154227511957,
        "dmean2": 0.0250384025276,
        "dvar": 0.000212260070839,
        "dvar2": 0.000517800275702,
        "max": 0.348586261272,
        "mean": 0.157727628946,
        "median": 0.155713900924,
        "min": 0.0822314321995,
        "var": 0.000867896189447
    },
    "barkbands_kurtosis": {
        "dmean": 0.906660974026,
        "dmean2": 1.43373548985,
        "dvar": 3.99646568298,
        "dvar2": 9.60309028625,
        "max": 41.0786170959,
        "mean": -0.0556442849338,
        "median": -0.670679807663,
        "min": -1.63518738747,
        "var": 4.63667392731
    },
    "barkbands_skewness": {
        "dmean": 0.373016655445,
        "dmean2": 0.563584089279,
        "dvar": 0.196278721094,
        "dvar2": 0.383563250303,
        "max": 6.11206436157,
        "mean": 0.398142009974,
        "median": 0.180403351784,
        "min": -0.994652271271,
        "var": 0.641665220261
    },
    "barkbands_spread": {
        "dmean": 3.84865856171,
        "dmean2": 6.07620668411,
        "dvar": 11.1809797287,
        "dvar2": 27.298210144,
        "max": 46.398651123,
        "mean": 23.8547325134,
        "median": 23.2940216064,
        "min": 3.18589568138,
        "var": 36.546787262
    },
    "dissonance": {
        "dmean": 0.0171144101769,
        "dmean2": 0.029295835644,
        "dvar": 0.000249344127951,
        "dvar2": 0.00071681663394,
        "max": 0.499959468842,
        "mean": 0.468677401543,
        "median": 0.473785281181,
        "min": 0.378407150507,
        "var": 0.000455039058579
    },
    "dynamic_complexity": 2.56652283669,
    "erbbands_crest": {
        "dmean": 2.81802630424,
        "dmean2": 4.77160072327,
        "dvar": 6.30989217758,
        "dvar2": 17.3397922516,
        "max": 24.6564464569,
        "mean": 9.01741504669,
        "median": 8.37329101562,
        "min": 3.29316568375,
        "var": 10.9156579971
    },
    "erbbands_flatness_db": {
        "dmean": 0.0143553083763,
        "dmean2": 0.0216596405953,
        "dvar": 0.000158544105943,
        "dvar2": 0.000303016713588,
        "max": 0.300101459026,
        "mean": 0.221915617585,
        "median": 0.22366155684,
        "min": 0.15103431046,
        "var": 0.000771553779487
    },
    "erbbands_kurtosis": {
        "dmean": 0.73598664999,
        "dmean2": 1.20129513741,
        "dvar": 0.545237004757,
        "dvar2": 1.36522674561,
        "max": 6.2092924118,
        "mean": 0.582789301872,
        "median": 0.325052976608,
        "min": -1.3346323967,
        "var": 1.35972762108
    },
    "erbbands_skewness": {
        "dmean": 0.275884121656,
        "dmean2": 0.451875180006,
        "dvar": 0.0524997077882,
        "dvar2": 0.140978559852,
        "max": 1.08632588387,
        "mean": -0.213129237294,
        "median": -0.198544740677,
        "min": -1.71662390232,
        "var": 0.165410637856
    },
    "erbbands_spread": {
        "dmean": 5.42390394211,
        "dmean2": 8.25829315186,
        "dvar": 33.3364601135,
        "dvar2": 66.4652862549,
        "max": 66.524520874,
        "mean": 24.0521564484,
        "median": 21.7661552429,
        "min": 7.40508842468,
        "var": 94.9691162109
    },
    "hfc": {
        "dmean": 4.48412466049,
        "dmean2": 6.76344251633,
        "dvar": 38.6279220581,
        "dvar2": 72.6035079956,
        "max": 110.516967773,
        "mean": 18.5115222931,
        "median": 14.4723463058,
        "min": 0.000129234278575,
        "var": 217.714782715
    },
    "melbands_crest": {
        "dmean": 2.64971423149,
        "dmean2": 4.29580402374,
        "dvar": 7.32851266861,
        "dvar2": 16.6318302155,
        "max": 29.6274185181,
        "mean": 11.8474903107,
        "median": 10.8670988083,
        "min": 4.01436138153,
        "var": 23.9090690613
    },
    "melbands_flatness_db": {
        "dmean": 0.0166717860848,
        "dmean2": 0.0251146107912,
        "dvar": 0.000377050018869,
        "dvar2": 0.00075729173841,
        "max": 0.438621819019,
        "mean": 0.171521112323,
        "median": 0.163466155529,
        "min": 0.0720041915774,
        "var": 0.00220895675011
    },
    "melbands_kurtosis": {
        "dmean": 2.40138506889,
        "dmean2": 3.73478078842,
        "dvar": 27.9938564301,
        "dvar2": 63.8125839233,
        "max": 96.8551712036,
        "mean": 2.40964841843,
        "median": 0.133228540421,
        "min": -1.52282440662,
        "var": 39.9661216736
    },
    "melbands_skewness": {
        "dmean": 0.508896350861,
        "dmean2": 0.767360627651,
        "dvar": 0.39856788516,
        "dvar2": 0.780729055405,
        "max": 8.66083526611,
        "mean": 1.23742055893,
        "median": 0.911859512329,
        "min": -0.723533451557,
        "var": 1.24507236481
    },
    "melbands_spread": {
        "dmean": 5.9546380043,
        "dmean2": 9.47870445251,
        "dvar": 38.7209320068,
        "dvar2": 74.2150726318,
        "max": 75.8408432007,
        "mean": 36.4925727844,
        "median": 37.0829849243,
        "min": 2.08461070061,
        "var": 165.891876221
    },
    "pitch_salience": {
        "dmean": 0.0563057772815,
        "dmean2": 0.0932208150625,
        "dvar": 0.00299187120982,
        "dvar2": 0.0076607610099,
        "max": 0.748381018639,
        "mean": 0.507057607174,
        "median": 0.500302791595,
        "min": 0.206429809332,
        "var": 0.00602798443288
    },
    "silence_rate_20dB": {
        "dmean": 0,
        "dmean2": 0,
        "dvar": 0,
        "dvar2": 0,
        "max": 1,
        "mean": 1,
        "median": 1,
        "min": 1,
        "var": 0
    },
    "silence_rate_30dB": {
        "dmean": 0.0216718260199,
        "dmean2": 0.0433772280812,
        "dvar": 0.0212019942701,
        "dvar2": 0.0569875054061,
        "max": 1,
        "mean": 0.984532117844,
        "median": 1,
        "min": 0,
        "var": 0.015228625387
    },
    "silence_rate_60dB": {
        "dmean": 0.00154798757285,
        "dmean2": 0.00309837330133,
        "dvar": 0.00154557952192,
        "dvar2": 0.00308882654645,
        "max": 1,
        "mean": 0.0371229685843,
        "median": 0,
        "min": 0,
        "var": 0.0357457101345
    },
    "spectral_centroid": {
        "dmean": 181.095199585,
        "dmean2": 284.007232666,
        "dvar": 32488.4765625,
        "dvar2": 69624.4375,
        "max": 2895.8659668,
        "mean": 1663.98205566,
        "median": 1659.61682129,
        "min": 514.357177734,
        "var": 164380.796875
    },
    "spectral_complexity": {
        "dmean": 2.90866875648,
        "dmean2": 4.44151830673,
        "dvar": 10.9823560715,
        "dvar2": 20.813577652,
        "max": 57,
        "mean": 22.1670532227,
        "median": 22,
        "min": 0,
        "var": 64.8522949219
    },
    "spectral_decrease": {
        "dmean": 2.1627504232e-09,
        "dmean2": 3.11753223237e-09,
        "dvar": 1.96751129094e-17,
        "dvar2": 3.73671628706e-17,
        "max": -3.83438601508e-14,
        "mean": -5.32077182314e-09,
        "median": -3.32451333129e-09,
        "min": -6.54525464938e-08,
        "var": 3.78289943502e-17
    },
    "spectral_energy": {
        "dmean": 0.00850908644497,
        "dmean2": 0.0122625725344,
        "dvar": 0.00029310878017,
        "dvar2": 0.000553489779122,
        "max": 0.253123641014,
        "mean": 0.0217608809471,
        "median": 0.0139235174283,
        "min": 1.56440478349e-07,
        "var": 0.000583006651141
    },
    "spectral_energyband_high": {
        "dmean": 0.000133030756842,
        "dmean2": 0.000184882810572,
        "dvar": 6.24186711207e-08,
        "dvar2": 1.13372720989e-07,
        "max": 0.00713920174167,
        "mean": 0.00042183737969,
        "median": 0.000232240316109,
        "min": 3.9346195746e-10,
        "var": 4.80342180254e-07
    },
    "spectral_energyband_low": {
        "dmean": 0.00382696511224,
        "dmean2": 0.00545410253108,
        "dvar": 0.00014508991444,
        "dvar2": 0.000286679016426,
        "max": 0.21538195014,
        "mean": 0.00623644283041,
        "median": 0.00178261718247,
        "min": 3.22565014699e-08,
        "var": 0.000238659078605
    },
    "spectral_energyband_middle_high": {
        "dmean": 0.00215460429899,
        "dmean2": 0.00347558851354,
        "dvar": 6.54201630823e-06,
        "dvar2": 1.57242193382e-05,
        "max": 0.0521909818053,
        "mean": 0.00801621191204,
        "median": 0.00639611063525,
        "min": 6.14691231249e-08,
        "var": 3.26364752254e-05
    },
    "spectral_energyband_middle_low": {
        "dmean": 0.00436450634152,
        "dmean2": 0.00679860403761,
        "dvar": 0.000123372577946,
        "dvar2": 0.000256802944932,
        "max": 0.114055134356,
        "mean": 0.0082081137225,
        "median": 0.00472777010873,
        "min": 7.35651752848e-08,
        "var": 0.000167798469192
    },
    "spectral_entropy": {
        "dmean": 0.102881252766,
        "dmean2": 0.15407705307,
        "dvar": 0.00981571897864,
        "dvar2": 0.0190212298185,
        "max": 7.98444414139,
        "mean": 7.33517789841,
        "median": 7.35098361969,
        "min": 6.68446207047,
        "var": 0.0691102519631
    },
    "spectral_flux": {
        "dmean": 0.0216653328389,
        "dmean2": 0.0355547443032,
        "dvar": 0.00103990035132,
        "dvar2": 0.00258894753642,
        "max": 0.330531179905,
        "mean": 0.0699875727296,
        "median": 0.0539824031293,
        "min": 0.000395525567001,
        "var": 0.00223946431652
    },
    "spectral_kurtosis": {
        "dmean": 2.67610883713,
        "dmean2": 4.76503992081,
        "dvar": 6.02835607529,
        "dvar2": 18.0342350006,
        "max": 21.7118930817,
        "mean": 4.92270565033,
        "median": 4.11984634399,
        "min": 0.216989994049,
        "var": 9.97444438934
    },
    "spectral_rms": {
        "dmean": 0.00070588698145,
        "dmean2": 0.00100126245525,
        "dvar": 1.17274737477e-06,
        "dvar2": 1.97746362574e-06,
        "max": 0.0157146397978,
        "mean": 0.00416701799259,
        "median": 0.00368563691154,
        "min": 1.23541431094e-05,
        "var": 3.86607280234e-06
    },
    "spectral_rolloff": {
        "dmean": 322.064147949,
        "dmean2": 540.114929199,
        "dvar": 123011.304688,
        "dvar2": 262189.25,
        "max": 3940.57617188,
        "mean": 1826.84106445,
        "median": 1765.72265625,
        "min": 86.1328125,
        "var": 397250.875
    },
    "spectral_skewness": {
        "dmean": 0.272531270981,
        "dmean2": 0.478353023529,
        "dvar": 0.0525782555342,
        "dvar2": 0.150920808315,
        "max": 2.95216727257,
        "mean": 1.32614266872,
        "median": 1.28349602222,
        "min": 0.448928296566,
        "var": 0.133091583848
    },
    "spectral_spread": {
        "dmean": 219052.015625,
        "dmean2": 313429.5,
        "dvar": 41230000128,
        "dvar2": 69287624704,
        "max": 4535487,
        "mean": 2846661.5,
        "median": 2791214.75,
        "min": 1616203.875,
        "var": 281872465920
    },
    "spectral_strongpeak": {
        "dmean": 0.735125899315,
        "dmean2": 1.27133917809,
        "dvar": 1.29954349995,
        "dvar2": 3.42495512962,
        "max": 9.5314912796,
        "mean": 1.19121348858,
        "median": 0.521442830563,
        "min": 0.000663546088617,
        "var": 1.82156324387
    },
    "zerocrossingrate": {
        "dmean": 0.00542589323595,
        "dmean2": 0.00666157854721,
        "dvar": 2.74094109045e-05,
        "dvar2": 3.3329550206e-05,
        "max": 0.1201171875,
        "mean": 0.0614343173802,
        "median": 0.0615234375,
        "min": 0.009765625,
        "var": 0.000273318670224
    },
    "barkbands": {
        "dmean": [8.8748667622e-05, 0.00247117620893, 0.00129560334608, 0.00170322484337, 0.00224599801004, 0.000437104346929, 0.000294865487376, 0.000227982280194, 0.000350604299456, 0.000610653252807, 0.000297878315905, 0.000714932568371, 0.000768843630794, 0.000665784114972, 0.000481976079755, 0.000269753887551, 0.000384789746022, 0.000182781543117, 0.000142415650771, 9.72749912762e-05, 6.47593478789e-05, 3.34624346578e-05, 1.93711821339e-05, 8.82163294591e-06, 1.65422716236e-06, 2.16415352305e-09, 9.50108991482e-10],
        "dmean2": [0.000113404668809, 0.0035599542316, 0.00205507338978, 0.00274108629674, 0.00356641178951, 0.000664750405122, 0.000474171742098, 0.000364642182831, 0.00054503721185, 0.000987281091511, 0.000486768316478, 0.0011632356327, 0.00129031669348, 0.00110868178308, 0.000805865507573, 0.000442317075795, 0.000648731307592, 0.000290608208161, 0.000227482931223, 0.000149752740981, 9.71848858171e-05, 4.91321225127e-05, 2.84814886982e-05, 1.21463999676e-05, 2.27277723752e-06, 3.41431816153e-09, 1.77720693717e-09],
        "dvar": [1.02282875503e-07, 7.21486430848e-05, 2.21840527956e-05, 1.88209251064e-05, 4.58369104308e-05, 9.65561298472e-07, 3.9576883637e-07, 2.22857565291e-07, 2.69739132364e-07, 8.36284982597e-07, 2.00472641154e-07, 7.35290768716e-07, 2.94307074e-06, 1.01938132957e-06, 8.40080872422e-07, 1.64364081456e-07, 4.07441831385e-07, 1.1720371873e-07, 9.98584042122e-08, 4.20146371027e-08, 1.5318873281e-08, 4.98389063353e-09, 2.61826405001e-09, 4.1286501995e-10, 2.22850730924e-11, 2.28604961128e-17, 2.35918548825e-18],
        "dvar2": [1.98215261094e-07, 0.000150592299178, 4.72743122373e-05, 4.73724430776e-05, 9.98455943773e-05, 2.29740840041e-06, 9.38901109748e-07, 5.62401567095e-07, 6.21072331342e-07, 2.11729798139e-06, 5.39664313237e-07, 1.97834128812e-06, 8.05461422715e-06, 2.63353399532e-06, 2.23515530706e-06, 4.19124432938e-07, 1.15901787012e-06, 2.86423443185e-07, 2.58405748355e-07, 9.8519258529e-08, 3.42839499012e-08, 1.17035430236e-08, 5.57111867749e-09, 6.72892297437e-10, 3.98521250722e-11, 4.81806931864e-17, 6.98022646476e-18],
        "max": [0.00454458640888, 0.152738660574, 0.0569715946913, 0.0365183576941, 0.0716170966625, 0.0131907258183, 0.00797499995679, 0.00577606121078, 0.00801566801965, 0.0188478045166, 0.00553802447394, 0.00910731032491, 0.0320723094046, 0.010689762421, 0.0194820966572, 0.00490264827386, 0.00916378945112, 0.00585090462118, 0.00534277921543, 0.00455831643194, 0.00233826064505, 0.00235712272115, 0.00110689981375, 0.000398319330998, 8.6037638539e-05, 9.33399419978e-08, 1.38127669302e-08],
        "mean": [0.000108591753815, 0.0035034052562, 0.00172089994885, 0.00268892524764, 0.0027454146184, 0.000786216638517, 0.000468879181426, 0.000366599677363, 0.000736188201699, 0.00121017207857, 0.000517345964909, 0.00131045503076, 0.00117009563837, 0.00105553283356, 0.000827453273814, 0.000488257821416, 0.000782928720582, 0.000381347694201, 0.000347995170159, 0.000217481487198, 0.000162211581483, 9.10319940886e-05, 4.71803032269e-05, 2.31882695516e-05, 3.07842515213e-06, 3.25772031573e-09, 7.67008678793e-10],
        "median": [1.36002072395e-05, 0.000647055392619, 0.000192327788682, 0.00150378828403, 0.000593378616031, 0.000393145630369, 0.00024158495944, 0.00017305854999, 0.000433287583292, 0.000606310495641, 0.000219301669858, 0.00101042212918, 0.000542611873243, 0.000618339516222, 0.000497634173371, 0.000321531435475, 0.00054007495055, 0.000215846841456, 0.00022468570387, 0.000110053471872, 9.44281127886e-05, 3.86076462746e-05, 1.27984585561e-05, 7.26887628844e-06, 8.32670480122e-07, 1.171464592e-09, 2.41101943965e-10],
        "min": [1.56277907282e-10, 1.39379325859e-08, 6.26378149349e-09, 7.5774764241e-09, 2.0676292678e-08, 6.77023503926e-09, 2.23888285689e-09, 2.29197283375e-09, 1.52772088313e-08, 1.63195021941e-08, 1.00513752876e-09, 1.76512338079e-09, 1.31739223974e-08, 3.56437190874e-09, 7.47030881598e-10, 4.7389709934e-09, 4.73873207341e-09, 2.91946866682e-09, 1.12585418766e-09, 4.90576967938e-10, 4.45970378682e-11, 3.02560164422e-11, 2.6490270047e-11, 2.68114593027e-11, 1.30096922818e-11, 8.11687609487e-12, 1.06827064555e-11],
        "var": [1.62311920349e-07, 0.000108179709059, 2.88307874143e-05, 1.89613856492e-05, 5.73180950596e-05, 1.44864623053e-06, 5.22690413618e-07, 3.1491853747e-07, 7.96564961547e-07, 2.83782219412e-06, 5.29389922121e-07, 1.47147682128e-06, 4.33441937275e-06, 1.61218997619e-06, 1.5533523765e-06, 3.41611951171e-07, 7.92544426531e-07, 2.73819438235e-07, 1.88921745803e-07, 1.36430472253e-07, 5.46625429365e-08, 2.85503531927e-08, 1.07698214791e-08, 1.91515114878e-09, 5.10930603381e-11, 4.4158477827e-17, 2.10507746523e-18]
    },
    "erbbands": {
        "dmean": [0.0585851632059, 0.637533068657, 1.58509111404, 2.97879767418, 10.3569812775, 5.25368118286, 3.04757785797, 3.76762509346, 3.69287037849, 5.27589607239, 4.78107738495, 6.9241976738, 14.9524784088, 17.1709537506, 14.3449773788, 30.8248806, 33.775352478, 37.5398750305, 24.7251205444, 17.1603660583, 18.7140312195, 15.954788208, 10.8021564484, 8.48194980621, 5.82413053513, 5.74737119675, 3.13588309288, 1.68150377274, 1.25580728054, 0.752953529358, 0.494241386652, 0.228227108717, 0.123929969966, 0.0365094393492, 0.00281268497929, 0.000125837192172, 9.45632473304e-06, 1.96460928237e-06, 4.35347556049e-06, 9.69048051047e-06],
        "dmean2": [0.0916733071208, 0.971716105938, 2.56392717361, 4.70652341843, 15.9947214127, 8.6195230484, 4.755651474, 6.01736497879, 6.14069366455, 8.39684200287, 7.46302461624, 10.7024097443, 24.3963603973, 27.5078811646, 23.2247829437, 50.4546928406, 56.9905776978, 62.6085777283, 41.1289672852, 28.3452205658, 30.7034645081, 26.6038837433, 17.8893241882, 13.5633535385, 9.16479969025, 9.01228809357, 4.77461957932, 2.42992925644, 1.79240274429, 1.08940458298, 0.72949641943, 0.313334196806, 0.170206338167, 0.0502669848502, 0.00402434589341, 0.000176065208507, 1.25192536871e-05, 2.70299528893e-06, 6.14403370491e-06, 1.39164785651e-05],
        "dvar": [0.0475091412663, 5.20901441574, 32.2292976379, 57.7943153381, 956.112731934, 205.433044434, 63.8057098389, 77.4086151123, 60.1043548584, 136.814575195, 66.2806243896, 120.290962219, 516.898193359, 798.875366211, 312.493530273, 1496.11865234, 7146.02880859, 3258.1262207, 2935.515625, 1043.11218262, 746.380065918, 828.363464355, 321.747253418, 327.674957275, 200.601074219, 160.930526733, 38.1610221863, 12.3698186874, 7.3955578804, 3.46227455139, 1.84919381142, 0.255959063768, 0.0867360383272, 0.0104307550937, 5.81223903282e-05, 1.14695495768e-07, 4.54638410252e-10, 1.35366544363e-11, 6.78996373016e-11, 3.60650592723e-10],
        "dvar2": [0.111112512648, 11.5836572647, 71.3946380615, 142.115493774, 2042.13146973, 476.185699463, 161.943664551, 186.643844604, 135.316101074, 325.29119873, 159.168487549, 252.520629883, 1387.0612793, 1930.47619629, 810.135681152, 4094.63012695, 19855.5957031, 8170.89013672, 7693.41357422, 2931.65771484, 1881.7635498, 2254.81030273, 852.446716309, 878.984436035, 507.72958374, 382.327636719, 83.4508209229, 25.597743988, 16.1398048401, 6.72702598572, 3.9633846283, 0.412930071354, 0.153331145644, 0.0175423026085, 0.000118089577882, 2.22990280463e-07, 7.19133586013e-10, 2.10256916044e-11, 1.21021276334e-10, 6.72177369321e-10],
        "max": [3.17715620995, 41.0367355347, 84.0774383545, 97.1546325684, 308.08480835, 166.92729187, 121.226165771, 139.857879639, 100.042984009, 170.150726318, 92.9501495361, 179.668884277, 422.208343506, 655.402282715, 211.665435791, 398.240112305, 1598.82287598, 597.348693848, 1161.65063477, 553.184570312, 333.864624023, 477.728607178, 261.168426514, 299.718658447, 325.93862915, 286.5831604, 125.563240051, 86.4995880127, 102.902954102, 36.0556793213, 31.2687091827, 9.31731128693, 6.26887559891, 1.85623645782, 0.125261589885, 0.00570934079587, 0.000368575507309, 6.82096142555e-05, 0.000121929857414, 0.000281785207335],
        "mean": [0.0747282356024, 0.872511208057, 2.28063678741, 4.95561695099, 12.5477781296, 7.11080646515, 4.89136219025, 6.77753353119, 5.52256536484, 8.62377357483, 8.97364330292, 15.0763263702, 31.4863033295, 34.8110046387, 30.8912410736, 57.2573471069, 55.3633460999, 63.2007637024, 44.0346107483, 30.7082252502, 36.4759979248, 35.8943214417, 25.1306629181, 20.1623573303, 15.8560218811, 13.0635528564, 7.85268783569, 4.76088523865, 3.38355112076, 1.89888513088, 1.23704266548, 0.601468086243, 0.29156255722, 0.0780547186732, 0.00540704419836, 0.00026938947849, 2.86454051093e-05, 7.15478972779e-06, 1.29663076223e-05, 2.63071815425e-05],
        "median": [0.00996307097375, 0.168006762862, 0.382533878088, 2.81982088089, 3.82399463654, 2.11730384827, 2.29696631432, 3.4012773037, 2.48287415504, 4.51016330719, 5.0367064476, 9.60830497742, 17.99102211, 15.7203655243, 21.916759491, 44.3443107605, 25.0452423096, 38.7380027771, 22.7113189697, 21.0208301544, 24.6339702606, 24.9256534576, 16.2835998535, 12.3024234772, 9.01694107056, 5.92104625702, 4.2840719223, 2.59129977226, 1.51214909554, 0.654167890549, 0.353524237871, 0.189687088132, 0.0831484943628, 0.0212047249079, 0.00134516053367, 8.08461045381e-05, 1.5437060938e-05, 4.45139949079e-06, 8.93901960808e-06, 1.72446798388e-05],
        "min": [2.75445785292e-07, 2.63014658231e-06, 6.91615878168e-06, 2.07205139304e-05, 2.41188517975e-05, 9.58725067903e-05, 9.41720791161e-05, 4.40343646915e-05, 2.47444168053e-05, 4.36315276602e-05, 6.93845868227e-05, 0.000213793027797, 0.000357965589501, 0.00011703032942, 4.34340254287e-05, 0.000188070218428, 0.000612389529124, 0.000322494423017, 5.88693292229e-05, 0.000210779180634, 0.000289518589852, 0.000163147153216, 0.00010516342445, 0.000111646644655, 3.74198825739e-05, 2.84047036985e-05, 3.69714643966e-06, 2.0174832116e-06, 1.11409349302e-06, 1.15791578992e-06, 5.70483393858e-07, 5.56561417397e-07, 4.62254462263e-07, 1.50219321426e-07, 9.15956093195e-08, 2.62599169076e-08, 1.55856874073e-08, 6.64822108476e-09, 1.56977986165e-09, 3.66057739676e-10],
        "var": [0.0664817914367, 6.77144193649, 42.1623420715, 59.9850997925, 1146.3984375, 248.186248779, 75.0812301636, 107.717712402, 84.6668701172, 184.071777344, 131.421218872, 327.966430664, 1349.45019531, 2841.3684082, 782.752929688, 2908.14355469, 10218.0009766, 5441.62011719, 5990.75439453, 1346.7421875, 1561.12683105, 1739.90075684, 779.909057617, 649.976074219, 470.918212891, 498.129211426, 137.375671387, 53.7610282898, 48.204120636, 13.7923841476, 7.51441717148, 1.19589412212, 0.363178282976, 0.0288937892765, 0.000146070553456, 3.10893028654e-07, 1.81796599996e-09, 8.03779195979e-11, 1.71608685595e-10, 7.68994312672e-10]
    },
    "gfcc": {
        "mean": [-36.386100769, 141.858078003, -184.738128662, 52.503818512, -52.6091384888, 16.5542697906, -23.7631187439, -10.8552923203, -10.7362184525, -26.4182262421, 2.51226639748, -21.9339065552, 2.87450480461],
        "cov": [[3944.89282227, -581.897094727, 129.827331543, 476.300079346, -391.850585938, 215.200302124, -93.7038421631, -137.578186035, -24.6844577789, 161.153182983, 65.6898956299, 18.3308734894, -64.6131591797], [-581.897094727, 492.929718018, 77.961769104, -129.266433716, 234.341217041, -150.465530396, 99.3171920776, 15.0603322983, 52.5211753845, -56.5161628723, 12.8790969849, -10.6780853271, 13.6805267334], [129.827331543, 77.961769104, 232.491027832, 59.6675834656, -0.813587665558, 25.9825973511, -38.0409431458, 16.0124530792, -18.4697589874, 9.77167415619, 24.5458908081, -8.5991897583, -12.9860105515], [476.300079346, -129.266433716, 59.6675834656, 167.170349121, -41.3299560547, 50.2682151794, -0.240571469069, -12.7098007202, -1.41604745388, 42.6219406128, 20.5320110321, 7.00166749954, -27.4313926697], [-391.850585938, 234.341217041, -0.813587665558, -41.3299560547, 236.54486084, -24.4058952332, 100.316886902, 30.2723674774, 42.6101570129, -32.6354866028, 4.65382385254, -9.21068382263, 0.609715402126], [215.200302124, -150.465530396, 25.9825973511, 50.2682151794, -24.4058952332, 169.631729126, 13.1041488647, 29.8305530548, 0.0805016607046, 21.2374954224, 9.8899564743, -1.37636840343, 2.56444096565], [-93.7038421631, 99.3171920776, -38.0409431458, -0.240571469069, 100.316886902, 13.1041488647, 148.494979858, 38.9867019653, 49.148475647, 0.309758722782, 5.90587425232, 11.5293750763, 12.6102838516], [-137.578186035, 15.0603322983, 16.0124530792, -12.7098007202, 30.2723674774, 29.8305530548, 38.9867019653, 91.5694580078, 36.4356842041, -2.78470730782, -1.3433817625, 7.03714418411, 28.3051528931], [-24.6844577789, 52.5211753845, -18.4697589874, -1.41604745388, 42.6101570129, 0.0805016607046, 49.148475647, 36.4356842041, 85.8035812378, 38.0944786072, 11.9337682724, 10.8333730698, 7.86284971237], [161.153182983, -56.5161628723, 9.77167415619, 42.6219406128, -32.6354866028, 21.2374954224, 0.309758722782, -2.78470730782, 38.0944786072, 96.7549514771, 47.565071106, 16.131187439, -20.7110366821], [65.6898956299, 12.8790969849, 24.5458908081, 20.5320110321, 4.65382385254, 9.8899564743, 5.90587425232, -1.3433817625, 11.9337682724, 47.565071106, 76.9460830688, 38.1293640137, -13.4998998642], [18.3308734894, -10.6780853271, -8.5991897583, 7.00166749954, -9.21068382263, -1.37636840343, 11.5293750763, 7.03714418411, 10.8333730698, 16.131187439, 38.1293640137, 62.7699356079, 25.5909042358], [-64.6131591797, 13.6805267334, -12.9860105515, -27.4313926697, 0.609715402126, 2.56444096565, 12.6102838516, 28.3051528931, 7.86284971237, -20.7110366821, -13.4998998642, 25.5909042358, 70.4223480225]],
        "icov": [[0.00049529154785, -0.000134256115416, 5.81691347179e-05, -0.00127307837829, 0.000810325960629, -0.000397920084652, -0.00010444776126, 0.000807194039226, -0.000571689975914, 0.0003296713694, -0.00049641210353, 0.000509005854838, -0.000422261218773], [-0.000134256115416, 0.0330188348889, -0.0229018330574, 0.020799189806, -0.0149467261508, 0.0225323550403, -0.0170694924891, 0.0159025937319, -0.0200543515384, 0.0166133176535, -0.0201407335699, 0.0148768918589, -0.00882722530514], [5.81691347179e-05, -0.0229018330574, 0.0220228657126, -0.017064044252, 0.00913582090288, -0.0154222967103, 0.0144015615806, -0.013845058158, 0.0155333410949, -0.0110505484045, 0.0102422144264, -0.0071721742861, 0.0049704532139], [-0.00127307837829, 0.020799189806, -0.017064044252, 0.0252387411892, -0.00988047663122, 0.0127397906035, -0.0125008253381, 0.00974861066788, -0.0106306774542, 0.00639884732664, -0.0080025261268, 0.00405338825658, -0.000520483241417], [0.000810325960629, -0.0149467261508, 0.00913582090288, -0.00988047663122, 0.0162549875677, -0.00986525788903, 0.00250574457459, -0.0050736698322, 0.00376434414648, -0.00109876412898, 0.00346000399441, -0.00226183841005, 0.00403391011059], [-0.000397920084652, 0.0225323550403, -0.0154222967103, 0.0127397906035, -0.00986525788903, 0.0231832936406, -0.0126065229997, 0.00696015171707, -0.0109742851928, 0.00960204284638, -0.0148584591225, 0.012412071228, -0.00723220966756], [-0.00010444776126, -0.0170694924891, 0.0144015615806, -0.0125008253381, 0.00250574457459, -0.0126065229997, 0.0216299723834, -0.0111812986434, 0.00738120498136, -0.00816584099084, 0.0107500590384, -0.00963360536844, 0.00440060533583], [0.000807194039226, 0.0159025937319, -0.013845058158, 0.00974861066788, -0.0050736698322, 0.00696015171707, -0.0111812986434, 0.0278281513602, -0.0192421413958, 0.0122527172789, -0.0119293481112, 0.00952383968979, -0.0104926181957], [-0.000571689975914, -0.0200543515384, 0.0155333410949, -0.0106306774542, 0.00376434414648, -0.0109742851928, 0.00738120498136, -0.0192421413958, 0.0391143895686, -0.0262497402728, 0.0193128567189, -0.0126235457137, 0.00507647590712], [0.0003296713694, 0.0166133176535, -0.0110505484045, 0.00639884732664, -0.00109876412898, 0.00960204284638, -0.00816584099084, 0.0122527172789, -0.0262497402728, 0.0366108044982, -0.0272818244994, 0.0134729119018, -0.00270066061057], [-0.00049641210353, -0.0201407335699, 0.0102422144264, -0.0080025261268, 0.00346000399441, -0.0148584591225, 0.0107500590384, -0.0119293481112, 0.0193128567189, -0.0272818244994, 0.0517240837216, -0.0368159487844, 0.0187238194048], [0.000509005854838, 0.0148768918589, -0.0071721742861, 0.00405338825658, -0.00226183841005, 0.012412071228, -0.00963360536844, 0.00952383968979, -0.0126235457137, 0.0134729119018, -0.0368159487844, 0.0483712218702, -0.0239654779434], [-0.000422261218773, -0.00882722530514, 0.0049704532139, -0.000520483241417, 0.00403391011059, -0.00723220966756, 0.00440060533583, -0.0104926181957, 0.00507647590712, -0.00270066061057, 0.0187238194048, -0.0239654779434, 0.0308361556381]]
    },
    "melbands": {
        "dmean": [0.000587562914006, 0.000822273083031, 0.000796012114733, 0.000573744415306, 0.000111755827675, 8.36052568047e-05, 5.69119074498e-05, 5.59802356292e-05, 3.87652544305e-05, 4.74942316941e-05, 7.60326802265e-05, 7.34315181035e-05, 4.85947566631e-05, 8.78235296113e-05, 7.72261773818e-05, 6.37912744423e-05, 7.54401262384e-05, 4.02777513955e-05, 2.42615406023e-05, 1.87304085557e-05, 2.46209910983e-05, 1.60725139722e-05, 1.92136576516e-05, 1.04209666461e-05, 7.05998172634e-06, 5.87151589571e-06, 3.31449223268e-06, 3.89370052289e-06, 2.38027155319e-06, 1.5059473526e-06, 9.75236389422e-07, 8.33905005493e-07, 5.52778089968e-07, 4.74897206004e-07, 3.45331670815e-07, 1.74027661615e-07, 1.3223358053e-07, 9.85678383358e-08, 6.20198008505e-08, 2.42605739942e-08],
        "dmean2": [0.000855326536112, 0.00130621658172, 0.00123409368098, 0.000916120421607, 0.000177817113581, 0.000132146276883, 9.35478674364e-05, 8.97362115211e-05, 5.97208600084e-05, 7.40905816201e-05, 0.000123962730868, 0.000117733558, 7.91383281467e-05, 0.000143334662425, 0.000129980733618, 0.000106090461486, 0.000126378581626, 6.64981635055e-05, 4.03001286031e-05, 3.08727649099e-05, 4.07182888011e-05, 2.61650457105e-05, 3.33318494086e-05, 1.70166531461e-05, 1.12869511213e-05, 9.40142581385e-06, 5.19475088367e-06, 6.10368169873e-06, 3.59536102224e-06, 2.25244502872e-06, 1.46493835018e-06, 1.20785102808e-06, 8.09432151527e-07, 7.27957399249e-07, 5.2375719406e-07, 2.41477181362e-07, 1.86348302122e-07, 1.38296798013e-07, 8.8166451917e-08, 3.32386491664e-08],
        "dvar": [4.24116933573e-06, 8.65935817274e-06, 4.19543857788e-06, 2.97666497318e-06, 7.90284175878e-08, 3.61585357211e-08, 1.46270231483e-08, 1.51086325673e-08, 3.69721098181e-09, 4.99431784817e-09, 1.30606068183e-08, 1.63830780053e-08, 4.3346948253e-09, 1.11582760809e-08, 2.51798866202e-08, 1.44956828763e-08, 1.40320741693e-08, 7.46079464875e-09, 1.59528656951e-09, 9.54064049985e-10, 1.20447962715e-09, 7.85232101563e-10, 1.35542943536e-09, 5.45009259945e-10, 2.50792886458e-10, 2.24444698937e-10, 3.80992286331e-11, 8.18628914656e-11, 2.64158226543e-11, 1.34076152958e-11, 4.30860468831e-12, 4.1018408288e-12, 1.49920993588e-12, 1.82418316563e-12, 1.0187411895e-12, 1.6980905885e-13, 8.3726658961e-14, 5.41315242956e-14, 2.55574336379e-14, 4.75537849116e-15],
        "dvar2": [8.43624457048e-06, 1.92491970665e-05, 9.60713623499e-06, 6.47274828225e-06, 1.95387087842e-07, 8.63956373109e-08, 3.31047900204e-08, 3.6190389352e-08, 8.602691004e-09, 1.1077562867e-08, 3.51274564991e-08, 3.95369674777e-08, 1.18650440584e-08, 2.98369542406e-08, 6.81286209669e-08, 3.88310361643e-08, 3.58029978997e-08, 1.96137950326e-08, 4.11834388814e-09, 2.616581396e-09, 3.01735214592e-09, 2.04685490779e-09, 4.06578282153e-09, 1.31826094485e-09, 6.83709755478e-10, 5.75580638706e-10, 8.87551560025e-11, 2.01907629505e-10, 5.49515641324e-11, 3.33568034305e-11, 9.40139199129e-12, 9.41072740568e-12, 3.408127296e-12, 3.95590938479e-12, 2.3347771199e-12, 2.94284643312e-13, 1.43256066731e-13, 1.03065302061e-13, 4.79187849611e-14, 8.88381961717e-15],
        "max": [0.0325464569032, 0.0506709069014, 0.0178788565099, 0.0179211832583, 0.00388748920523, 0.00300691858865, 0.00151873612776, 0.00167174614035, 0.000643801642582, 0.000960845092777, 0.00208471924998, 0.00295540923253, 0.000868348171934, 0.00122927012853, 0.00296548381448, 0.00203207531013, 0.00130212388467, 0.00173187430482, 0.000765218166634, 0.000465932593215, 0.000397920259275, 0.000453997665318, 0.00060477288207, 0.000454143155366, 0.000281504966551, 0.000320457242196, 0.00012642321235, 0.000234805585933, 0.000107044201286, 8.67528724484e-05, 3.93216469092e-05, 8.12486468931e-05, 2.63681540673e-05, 2.40444915107e-05, 2.2633397748e-05, 5.60895705348e-06, 5.32043395651e-06, 4.81973575006e-06, 2.59096009358e-06, 1.3526175735e-06],
        "mean": [0.000838012841996, 0.00120055861771, 0.00118772010319, 0.000731040665414, 0.000189485901501, 0.000152718188474, 8.55990947457e-05, 9.18019723031e-05, 7.54796565161e-05, 0.000100862802356, 0.000158625218319, 0.000143373210449, 9.21282116906e-05, 0.000162277239724, 0.000126729006297, 0.000103087302705, 0.00011996680405, 6.79468357703e-05, 4.44101497123e-05, 3.16230507451e-05, 4.58295762655e-05, 3.49508154613e-05, 3.48940411641e-05, 2.15893178392e-05, 1.49226007125e-05, 1.39601897899e-05, 7.90055310063e-06, 8.26150244393e-06, 5.05716207044e-06, 3.58742749995e-06, 2.61842092186e-06, 2.19781964006e-06, 1.21160769595e-06, 1.03403112917e-06, 8.26968232559e-07, 3.9296330101e-07, 3.30674851057e-07, 2.18117932604e-07, 1.32445592271e-07, 4.30165485454e-08],
        "median": [0.000139060197398, 0.000202971772524, 0.000577853061259, 0.000209683988942, 9.18915757211e-05, 7.89245968917e-05, 3.98446682084e-05, 5.10667450726e-05, 4.46552148787e-05, 6.2426115619e-05, 9.00365193957e-05, 5.70586635149e-05, 5.42357120139e-05, 0.000123436839203, 6.74316761433e-05, 5.88874536334e-05, 6.8004213972e-05, 3.20375402225e-05, 2.97934402624e-05, 2.20795991481e-05, 3.13893542625e-05, 2.30559235206e-05, 2.1562063921e-05, 1.14375570774e-05, 8.429717127e-06, 8.49402749736e-06, 4.49759727417e-06, 3.50712980435e-06, 2.30543810176e-06, 1.25810015561e-06, 1.08077381356e-06, 8.35699665913e-07, 3.94426052708e-07, 2.39013360215e-07, 2.28624315923e-07, 1.16155462138e-07, 1.05050737886e-07, 6.24651335102e-08, 3.37690728713e-08, 1.1502920394e-08],
        "min": [3.59615226486e-09, 3.42083761318e-09, 3.65468966201e-09, 3.92760224344e-09, 3.91276389067e-09, 1.04021302683e-09, 3.66349894865e-10, 4.44037084879e-10, 5.99016392044e-10, 1.90864857252e-09, 1.77297043713e-09, 3.69957009472e-10, 1.46931813938e-10, 1.91101690028e-10, 1.39016986811e-09, 1.07108033554e-09, 4.08694494913e-10, 9.15770376198e-11, 1.15265519351e-10, 3.43595624175e-10, 4.15658979458e-10, 2.11852091425e-10, 1.49036449848e-10, 5.96862836932e-11, 9.56481699399e-11, 4.55567805702e-11, 1.32182676263e-11, 1.95693218574e-11, 1.69876482672e-12, 1.07342975654e-12, 1.14769597905e-12, 5.9194614271e-13, 6.0469706499e-13, 6.5905462511e-13, 2.96005001109e-13, 2.99766857387e-13, 3.36142924476e-13, 3.37491590664e-13, 2.04686541696e-13, 1.05727411418e-13],
        "var": [6.82769723426e-06, 1.14866061267e-05, 4.69863425678e-06, 3.66601511814e-06, 9.81724284088e-08, 5.25392742645e-08, 2.02415080253e-08, 2.00254781646e-08, 8.63847571253e-09, 1.35721514027e-08, 3.50113076308e-08, 5.72199354565e-08, 1.10692033317e-08, 2.24928626835e-08, 3.93049930381e-08, 2.13324362619e-08, 2.23971401425e-08, 1.54551660358e-08, 2.9819084979e-09, 1.30998056846e-09, 2.4105497598e-09, 1.83146720012e-09, 2.24754237443e-09, 1.21961785116e-09, 4.5503226187e-10, 4.23309082231e-10, 1.29283347916e-10, 2.36862141012e-10, 7.06093378211e-11, 3.84241041762e-11, 1.81181354642e-11, 2.36520369262e-11, 4.95384896299e-12, 5.24614249611e-12, 3.73721322985e-12, 5.69021826186e-13, 3.67447879849e-13, 2.16468390522e-13, 8.14845763021e-14, 1.01238038542e-14]
    },
    "mfcc": {
        "mean": [-645.09197998, 137.319061279, -43.8258056641, 24.206445694, 1.60858118534, 14.4821395874, 3.59689974785, 9.94532394409, -4.21910142899, -0.0203406382352, -6.64301538467, 0.317167311907, -7.51329421997],
        "cov": [[3800.40429688, -688.080383301, 229.079162598, 196.369216919, -196.535766602, 244.921875, -65.9780044556, -117.230079651, -144.531158447, -54.0977172852, 82.0305252075, 154.772567749, 48.9070472717], [-688.080383301, 685.115905762, -153.329330444, 68.6267852783, 86.2312469482, -73.0659255981, 41.8236999512, 63.7193260193, 53.5718002319, 40.7926216125, -9.0265827179, -36.3416442871, -36.4398765564], [229.079162598, -153.329330444, 299.07635498, -6.52898073196, 17.7292175293, 7.54983663559, -2.08068203926, -34.4961013794, -38.4757118225, -16.1628704071, 14.4975919724, 19.9253177643, 11.6751718521], [196.369216919, 68.6267852783, -6.52898073196, 166.546691895, 3.7571413517, 9.9169216156, 11.6468715668, -5.13446569443, -7.72715139389, -3.1617808342, 25.3566799164, 42.3398017883, 12.0667295456], [-196.535766602, 86.2312469482, 17.7292175293, 3.7571413517, 111.954216003, 3.53994226456, 23.218755722, 19.9579658508, 12.4277067184, 15.649266243, 0.850027859211, -5.41657209396, 0.333705246449], [244.921875, -73.0659255981, 7.54983663559, 9.9169216156, 3.53994226456, 107.742004395, 33.5314331055, 5.37886095047, -3.94847655296, 11.3853235245, 23.9226150513, 36.4797401428, 23.4133434296], [-65.9780044556, 41.8236999512, -2.08068203926, 11.6468715668, 23.218755722, 33.5314331055, 88.4022521973, 42.4603042603, 8.12982463837, 7.53945350647, 5.80900382996, 15.8341388702, 15.5971574783], [-117.230079651, 63.7193260193, -34.4961013794, -5.13446569443, 19.9579658508, 5.37886095047, 42.4603042603, 98.3684616089, 59.3189048767, 23.3932228088, -12.1530790329, -19.2680797577, 7.05837583542], [-144.531158447, 53.5718002319, -38.4757118225, -7.72715139389, 12.4277067184, -3.94847655296, 8.12982463837, 59.3189048767, 104.432731628, 48.4860115051, -13.2542629242, -42.0242767334, -4.44582176208], [-54.0977172852, 40.7926216125, -16.1628704071, -3.1617808342, 15.649266243, 11.3853235245, 7.53945350647, 23.3932228088, 48.4860115051, 79.7427597046, 31.3291473389, -11.1667118073, -18.6736927032], [82.0305252075, -9.0265827179, 14.4975919724, 25.3566799164, 0.850027859211, 23.9226150513, 5.80900382996, -12.1530790329, -13.2542629242, 31.3291473389, 101.855453491, 66.1946258545, -8.1279668808], [154.772567749, -36.3416442871, 19.9253177643, 42.3398017883, -5.41657209396, 36.4797401428, 15.8341388702, -19.2680797577, -42.0242767334, -11.1667118073, 66.1946258545, 127.458068848, 54.4999084473], [48.9070472717, -36.4398765564, 11.6751718521, 12.0667295456, 0.333705246449, 23.4133434296, 15.5971574783, 7.05837583542, -4.44582176208, -18.6736927032, -8.1279668808, 54.4999084473, 118.042251587]],
