{
"lowlevel": {
    "average_loudness": 0.981577217579,
    "barkbands_crest": {
        "dmean": 2.63022756577,
        "dmean2": 4.1464304924,
        "dvar": 5.00382375717,
        "dvar2": 13.3510427475,
        "max": 25.2025966644,
        "mean": 9.86726760864,
        "median": 9.40140342712,
        "min": 2.44060277939,
        "var": 12.2692422867
    },
    "barkbands_flatness_db": {
        "dmean": 0.0188452657312,
        "dmean2": 0.0294255148619,
        "dvar": 0.000308728253003,
        "dvar2": 0.000775514810812,
        "max": 0.329147607088,
        "mean": 0.15146972239,
        "median": 0.146914377809,
        "min": 0.0782506614923,
        "var": 0.00114142231178
    },
    "barkbands_kurtosis": {
        "dmean": 1.55391931534,
        "dmean2": 2.52181625366,
        "dvar": 7.88152980804,
        "dvar2": 19.928894043,
        "max": 48.4163551331,
        "mean": 1.02448022366,
        "median": -0.165654182434,
        "min": -1.78144848347,
        "var": 16.5872325897
    },
    "barkbands_skewness": {
        "dmean": 0.475210756063,
        "dmean2": 0.738863170147,
        "dvar": 0.255310773849,
        "dvar2": 0.584093391895,
        "max": 6.58404779434,
        "mean": 1.1987375021,
        "median": 1.07097089291,
        "min": -2.52973914146,
        "var": 0.719810843468
    },
    "barkbands_spread": {
        "dmean": 6.36892652512,
        "dmean2": 9.93627643585,
        "dvar": 40.1222801208,
        "dvar2": 92.3631515503,
        "max": 82.1165618896,
        "mean": 34.0298995972,
        "median": 33.7950744629,
        "min": 3.75003314018,
        "var": 140.681518555
    },
    "dissonance": {
        "dmean": 0.011002340354,
        "dmean2": 0.0186697803438,
        "dvar": 0.000181180774234,
        "dvar2": 0.000560431974009,
        "max": 0.499849230051,
        "mean": 0.481772720814,
        "median": 0.485597670078,
        "min": 0.271075189114,
        "var": 0.00025220378302
    },
    "dynamic_complexity": 1.21069931984,
    "erbbands_crest": {
        "dmean": 2.7852833271,
        "dmean2": 4.46260976791,
        "dvar": 8.58309268951,
        "dvar2": 20.1385154724,
        "max": 30.8108692169,
        "mean": 8.88081073761,
        "median": 7.2719950676,
        "min": 2.61749410629,
        "var": 23.5081939697
    },
    "erbbands_flatness_db": {
        "dmean": 0.0141361355782,
        "dmean2": 0.0201430805027,
        "dvar": 0.000220549482037,
        "dvar2": 0.000466727127787,
        "max": 0.375025868416,
        "mean": 0.173409193754,
        "median": 0.171361073852,
        "min": 0.0898022577167,
        "var": 0.000938882876653
    },
    "erbbands_kurtosis": {
        "dmean": 0.953050434589,
        "dmean2": 1.49247705936,
        "dvar": 1.389133811,
        "dvar2": 2.95673441887,
        "max": 13.2460803986,
        "mean": 0.582947969437,
        "median": 0.120073795319,
        "min": -1.61700975895,
        "var": 3.25303697586
    },
    "erbbands_skewness": {
        "dmean": 0.337287396193,
        "dmean2": 0.510689496994,
        "dvar": 0.111170716584,
        "dvar2": 0.234376907349,
        "max": 2.23067903519,
        "mean": -0.53663700819,
        "median": -0.550474464893,
        "min": -3.24598288536,
        "var": 0.43058180809
    },
    "erbbands_spread": {
        "dmean": 8.23232555389,
        "dmean2": 12.2592973709,
        "dvar": 67.5914611816,
        "dvar2": 135.434432983,
        "max": 118.614456177,
        "mean": 40.0468788147,
        "median": 37.5954780579,
        "min": 6.2430896759,
        "var": 256.260070801
    },
    "hfc": {
        "dmean": 7.14618587494,
        "dmean2": 10.8505210876,
        "dvar": 54.5235939026,
        "dvar2": 114.63710022,
        "max": 78.9938812256,
        "mean": 34.9439659119,
        "median": 35.5657539368,
        "min": 0.000377534568543,
        "var": 185.635604858
    },
    "melbands_crest": {
        "dmean": 3.38639211655,
        "dmean2": 5.32488584518,
        "dvar": 8.25913333893,
        "dvar2": 23.1748065948,
        "max": 31.2961196899,
        "mean": 15.8847227097,
        "median": 15.7075452805,
        "min": 4.42597675323,
        "var": 19.8668670654
    },
    "melbands_flatness_db": {
        "dmean": 0.0238673333079,
        "dmean2": 0.0366079956293,
        "dvar": 0.000479999929667,
        "dvar2": 0.00111344293691,
        "max": 0.399196088314,
        "mean": 0.175820216537,
        "median": 0.172660559416,
        "min": 0.0393730960786,
        "var": 0.00203904393129
    },
    "melbands_kurtosis": {
        "dmean": 5.87594270706,
        "dmean2": 9.24252891541,
        "dvar": 96.9042510986,
        "dvar2": 245.227157593,
        "max": 161.664123535,
        "mean": 10.5117273331,
        "median": 6.41674804688,
        "min": -1.67504286766,
        "var": 183.572692871
    },
    "melbands_skewness": {
        "dmean": 0.736945509911,
        "dmean2": 1.12581789494,
        "dvar": 0.614018380642,
        "dvar2": 1.3976265192,
        "max": 11.6660785675,
        "mean": 2.79863500595,
        "median": 2.54887270927,
        "min": -1.00554418564,
        "var": 1.8227468729
    },
    "melbands_spread": {
        "dmean": 9.0995426178,
        "dmean2": 14.1583461761,
        "dvar": 96.272026062,
        "dvar2": 209.677078247,
        "max": 179.668334961,
        "mean": 31.2159233093,
        "median": 29.9826755524,
        "min": 2.16355490685,
        "var": 226.671035767
    },
    "pitch_salience": {
        "dmean": 0.0758865997195,
        "dmean2": 0.119141556323,
        "dvar": 0.00456416746601,
        "dvar2": 0.0113324970007,
        "max": 0.880788683891,
        "mean": 0.50583833456,
        "median": 0.500571072102,
        "min": 0.117557905614,
        "var": 0.0119887990877
    },
    "silence_rate_20dB": {
        "dmean": 0,
        "dmean2": 0,
        "dvar": 0,
        "dvar2": 0,
        "max": 1,
        "mean": 1,
        "median": 1,
        "min": 1,
        "var": 0
    },
    "silence_rate_30dB": {
        "dmean": 0,
        "dmean2": 0,
        "dvar": 0,
        "dvar2": 0,
        "max": 1,
        "mean": 1,
        "median": 1,
        "min": 1,
        "var": 0
    },
    "silence_rate_60dB": {
        "dmean": 0.00232198135927,
        "dmean2": 0.00464576063678,
        "dvar": 0.00231661158614,
        "dvar2": 0.00694703031331,
        "max": 1,
        "mean": 0.0100580267608,
        "median": 0,
        "min": 0,
        "var": 0.00995678734034
    },
    "spectral_centroid": {
        "dmean": 266.203063965,
        "dmean2": 417.244232178,
        "dvar": 68588.5546875,
        "dvar2": 149440.234375,
        "max": 4565.5390625,
        "mean": 1912.16223145,
        "median": 1950.17114258,
        "min": 347.486236572,
        "var": 238153.65625
    },
    "spectral_complexity": {
        "dmean": 5.06965923309,
        "dmean2": 7.63608217239,
        "dvar": 21.8171653748,
        "dvar2": 43.5509529114,
        "max": 57,
        "mean": 33.1036758423,
        "median": 36,
        "min": 0,
        "var": 133.933517456
    },
    "spectral_decrease": {
        "dmean": 2.59144550263e-09,
        "dmean2": 4.12521394821e-09,
        "dvar": 5.92164993406e-18,
        "dvar2": 1.44627897893e-17,
        "max": -7.59586349982e-14,
        "mean": -1.03132347107e-08,
        "median": -1.0030728248e-08,
        "min": -2.25443095303e-08,
        "var": 1.4443016864e-17
    },
    "spectral_energy": {
        "dmean": 0.0100619895384,
        "dmean2": 0.015921998769,
        "dvar": 8.72213058756e-05,
        "dvar2": 0.000212165046833,
        "max": 0.0887503921986,
        "mean": 0.0420940034091,
        "median": 0.0412230230868,
        "min": 3.21596189679e-07,
        "var": 0.000221067224629
    },
    "spectral_energyband_high": {
        "dmean": 0.000470724044135,
        "dmean2": 0.000700224481989,
        "dvar": 5.12811425324e-07,
        "dvar2": 9.85370888884e-07,
        "max": 0.0101435845718,
        "mean": 0.00159654766321,
        "median": 0.00126198830549,
        "min": 1.23216130632e-08,
        "var": 1.73712862761e-06
    },
    "spectral_energyband_low": {
        "dmean": 0.00833141710609,
        "dmean2": 0.0133883599192,
        "dvar": 8.16770771053e-05,
        "dvar2": 0.000204753843718,
        "max": 0.0729602500796,
        "mean": 0.0221151299775,
        "median": 0.0198413915932,
        "min": 7.82945619449e-08,
        "var": 0.000182508287253
    },
    "spectral_energyband_middle_high": {
        "dmean": 0.00269094621763,
        "dmean2": 0.00393468001857,
        "dvar": 9.22803519643e-06,
        "dvar2": 1.80769293365e-05,
        "max": 0.0317764282227,
        "mean": 0.0101595241576,
        "median": 0.00890334323049,
        "min": 8.20708052629e-08,
        "var": 3.62029386451e-05
    },
    "spectral_energyband_middle_low": {
        "dmean": 0.00488365860656,
        "dmean2": 0.00782362464815,
        "dvar": 3.17842823279e-05,
        "dvar2": 7.39101087674e-05,
        "max": 0.0481149964035,
        "mean": 0.0103001333773,
        "median": 0.00860448181629,
        "min": 1.18312961206e-07,
        "var": 5.37232226634e-05
    },
    "spectral_entropy": {
        "dmean": 0.10797932744,
        "dmean2": 0.157209023833,
        "dvar": 0.0176620446146,
        "dvar2": 0.0354383476079,
        "max": 8.39987182617,
        "mean": 7.80800676346,
        "median": 7.83190965652,
        "min": 5.84836435318,
        "var": 0.0706687197089
    },
    "spectral_flux": {
        "dmean": 0.027480756864,
        "dmean2": 0.0414096713066,
        "dvar": 0.000545354560018,
        "dvar2": 0.0012342861155,
        "max": 0.230568528175,
        "mean": 0.116641975939,
        "median": 0.114383101463,
        "min": 0.000567094539292,
        "var": 0.00140057271346
    },
    "spectral_kurtosis": {
        "dmean": 1.14762043953,
        "dmean2": 1.98154950142,
        "dvar": 1.40432608128,
        "dvar2": 3.98828315735,
        "max": 20.0835762024,
        "mean": 2.412348032,
        "median": 2.15106058121,
        "min": -0.722439289093,
        "var": 2.37728881836
    },
    "spectral_rms": {
        "dmean": 0.000766540877521,
        "dmean2": 0.00120148237329,
        "dvar": 4.93952882152e-07,
        "dvar2": 1.18482955713e-06,
        "max": 0.00930514652282,
        "mean": 0.00628023920581,
        "median": 0.00634173350409,
        "min": 1.77130568773e-05,
        "var": 1.62590777109e-06
    },
    "spectral_rolloff": {
        "dmean": 573.197753906,
        "dmean2": 936.165405273,
        "dvar": 530374.9375,
        "dvar2": 1147398,
        "max": 8139.55078125,
        "mean": 1917.94506836,
        "median": 1959.52148438,
        "min": 86.1328125,
        "var": 1144221
    },
    "spectral_skewness": {
        "dmean": 0.161022126675,
        "dmean2": 0.269371598959,
        "dvar": 0.0211579799652,
        "dvar2": 0.0560783520341,
        "max": 2.72305512428,
        "mean": 0.976846218109,
        "median": 0.951771616936,
        "min": 0.0313802063465,
        "var": 0.0649905130267
    },
    "spectral_spread": {
        "dmean": 360684.96875,
        "dmean2": 507211.46875,
        "dvar": 161893629952,
        "dvar2": 276761280512,
        "max": 9461917,
        "mean": 3909350,
        "median": 3703419.5,
        "min": 2464808.75,
        "var": 815732293632
    },
    "spectral_strongpeak": {
        "dmean": 0.58681178093,
        "dmean2": 1.02119791508,
        "dvar": 1.69778490067,
        "dvar2": 4.20494794846,
        "max": 13.5605888367,
        "mean": 0.80340051651,
        "median": 0.466958075762,
        "min": 0.000309207884129,
        "var": 1.68051350117
    },
    "zerocrossingrate": {
        "dmean": 0.00897065643221,
        "dmean2": 0.010642375797,
        "dvar": 0.00010171449685,
        "dvar2": 0.000131327324198,
        "max": 0.28173828125,
        "mean": 0.0658395811915,
        "median": 0.0634765625,
        "min": 0.009765625,
        "var": 0.000538149033673
    },
    "barkbands": {
        "dmean": [0.000109909808089, 0.00575739843771, 0.00497615989298, 0.0025109956041, 0.00181168538984, 0.00109347002581, 0.0016320621362, 0.000521256588399, 0.000416416238295, 0.000489365193062, 0.000861052365508, 0.000325890810927, 0.000502470822539, 0.000463331176434, 0.000909786031116, 0.000662585080136, 0.000718931318261, 0.000467281875899, 0.000327763555106, 0.000255307619227, 0.000147952829138, 0.000129512147396, 0.000130090207676, 8.75698169693e-05, 2.97160404443e-05, 2.66565240992e-08, 3.44972717059e-09],
        "dmean2": [0.000178606453119, 0.00948620215058, 0.00794234406203, 0.00432062335312, 0.00314191496, 0.00168345298152, 0.00257808761671, 0.00085412786575, 0.000679123215377, 0.00074907252565, 0.00123919930775, 0.000512061524205, 0.000798324064817, 0.000740447605494, 0.00141387502663, 0.00102750118822, 0.00111835310236, 0.000765283766668, 0.000547624134924, 0.000416636408772, 0.00024120080343, 0.000200679234695, 0.000192293096916, 0.000129013715195, 4.44117722509e-05, 4.19163512788e-08, 6.42924113947e-09],
        "dvar": [1.90734734673e-08, 4.94227788295e-05, 3.91366666008e-05, 1.36133767228e-05, 7.10753238309e-06, 3.81292443308e-06, 5.35088338438e-06, 1.10827750177e-06, 7.61275487093e-07, 1.69163934061e-06, 3.7592890294e-06, 5.13307099936e-07, 8.9491311428e-07, 9.18083571833e-07, 2.5769234071e-06, 1.16545436413e-06, 1.7364956193e-06, 2.8907027172e-07, 1.47708703935e-07, 9.23053207202e-08, 4.04867535053e-08, 5.67643354543e-08, 8.82994868334e-08, 3.83603477871e-08, 4.12599199251e-09, 3.00680517946e-15, 9.49217546173e-17],
        "dvar2": [4.9620538789e-08, 0.000140219257446, 9.67989035416e-05, 3.61005913874e-05, 1.88709655049e-05, 7.9201781773e-06, 1.15198045023e-05, 2.61013201452e-06, 1.74151352894e-06, 3.62815148947e-06, 6.91647437634e-06, 1.15482714591e-06, 2.08438927984e-06, 2.01716352421e-06, 5.74361001782e-06, 2.59352327703e-06, 3.54862027052e-06, 7.19730110177e-07, 3.90714831155e-07, 2.49983685308e-07, 9.76883498538e-08, 1.33363457167e-07, 1.71300868601e-07, 7.50927924287e-08, 7.93937360299e-09, 6.82433439186e-15, 2.77674340769e-16],
        "max": [0.00101087451912, 0.0625940263271, 0.046892568469, 0.0308751109987, 0.020745774731, 0.0271363034844, 0.021994587034, 0.0166403818876, 0.0207975059748, 0.0232826843858, 0.0245154723525, 0.0211304612458, 0.0138221438974, 0.0175763051957, 0.0208350196481, 0.0166096761823, 0.0205134581774, 0.00615757191554, 0.0046530244872, 0.00567036122084, 0.00416280515492, 0.0041297650896, 0.00480806082487, 0.00261198240332, 0.000776454631705, 8.36370134039e-07, 1.86659789847e-07],
        "mean": [0.000135312977363, 0.0099643887952, 0.010030197911, 0.00281153665856, 0.00209493516013, 0.00158343510702, 0.00234732497483, 0.000642812286969, 0.000682219979353, 0.000711943954229, 0.00140574958641, 0.000481893104734, 0.000717912625987, 0.000683004269376, 0.00147350062616, 0.00119848432951, 0.00152399332728, 0.000947963621002, 0.000738575588912, 0.000654413423035, 0.000390898843762, 0.000333134201355, 0.000289349845843, 0.000192704697838, 5.82994689466e-05, 4.18607761787e-08, 2.50258769263e-09],
        "median": [8.6576132162e-05, 0.00701764551923, 0.00814364664257, 0.00166889757384, 0.00120134605095, 0.000690534419846, 0.00102069007698, 0.000240608758759, 0.000228377670282, 0.000153277040226, 0.000302413885947, 0.000205172676942, 0.000402595644118, 0.000420413678512, 0.000781209091656, 0.000788033998106, 0.0010473303264, 0.000829226861242, 0.000688515137881, 0.000606279703788, 0.000356868258677, 0.000248805969022, 0.0001603931305, 0.000101632242149, 2.64251666522e-05, 1.8865101481e-08, 7.6721057285e-10],
        "min": [1.20537385628e-10, 2.74457274685e-08, 2.25126157716e-08, 4.76553800866e-08, 1.39184264114e-08, 4.67030725204e-09, 5.1623070263e-09, 2.78331335757e-09, 1.07612208033e-09, 1.09865372355e-09, 3.15212717039e-10, 1.33410249514e-09, 4.59234916761e-09, 5.52514123342e-09, 5.02039476658e-09, 1.17035963143e-08, 9.4122105665e-09, 4.86563411783e-09, 1.13479972086e-08, 6.94052593175e-09, 4.0598040485e-09, 1.59531632349e-09, 1.15469800388e-09, 8.09459610451e-10, 4.92754205494e-11, 2.45393592599e-12, 3.6384025133e-12],
        "var": [2.17157989368e-08, 8.33636368043e-05, 6.3835614128e-05, 1.18977786769e-05, 7.00279997545e-06, 7.21935521142e-06, 1.03802312879e-05, 1.51958033712e-06, 3.07650248033e-06, 3.65633104593e-06, 8.97421978152e-06, 1.55975203597e-06, 1.45618150782e-06, 1.30013529542e-06, 4.75205433759e-06, 2.30731416195e-06, 4.2687338464e-06, 5.21559172739e-07, 2.50316503525e-07, 1.95207391585e-07, 7.62499112739e-08, 1.22922443779e-07, 2.32001369227e-07, 9.7928605669e-08, 1.1242833331e-08, 5.81216855989e-15, 5.58442006157e-17]
    },
    "erbbands": {
        "dmean": [0.112740591168, 1.51114022732, 4.79036712646, 8.2170791626, 5.04014348984, 6.84717845917, 6.31655025482, 10.6498184204, 22.3275928497, 19.2026500702, 10.3300580978, 9.77975463867, 11.0987653732, 24.1533527374, 27.9482574463, 12.8653993607, 20.734418869, 23.9604358673, 25.3268795013, 52.4040565491, 30.3661594391, 38.0057296753, 23.7164573669, 21.2333927155, 13.7599544525, 12.5326528549, 7.94703817368, 5.3175907135, 4.48916816711, 4.64484739304, 3.48814439774, 1.9616317749, 1.45907747746, 0.607365190983, 0.058549489826, 0.00246564717963, 0.000114118061902, 1.52002012328e-05, 6.72588066664e-06, 1.14829099402e-05],
        "dmean2": [0.191722750664, 2.46222472191, 7.61965322495, 13.811170578, 8.39487457275, 11.7676544189, 10.5536928177, 16.384677887, 35.267375946, 30.0608310699, 17.2806453705, 16.1671028137, 17.0085067749, 34.7903556824, 38.8830833435, 19.5669307709, 32.8558502197, 37.8226699829, 39.7033615112, 80.5607910156, 47.5084495544, 58.6978263855, 38.7492752075, 35.4547615051, 22.8032474518, 20.6164321899, 13.1330757141, 8.70395183563, 7.0499048233, 7.00775575638, 5.17205047607, 2.89617300034, 2.17961645126, 0.876557350159, 0.0880774483085, 0.00369462766685, 0.000165025121532, 2.18683417188e-05, 1.00813922472e-05, 1.80054103112e-05],
        "dvar": [0.0178078506142, 3.42681336403, 36.4143180847, 116.749397278, 78.2086715698, 94.2912368774, 105.865882874, 419.676025391, 1269.18359375, 899.347351074, 521.993408203, 435.668640137, 893.265991211, 3084.78344727, 4378.63183594, 685.04876709, 1433.01245117, 2380.21118164, 2043.82397461, 9089.61132812, 2195.88085938, 6017.61669922, 648.699279785, 673.993652344, 283.738098145, 207.569732666, 126.113487244, 55.6743659973, 63.6728782654, 108.976982117, 58.735874176, 16.5742416382, 12.5735387802, 1.72963130474, 0.0170428678393, 2.99132534565e-05, 5.97567506588e-08, 8.96105190051e-10, 5.44567030358e-11, 1.0825566138e-10],
        "dvar2": [0.0565369911492, 9.31768035889, 91.9654693604, 300.555999756, 201.258926392, 251.94178772, 248.714630127, 909.366516113, 2898.00146484, 1971.53076172, 1281.93933105, 998.629882812, 2127.10791016, 6390.80664062, 7868.45458984, 1355.32177734, 3258.00463867, 5172.64404297, 4825.68896484, 19777.0722656, 4668.44042969, 11623.5615234, 1643.46008301, 1798.84863281, 755.116455078, 561.905578613, 307.868164062, 146.761886597, 153.383682251, 205.681716919, 118.44392395, 31.6410522461, 25.9022521973, 3.20053815842, 0.0351776890457, 6.02772524871e-05, 1.13116875866e-07, 1.64562063976e-09, 1.07208734945e-10, 2.56759613571e-10],
        "max": [0.881330430508, 16.8542385101, 47.3509101868, 73.095916748, 111.818496704, 90.9908447266, 170.16015625, 305.1121521, 351.454986572, 425.177734375, 371.080871582, 596.857543945, 492.790008545, 955.380615234, 1053.69433594, 1018.46942139, 716.969787598, 987.27911377, 544.756225586, 1418.11401367, 1132.71228027, 1377.32104492, 360.283050537, 413.592895508, 313.910247803, 165.566085815, 206.671783447, 122.476043701, 143.502685547, 161.734909058, 122.57383728, 72.0094680786, 55.4615440369, 16.1079692841, 1.60490214825, 0.0684495270252, 0.00322639732622, 0.000395104725612, 0.000105327548226, 0.000104584694782],
        "mean": [0.194469451904, 2.61876273155, 10.2456054688, 12.231303215, 6.36291694641, 7.89091730118, 8.39574337006, 15.1628417969, 29.3540554047, 29.2190666199, 13.6355247498, 15.1899585724, 17.7792816162, 39.3135185242, 46.1228523254, 22.2975654602, 31.8612937927, 37.4839401245, 45.6928710938, 94.989654541, 65.7956390381, 83.7002029419, 54.344455719, 44.5413894653, 34.6401519775, 31.9739189148, 19.9101219177, 14.1864585876, 11.5521211624, 10.6163053513, 7.60896778107, 4.35621500015, 3.06754136086, 1.25854218006, 0.106336727738, 0.00467248726636, 0.000264049391262, 4.14669411839e-05, 3.12765478157e-05, 5.28615419171e-05],
        "median": [0.153010308743, 1.76152777672, 8.53022575378, 9.36934947968, 3.91728806496, 4.46633720398, 4.32206106186, 6.19288396835, 12.3083648682, 11.7261686325, 5.75057792664, 5.84635066986, 5.10421466827, 10.7354688644, 12.6069803238, 10.8743448257, 18.4909114838, 22.4623260498, 31.4712409973, 50.9699668884, 51.5562782288, 56.7603988647, 48.8448829651, 40.223777771, 32.5571250916, 29.9272480011, 17.9573192596, 12.6627521515, 8.7412147522, 6.23027420044, 4.20946407318, 2.36981749535, 1.5439375639, 0.598552525043, 0.0460814647377, 0.00211919634603, 0.000141483222251, 2.60554243141e-05, 2.9350294426e-05, 5.23551971128e-05],
        "min": [4.03519266001e-07, 7.75435182732e-06, 2.4151737307e-05, 0.000120093478472, 0.000160161449458, 2.42048863583e-05, 4.52171225334e-05, 3.99736964027e-05, 9.78637326625e-05, 3.24150096276e-05, 3.36124685418e-05, 2.17128163058e-05, 3.0110735679e-05, 3.51003764081e-05, 2.47716343438e-05, 8.49385687616e-05, 0.000217979642912, 0.000238415610511, 0.000291758595267, 0.000583153625485, 0.000456735113403, 0.000528398668393, 0.000214569517993, 0.000587573042139, 0.00045554767712, 0.000366406398825, 0.000172900778125, 8.40862412588e-05, 5.44855392945e-05, 7.41662006476e-05, 2.98205377476e-05, 2.42892492679e-05, 8.05204308563e-06, 1.1642634945e-06, 5.44894476207e-08, 9.7637151697e-09, 5.6140287974e-09, 1.83685222588e-09, 7.87564180538e-10, 4.67423488804e-10],
        "var": [0.0282456483692, 5.83688402176, 59.3724060059, 126.077323914, 70.1564483643, 99.5131759644, 169.339035034, 742.754394531, 2020.14733887, 2046.40600586, 689.296508789, 1463.62231445, 1879.78063965, 7254.90527344, 9749.66894531, 2958.22460938, 2337.82055664, 3668.5144043, 2954.34301758, 19724.4902344, 5100.43408203, 14730.8720703, 1354.80664062, 1024.50085449, 508.927124023, 459.740509033, 212.775848389, 97.7978515625, 133.922424316, 285.473083496, 148.377700806, 41.9057197571, 30.4138336182, 4.91574525833, 0.0413500294089, 7.50300241634e-05, 1.68841054915e-07, 2.71962830034e-09, 1.91441834607e-10, 3.01249414303e-10]
    },
    "gfcc": {
        "mean": [29.1646404266, 108.184028625, -152.161758423, 81.7799224854, -58.4097976685, 25.5730209351, -36.9201812744, 4.11541843414, -4.90763711929, -12.2417840958, 4.35563707352, -18.112121582, 2.95392894745],
        "cov": [[1825.93359375, -100.361557007, 40.7344055176, 58.2460327148, -126.52355957, 70.1894989014, -88.5180282593, 19.0124607086, -82.0966186523, -1.40469932556, -43.0703125, -0.39157307148, -37.8068237305], [-100.361557007, 470.745697021, -35.6525840759, -78.3959732056, 83.8712234497, -87.8762435913, 111.060188293, -40.2555389404, 23.3689136505, -50.5902061462, 36.937297821, -31.7315635681, 24.105632782], [40.7344055176, -35.6525840759, 384.160736084, 108.938674927, -42.9123764038, 51.4198799133, -103.740577698, 1.45589733124, -55.2912139893, 8.82654857635, -11.7477502823, -1.77041244507, -39.3695793152], [58.2460327148, -78.3959732056, 108.938674927, 224.320053101, 110.237564087, 9.46868991852, -38.5178985596, 1.48369383812, 31.8048782349, 35.0014724731, 8.45949840546, 1.4402962923, -10.9414157867], [-126.52355957, 83.8712234497, -42.9123764038, 110.237564087, 280.979980469, 64.116355896, 81.9976119995, 29.5034561157, 62.5128631592, 13.2241373062, 37.6391105652, 4.3060631752, 39.1762924194], [70.1894989014, -87.8762435913, 51.4198799133, 9.46868991852, 64.116355896, 165.819320679, 49.5848312378, 23.6441459656, -23.8102817535, -6.68562841415, -4.69320726395, 21.4319934845, 7.6718621254], [-88.5180282593, 111.060188293, -103.740577698, -38.5178985596, 81.9976119995, 49.5848312378, 168.667800903, 28.6941280365, 30.9094676971, -18.9642505646, 17.3577308655, 8.03320407867, 34.1411170959], [19.0124607086, -40.2555389404, 1.45589733124, 1.48369383812, 29.5034561157, 23.6441459656, 28.6941280365, 90.8190307617, 39.3887290955, 21.6647415161, -1.07177758217, -3.47022175789, 1.47009551525], [-82.0966186523, 23.3689136505, -55.2912139893, 31.8048782349, 62.5128631592, -23.8102817535, 30.9094676971, 39.3887290955, 122.17880249, 54.6470909119, 24.3745994568, -2.79511022568, 4.99383735657], [-1.40469932556, -50.5902061462, 8.82654857635, 35.0014724731, 13.2241373062, -6.68562841415, -18.9642505646, 21.6647415161, 54.6470909119, 108.734046936, 50.2101860046, 1.7309845686, -10.393705368], [-43.0703125, 36.937297821, -11.7477502823, 8.45949840546, 37.6391105652, -4.69320726395, 17.3577308655, -1.07177758217, 24.3745994568, 50.2101860046, 83.0597381592, 28.0465812683, 4.67955732346], [-0.39157307148, -31.7315635681, -1.77041244507, 1.4402962923, 4.3060631752, 21.4319934845, 8.03320407867, -3.47022175789, -2.79511022568, 1.7309845686, 28.0465812683, 58.5748825073, 31.8367538452], [-37.8068237305, 24.105632782, -39.3695793152, -10.9414157867, 39.1762924194, 7.6718621254, 34.1411170959, 1.47009551525, 4.99383735657, -10.393705368, 4.67955732346, 31.8367538452, 68.6596755981]],
        "icov": [[0.00086914782878, -0.00154537917115, 0.00151233037468, -0.00207481067628, 0.00188070896547, -0.00236354558729, 0.00175825646147, -0.00169776752591, 0.000941532605793, -0.000546495837625, 0.000395773036871, -0.000445031182608, -6.1091639509e-05], [-0.00154537917115, 0.0118847545236, -0.00823316909373, 0.0104313800111, -0.00903285108507, 0.0129137523472, -0.0104859974235, 0.00910176988691, -0.00404797913507, 0.0054286159575, -0.00545106315985, 0.00659712962806, -0.000923070765566], [0.00151233037468, -0.00823316909373, 0.0107762459666, -0.0108157396317, 0.00877855625004, -0.0121165523306, 0.0100332489237, -0.00822935253382, 0.00428562564775, -0.00221498077735, 0.00101074576378, -0.00214140675962, -1.19751439343e-05], [-0.00207481067628, 0.0104313800111, -0.0108157396317, 0.0198540538549, -0.0151983918622, 0.0150326024741, -0.00900992192328, 0.01059987396, -0.00455721234903, 0.000291467935313, 0.00175879744347, -0.00100817100611, 0.00412602908909], [0.00188070896547, -0.00903285108507, 0.00877855625004, -0.0151983918622, 0.0183161199093, -0.0162605121732, 0.00838714838028, -0.00878531020135, -0.000170545725268, 0.00198270636611, -0.00592411868274, 0.00564510235563, -0.00769911007956], [-0.00236354558729, 0.0129137523472, -0.0121165523306, 0.0150326024741, -0.0162605121732, 0.0272808652371, -0.0169383157045, 0.00931502785534, 0.000559882435482, -0.000348697707523, 0.00360123394057, -0.00451921997592, 0.00582201266661], [0.00175825646147, -0.0104859974235, 0.0100332489237, -0.00900992192328, 0.00838714838028, -0.0169383157045, 0.0218487475067, -0.0107548031956, 0.000349738576915, 0.00170995341614, -0.00255780154839, 0.000335771619575, -0.00430797459558], [-0.00169776752591, 0.00910176988691, -0.00822935253382, 0.01059987396, -0.00878531020135, 0.00931502785534, -0.0107548031956, 0.0226648412645, -0.00790600199252, 0.000310236617224, 0.000862041197252, 0.00327517953701, 0.000719124800526], [0.000941532605793, -0.00404797913507, 0.00428562564775, -0.00455721234903, -0.000170545725268, 0.000559882435482, 0.000349738576915, -0.00790600199252, 0.0187771804631, -0.0110425828025, 0.00636147707701, -0.00615304755047, 0.00308310682885], [-0.000546495837625, 0.0054286159575, -0.00221498077735, 0.000291467935313, 0.00198270636611, -0.000348697707523, 0.00170995341614, 0.000310236617224, -0.0110425828025, 0.0266328919679, -0.0219311863184, 0.0151068056002, -0.00605501141399], [0.000395773036871, -0.00545106315985, 0.00101074576378, 0.00175879744347, -0.00592411868274, 0.00360123394057, -0.00255780154839, 0.000862041197252, 0.00636147707701, -0.0219311863184, 0.038268469274, -0.0284333322197, 0.0140161952004], [-0.000445031182608, 0.00659712962806, -0.00214140675962, -0.00100817100611, 0.00564510235563, -0.00451921997592, 0.000335771619575, 0.00327517953701, -0.00615304755047, 0.0151068056002, -0.0284333322197, 0.0482319928706, -0.0245952773839], [-6.1091639509e-05, -0.000923070765566, -1.19751439343e-05, 0.00412602908909, -0.00769911007956, 0.00582201266661, -0.00430797459558, 0.000719124800526, 0.00308310682885, -0.00605501141399, 0.0140161952004, -0.0245952773839, 0.030683323741]]
    },
    "melbands": {
        "dmean": [0.00129794573877, 0.00200570747256, 0.00123776786495, 0.000391048117308, 0.000242276728386, 0.000236382635194, 0.000331659772201, 0.000184958029422, 8.32365694805e-05, 6.02893305768e-05, 5.81233907724e-05, 9.68758395175e-05, 0.000115301387268, 3.84413069696e-05, 4.25642792834e-05, 4.89139893034e-05, 4.66039673483e-05, 3.77212090825e-05, 7.54472639528e-05, 5.68126488361e-05, 3.92248402932e-05, 4.76541681564e-05, 2.72055931418e-05, 2.49971108133e-05, 1.87071163964e-05, 1.23711106426e-05, 9.60717443377e-06, 9.25702352106e-06, 6.341385415e-06, 3.78702429771e-06, 3.38680501955e-06, 2.81420238935e-06, 2.66199322141e-06, 2.86833710561e-06, 2.29036754718e-06, 1.60510683145e-06, 1.20077731935e-06, 1.14995486911e-06, 8.65715492182e-07, 4.55942085864e-07],
        "dmean2": [0.00215180427767, 0.00308015034534, 0.00204417901114, 0.000669565051794, 0.000409909145674, 0.000358576740837, 0.000516751897521, 0.000290842668619, 0.000140081712743, 9.79059259407e-05, 8.93942269613e-05, 0.000141038821312, 0.000162044278113, 5.84677654842e-05, 6.65485495119e-05, 7.77064196882e-05, 7.4150506407e-05, 6.06586690992e-05, 0.000116688643175, 8.78186910995e-05, 6.16876495769e-05, 7.36071015126e-05, 4.41111333203e-05, 4.0878821892e-05, 3.16513760481e-05, 2.0570039851e-05, 1.60117306223e-05, 1.53476648848e-05, 1.0604398085e-05, 6.2243470893e-06, 5.63301637158e-06, 4.50877814728e-06, 4.15630211137e-06, 4.34212915934e-06, 3.47738682649e-06, 2.45062960857e-06, 1.77822971636e-06, 1.74420131316e-06, 1.27484224777e-06, 6.80533105424e-07],
        "dvar": [2.38805910158e-06, 5.11129155711e-06, 2.60424690168e-06, 3.352770932e-07, 1.32906095018e-07, 1.82653508318e-07, 2.46128649906e-07, 8.53928128208e-08, 3.46907427229e-08, 1.81621917505e-08, 2.43932483102e-08, 5.23133820707e-08, 7.20767090456e-08, 7.61121832227e-09, 6.75855993393e-09, 9.37079391861e-09, 9.97049021123e-09, 5.34790123297e-09, 1.94300842082e-08, 9.00576768714e-09, 5.06864550331e-09, 1.11367741695e-08, 1.16792830962e-09, 9.50956313694e-10, 5.46379941291e-10, 2.09184725097e-10, 1.29816310479e-10, 1.25669002982e-10, 9.5106048037e-11, 2.36019606636e-11, 2.11156526292e-11, 2.23062054938e-11, 2.78407037008e-11, 4.57734891657e-11, 2.6426307323e-11, 1.04247071045e-11, 6.32810557427e-12, 8.40408211772e-12, 3.37289441169e-12, 1.00059478932e-12],
        "dvar2": [7.09533742338e-06, 1.20690756376e-05, 6.5542176344e-06, 8.80017182681e-07, 3.25848191096e-07, 3.87646934996e-07, 5.5201462601e-07, 1.91195425714e-07, 8.65969909114e-08, 4.08527078832e-08, 5.78322527645e-08, 1.09990665464e-07, 1.30844966861e-07, 1.72638454643e-08, 1.27184431875e-08, 2.25020251321e-08, 2.15287574434e-08, 1.28675141653e-08, 4.29819451142e-08, 1.96321927604e-08, 1.06706066205e-08, 2.15077982091e-08, 2.71824807108e-09, 2.35431407702e-09, 1.46384049327e-09, 5.57799362255e-10, 3.39734074206e-10, 3.46882689239e-10, 2.40824721276e-10, 6.12071990314e-11, 5.60257291948e-11, 5.52497353423e-11, 6.56846937952e-11, 8.87279971717e-11, 5.5573497193e-11, 2.23064639676e-11, 1.23694310003e-11, 1.81497213092e-11, 6.70213363974e-12, 1.96343180429e-12],
        "max": [0.0127242552117, 0.0185150764883, 0.0117132607847, 0.00477796047926, 0.00492387544364, 0.00599722471088, 0.00512464204803, 0.00394731806591, 0.00251863431185, 0.00374914892018, 0.00241448218003, 0.00411901902407, 0.00368215702474, 0.00263134855777, 0.0017727430677, 0.00154378509615, 0.00220906361938, 0.00104755396023, 0.00153188582044, 0.00131591025274, 0.00140511419158, 0.0019241211703, 0.000955779687501, 0.000372533220798, 0.000392833608203, 0.000241717076278, 0.000160886513186, 0.000153098531882, 0.000195826389245, 8.23852824396e-05, 7.32941407477e-05, 7.82114657341e-05, 9.09445807338e-05, 0.000106615800178, 7.96851236373e-05, 4.79465634271e-05, 4.91384380439e-05, 4.65958000859e-05, 2.86516096821e-05, 1.21537295854e-05],
        "mean": [0.00227826857008, 0.00491270422935, 0.00197707582265, 0.000476482469821, 0.000319928803947, 0.000343176274328, 0.000458938942757, 0.000274464429822, 0.00010306857439, 9.70358887571e-05, 8.77547281561e-05, 0.000151062500663, 0.000187841011211, 5.92999131186e-05, 6.42729573883e-05, 7.0750771556e-05, 6.83622056386e-05, 6.01988576818e-05, 0.000123501711641, 0.000103862141259, 7.37433510949e-05, 9.53771159402e-05, 5.49056603631e-05, 4.71943203593e-05, 3.47604291164e-05, 2.73137993645e-05, 2.24422328756e-05, 2.08944311453e-05, 1.34166039061e-05, 8.96200890566e-06, 8.08504410088e-06, 6.77700973029e-06, 5.6656626839e-06, 6.02803675065e-06, 4.65167568109e-06, 3.2490047488e-06, 2.44772058977e-06, 2.23402230404e-06, 1.7495932525e-06, 8.44587191295e-07],
        "median": [0.00172232789919, 0.00425660610199, 0.00158068281598, 0.000295379431918, 0.00017202856543, 0.00014065533469, 0.000201462869882, 0.000105212347989, 3.94515882363e-05, 3.31705050485e-05, 2.18042023334e-05, 3.72302492906e-05, 4.28573184763e-05, 2.39963064814e-05, 3.34367905452e-05, 3.96637042286e-05, 3.88469488826e-05, 3.82060898119e-05, 6.38034398435e-05, 6.18811391178e-05, 4.98759873153e-05, 5.83217042731e-05, 4.62373391201e-05, 3.88693442801e-05, 3.01928084809e-05, 2.45791034104e-05, 2.05270644074e-05, 1.86605466297e-05, 1.14739932542e-05, 7.89487876318e-06, 7.09036339686e-06, 5.15042529514e-06, 3.84089526051e-06, 3.32154922944e-06, 2.50517973654e-06, 1.81865300419e-06, 1.27964528929e-06, 1.1009614127e-06, 9.00003442439e-07, 3.70035763808e-07],
        "min": [5.29767696378e-09, 1.21480798754e-08, 2.44181137532e-08, 5.27568566611e-09, 1.34437316834e-09, 1.00490638033e-09, 1.32901567529e-09, 3.99803690154e-10, 6.88798740267e-11, 1.41040096269e-10, 1.58433446917e-10, 1.52820978094e-10, 5.49200164512e-11, 1.07096637114e-10, 5.23692367249e-10, 3.20151183342e-10, 5.03217079117e-10, 4.78157624606e-10, 5.03811381503e-10, 8.60784166168e-10, 5.07096642455e-10, 4.91948037862e-10, 2.26132057524e-10, 1.49094459001e-10, 5.32308475076e-10, 3.40951517019e-10, 2.60953425535e-10, 2.0024842895e-10, 1.17909862429e-10, 6.76352168716e-11, 3.23507574895e-11, 2.999311563e-11, 2.30884929231e-11, 3.22858545454e-11, 1.61239806229e-11, 1.71347883798e-11, 1.44163370477e-11, 6.26192847575e-12, 2.77690717643e-12, 2.66691264341e-13],
        "var": [4.08293499277e-06, 1.13194901132e-05, 2.91073979497e-06, 3.33702985245e-07, 1.95997529318e-07, 3.47154156088e-07, 4.29600646612e-07, 1.85380955031e-07, 4.76311434738e-08, 7.2065127199e-08, 5.05407768969e-08, 1.20739514387e-07, 1.63869600556e-07, 2.55186130005e-08, 1.57140327417e-08, 1.3989012615e-08, 1.46980259075e-08, 7.09610503691e-09, 3.60819960576e-08, 2.0809499901e-08, 1.08801883059e-08, 2.59604977515e-08, 2.33838681751e-09, 1.60305269059e-09, 7.50382145309e-10, 3.6773475931e-10, 2.3470494992e-10, 2.47347059501e-10, 1.29655924885e-10, 4.30933136397e-11, 3.52455599428e-11, 4.37485533911e-11, 5.67426453046e-11, 1.15177374582e-10, 6.40389893891e-11, 2.24923725478e-11, 1.53365688205e-11, 1.79117328608e-11, 9.35590407231e-12, 2.51610971641e-12]
    },
    "mfcc": {
        "mean": [-584.022460938, 94.7409973145, -8.67062950134, 41.5681228638, 17.7452964783, 13.2486925125, 0.414718151093, 7.2317199707, 1.01306676865, 4.54395437241, -0.525004982948, 4.87811040878, 3.95521140099],
        "cov": [[1870.6751709, -127.992370605, 12.186466217, -25.3045921326, -36.4032554626, -6.19117259979, -23.1369342804, -18.4951629639, -42.2723617554, -20.1108264923, 16.0288410187, -28.7447967529, -45.9016990662], [-127.992370605, 484.170135498, -86.9211807251, 4.27890062332, -56.2056045532, -25.1529960632, 43.6257743835, 16.6449222565, 6.73029470444, -2.77691149712, -7.23944091797, -16.9689178467, -7.23204040527], [12.186466217, -86.9211807251, 408.169708252, -17.2202796936, 26.6333866119, -11.527349472, -25.349943161, -30.5191135406, -60.7399482727, -41.4564399719, -0.496880412102, -18.9159984589, -22.9018383026], [-25.3045921326, 4.27890062332, -17.2202796936, 206.111190796, 101.684875488, 26.1755523682, -14.6687879562, -15.294503212, 8.71565151215, 25.1614570618, 16.2957172394, 26.0894985199, 16.8543624878], [-36.4032554626, -56.2056045532, 26.6333866119, 101.684875488, 201.433883667, 64.9546279907, 29.2712841034, 10.3030738831, 18.5201663971, 22.0277919769, 11.9761123657, 25.2541904449, 27.0199127197], [-6.19117259979, -25.1529960632, -11.527349472, 26.1755523682, 64.9546279907, 127.402648926, 54.9104347229, 35.0020179749, 11.3107309341, 12.9225149155, 0.32068759203, -6.58579921722, 14.556558609], [-23.1369342804, 43.6257743835, -25.349943161, -14.6687879562, 29.2712841034, 54.9104347229, 118.784988403, 52.2424354553, 17.5527591705, 4.37823438644, -1.00714659691, -12.3171272278, 1.23091816902], [-18.4951629639, 16.6449222565, -30.5191135406, -15.294503212, 10.3030738831, 35.0020179749, 52.2424354553, 100.256271362, 44.9218597412, 4.76154994965, -13.3004837036, -12.9272985458, 0.817500710487], [-42.2723617554, 6.73029470444, -60.7399482727, 8.71565151215, 18.5201663971, 11.3107309341, 17.5527591705, 44.9218597412, 91.9891433716, 37.9409713745, 1.73058247566, 1.11843907833, 12.2620477676], [-20.1108264923, -2.77691149712, -41.4564399719, 25.1614570618, 22.0277919769, 12.9225149155, 4.37823438644, 4.76154994965, 37.9409713745, 80.6139068604, 34.9604225159, 17.8247318268, 14.6864795685], [16.0288410187, -7.23944091797, -0.496880412102, 16.2957172394, 11.9761123657, 0.32068759203, -1.00714659691, -13.3004837036, 1.73058247566, 34.9604225159, 74.05909729, 40.5786552429, 14.7993373871], [-28.7447967529, -16.9689178467, -18.9159984589, 26.0894985199, 25.2541904449, -6.58579921722, -12.3171272278, -12.9272985458, 1.11843907833, 17.8247318268, 40.5786552429, 82.9266052246, 42.8317337036], [-45.9016990662, -7.23204040527, -22.9018383026, 16.8543624878, 27.0199127197, 14.556558609, 1.23091816902, 0.817500710487, 12.2620477676, 14.6864795685, 14.7993373871, 42.8317337036, 72.7140731812]],
