{
"lowlevel": {
    "average_loudness": 0.986814677715,
    "barkbands_crest": {
        "dmean": 2.2893140316,
        "dmean2": 3.84843111038,
        "dvar": 5.08422088623,
        "dvar2": 14.9423589706,
        "max": 20.4869003296,
        "mean": 8.03458976746,
        "median": 7.33310270309,
        "min": 2.8429236412,
        "var": 10.016374588
    },
    "barkbands_flatness_db": {
        "dmean": 0.0151554672047,
        "dmean2": 0.0247559770942,
        "dvar": 0.000234695660765,
        "dvar2": 0.000618339166977,
        "max": 0.18487650156,
        "mean": 0.0781334638596,
        "median": 0.0735630318522,
        "min": 0.0237240772694,
        "var": 0.00063400255749
    },
    "barkbands_kurtosis": {
        "dmean": 0.723762750626,
        "dmean2": 1.25018537045,
        "dvar": 1.77303695679,
        "dvar2": 5.07927656174,
        "max": 13.0082435608,
        "mean": -0.592158198357,
        "median": -0.934338331223,
        "min": -1.70360672474,
        "var": 1.53828811646
    },
    "barkbands_skewness": {
        "dmean": 0.364983141422,
        "dmean2": 0.604672133923,
        "dvar": 0.157815024257,
        "dvar2": 0.429244041443,
        "max": 3.70103478432,
        "mean": 0.680886507034,
        "median": 0.618001043797,
        "min": -0.551920413971,
        "var": 0.270933568478
    },
    "barkbands_spread": {
        "dmean": 6.59095573425,
        "dmean2": 10.2351436615,
        "dvar": 42.3813743591,
        "dvar2": 100.042884827,
        "max": 83.6591491699,
        "mean": 43.8007278442,
        "median": 42.8045578003,
        "min": 15.1524925232,
        "var": 118.390602112
    },
    "dissonance": {
        "dmean": 0.00769067695364,
        "dmean2": 0.0130413267761,
        "dvar": 5.73215766053e-05,
        "dvar2": 0.000157095870236,
        "max": 0.499896764755,
        "mean": 0.487444400787,
        "median": 0.489730626345,
        "min": 0.432003170252,
        "var": 8.36422259454e-05
    },
    "dynamic_complexity": 1.76272416115,
    "erbbands_crest": {
        "dmean": 1.93904554844,
        "dmean2": 3.18277525902,
        "dvar": 3.73561120033,
        "dvar2": 9.52648639679,
        "max": 27.9614067078,
        "mean": 6.52387332916,
        "median": 5.81173849106,
        "min": 2.65484023094,
        "var": 7.46267223358
    },
    "erbbands_flatness_db": {
        "dmean": 0.012578651309,
        "dmean2": 0.0189890302718,
        "dvar": 0.000140053612995,
        "dvar2": 0.000274205871392,
        "max": 0.247607499361,
        "mean": 0.129563719034,
        "median": 0.126275762916,
        "min": 0.0701004415751,
        "var": 0.000697684823535
    },
    "erbbands_kurtosis": {
        "dmean": 0.639136314392,
        "dmean2": 1.02222180367,
        "dvar": 0.401479333639,
        "dvar2": 1.06787455082,
        "max": 9.5923576355,
        "mean": 0.413920968771,
        "median": 0.294322252274,
        "min": -1.40165770054,
        "var": 0.89287430048
    },
    "erbbands_skewness": {
        "dmean": 0.250284284353,
        "dmean2": 0.381975412369,
        "dvar": 0.0464074015617,
        "dvar2": 0.111638039351,
        "max": 1.47589385509,
        "mean": -0.430308192968,
        "median": -0.508227527142,
        "min": -1.66166830063,
        "var": 0.192614778876
    },
    "erbbands_spread": {
        "dmean": 5.89908075333,
        "dmean2": 9.25950431824,
        "dvar": 28.0838298798,
        "dvar2": 69.536315918,
        "max": 71.9883880615,
        "mean": 34.543384552,
        "median": 33.8150939941,
        "min": 9.02704811096,
        "var": 85.0377807617
    },
    "hfc": {
        "dmean": 7.36308860779,
        "dmean2": 11.1665477753,
        "dvar": 55.2682189941,
        "dvar2": 114.321151733,
        "max": 119.232513428,
        "mean": 42.0175666809,
        "median": 41.9136047363,
        "min": 3.99945378149e-07,
        "var": 296.854309082
    },
    "melbands_crest": {
        "dmean": 3.08493232727,
        "dmean2": 5.02213287354,
        "dvar": 7.0972328186,
        "dvar2": 18.5102233887,
        "max": 28.1167354584,
        "mean": 15.4189443588,
        "median": 15.1930408478,
        "min": 4.47683477402,
        "var": 19.300661087
    },
    "melbands_flatness_db": {
        "dmean": 0.0211647767574,
        "dmean2": 0.034656740725,
        "dvar": 0.000467830774141,
        "dvar2": 0.0012883717427,
        "max": 0.267181366682,
        "mean": 0.134831428528,
        "median": 0.129840344191,
        "min": 0.0519645623863,
        "var": 0.00112459936645
    },
    "melbands_kurtosis": {
        "dmean": 3.3129734993,
        "dmean2": 5.62402057648,
        "dvar": 33.5621528625,
        "dvar2": 95.1494293213,
        "max": 65.5404129028,
        "mean": 4.80085992813,
        "median": 3.36390638351,
        "min": -1.20144796371,
        "var": 32.8579025269
    },
    "melbands_skewness": {
        "dmean": 0.57844889164,
        "dmean2": 0.947243332863,
        "dvar": 0.434821307659,
        "dvar2": 1.18369710445,
        "max": 7.61690950394,
        "mean": 2.09488630295,
        "median": 1.95609068871,
        "min": 0.259005874395,
        "var": 0.758551001549
    },
    "melbands_spread": {
        "dmean": 9.93636226654,
        "dmean2": 16.1173763275,
        "dvar": 85.6386108398,
        "dvar2": 221.57359314,
        "max": 98.63697052,
        "mean": 43.8354072571,
        "median": 43.4925842285,
        "min": 6.77796411514,
        "var": 202.348922729
    },
    "pitch_salience": {
        "dmean": 0.0683027356863,
        "dmean2": 0.110802195966,
        "dvar": 0.00420607207343,
        "dvar2": 0.0121550057083,
        "max": 0.774367630482,
        "mean": 0.549673438072,
        "median": 0.552784264088,
        "min": 0.191090092063,
        "var": 0.00825208146125
    },
    "silence_rate_20dB": {
        "dmean": 0,
        "dmean2": 0,
        "dvar": 0,
        "dvar2": 0,
        "max": 1,
        "mean": 1,
        "median": 1,
        "min": 1,
        "var": 0
    },
    "silence_rate_30dB": {
        "dmean": 0,
        "dmean2": 0,
        "dvar": 0,
        "dvar2": 0,
        "max": 1,
        "mean": 1,
        "median": 1,
        "min": 1,
        "var": 0
    },
    "silence_rate_60dB": {
        "dmean": 0.00154798757285,
        "dmean2": 0.00309837330133,
        "dvar": 0.0015455794055,
        "dvar2": 0.00308882654645,
        "max": 1,
        "mean": 0.0317092016339,
        "median": 0,
        "min": 0,
        "var": 0.0307034477592
    },
    "spectral_centroid": {
        "dmean": 228.352874756,
        "dmean2": 355.240142822,
        "dvar": 92037.6328125,
        "dvar2": 141280.625,
        "max": 11163.2597656,
        "mean": 2283.39819336,
        "median": 2293.49975586,
        "min": 1350.02600098,
        "var": 176361.859375
    },
    "spectral_complexity": {
        "dmean": 3.98606801033,
        "dmean2": 6.38109970093,
        "dvar": 9.83108520508,
        "dvar2": 24.1599693298,
        "max": 58,
        "mean": 41.0433082581,
        "median": 43,
        "min": 0,
        "var": 96.1884078979
    },
    "spectral_decrease": {
        "dmean": 2.17355911047e-09,
        "dmean2": 3.6671565784e-09,
        "dvar": 6.77029257478e-18,
        "dvar2": 1.87873528975e-17,
        "max": -1.48285061905e-17,
        "mean": -8.4439157888e-09,
        "median": -8.24652346409e-09,
        "min": -2.67362398887e-08,
        "var": 1.10173054326e-17
    },
    "spectral_energy": {
        "dmean": 0.00846214592457,
        "dmean2": 0.0142136355862,
        "dvar": 9.71507979557e-05,
        "dvar2": 0.000268473959295,
        "max": 0.104750752449,
        "mean": 0.035680398345,
        "median": 0.035193387419,
        "min": 9.22424497896e-11,
        "var": 0.000174931905349
    },
    "spectral_energyband_high": {
        "dmean": 0.000648956629448,
        "dmean2": 0.000941970210988,
        "dvar": 7.13067208835e-07,
        "dvar2": 1.37342897233e-06,
        "max": 0.0120449671522,
        "mean": 0.0023637493141,
        "median": 0.00194192596246,
        "min": 2.32019455731e-11,
        "var": 2.78766538031e-06
    },
    "spectral_energyband_low": {
        "dmean": 0.00674327183515,
        "dmean2": 0.0117158247158,
        "dvar": 0.000101890851511,
        "dvar2": 0.000290808296995,
        "max": 0.090156532824,
        "mean": 0.0154382586479,
        "median": 0.0138505659997,
        "min": 1.70391305232e-11,
        "var": 0.000103654092527
    },
    "spectral_energyband_middle_high": {
        "dmean": 0.00255529326387,
        "dmean2": 0.00393617898226,
        "dvar": 7.2885800364e-06,
        "dvar2": 1.70452531165e-05,
        "max": 0.0400813370943,
        "mean": 0.0113245565444,
        "median": 0.0106556806713,
        "min": 2.49448760259e-11,
        "var": 2.81695483864e-05
    },
    "spectral_energyband_middle_low": {
        "dmean": 0.00338589702733,
        "dmean2": 0.00535044074059,
        "dvar": 1.70379844349e-05,
        "dvar2": 4.2697036406e-05,
        "max": 0.0373304747045,
        "mean": 0.00764772761613,
        "median": 0.00587605591863,
        "min": 1.96197173091e-11,
        "var": 3.52511924575e-05
    },
    "spectral_entropy": {
        "dmean": 0.0784847065806,
        "dmean2": 0.112079054117,
        "dvar": 0.00764097832143,
        "dvar2": 0.012150621973,
        "max": 9.80301094055,
        "mean": 8.04932117462,
        "median": 8.04873180389,
        "min": 7.56620073318,
        "var": 0.0287306923419
    },
    "spectral_flux": {
        "dmean": 0.0209217891097,
        "dmean2": 0.0314899757504,
        "dvar": 0.000455486704595,
        "dvar2": 0.000852471450344,
        "max": 0.246621266007,
        "mean": 0.104037836194,
        "median": 0.101327955723,
        "min": 2.00137274078e-05,
        "var": 0.00129868579097
    },
    "spectral_kurtosis": {
        "dmean": 0.842811048031,
        "dmean2": 1.38300323486,
        "dvar": 0.631662011147,
        "dvar2": 1.87253987789,
        "max": 11.4290351868,
        "mean": 3.45608782768,
        "median": 3.31927204132,
        "min": -1.2071608305,
        "var": 1.49420213699
    },
    "spectral_rms": {
        "dmean": 0.000665778643452,
        "dmean2": 0.00110495428089,
        "dvar": 4.77423952816e-07,
        "dvar2": 1.31277317905e-06,
        "max": 0.010109196417,
        "mean": 0.00574714457616,
        "median": 0.0058596082963,
        "min": 2.99987732433e-07,
        "var": 1.78046616384e-06
    },
    "spectral_rolloff": {
        "dmean": 587.363220215,
        "dmean2": 955.067565918,
        "dvar": 566094.6875,
        "dvar2": 1222177.875,
        "max": 11929.3945312,
        "mean": 2644.70385742,
        "median": 2476.31835938,
        "min": 107.666015625,
        "var": 1216188.75
    },
    "spectral_skewness": {
        "dmean": 0.130000188947,
        "dmean2": 0.209461003542,
        "dvar": 0.0141441859305,
        "dvar2": 0.0331709012389,
        "max": 1.83166205883,
        "mean": 1.27808892727,
        "median": 1.28190743923,
        "min": -0.0319651551545,
        "var": 0.0405853651464
    },
    "spectral_spread": {
        "dmean": 421166.3125,
        "dmean2": 594469.25,
        "dvar": 1.19383733043e+12,
        "dvar2": 1.31471717171e+12,
        "max": 40349516,
        "mean": 4476834,
        "median": 4404046.5,
        "min": 2062780.375,
        "var": 1.94878976819e+12
    },
    "spectral_strongpeak": {
        "dmean": 0.290234416723,
        "dmean2": 0.519124269485,
        "dvar": 0.375670939684,
        "dvar2": 1.06894052029,
        "max": 5.5513510704,
        "mean": 0.501863658428,
        "median": 0.378949046135,
        "min": 5.92076639805e-06,
        "var": 0.36870008707
    },
    "zerocrossingrate": {
        "dmean": 0.0109020508826,
        "dmean2": 0.0131650613621,
        "dvar": 0.000146039004903,
        "dvar2": 0.000169270046172,
        "max": 0.3876953125,
        "mean": 0.0878200083971,
        "median": 0.083984375,
        "min": 0.02685546875,
        "var": 0.000692312663887
    },
    "barkbands": {
        "dmean": [0.000167182879522, 0.00505788391456, 0.00264665577561, 0.00105503119994, 0.00125748338178, 0.000642528175376, 0.000646150612738, 0.000952990434598, 0.000600687286351, 0.000859595951624, 0.000590975687373, 0.000634384807199, 0.000487497949507, 0.000466271507321, 0.00059201993281, 0.00069257960422, 0.000768986530602, 0.000477876368677, 0.000341718376148, 0.000232520789723, 0.000201923234272, 0.000206612909096, 0.000141192023875, 0.000116133458505, 9.22637700569e-05, 4.42200544057e-05, 3.42767793882e-06],
        "dmean2": [0.000300995045109, 0.00896576978266, 0.00455302046612, 0.00176562240813, 0.00207026908174, 0.00105869967956, 0.00105015048757, 0.00156619248446, 0.000988413346931, 0.00142005900852, 0.000965970160905, 0.0010463509243, 0.0007883583894, 0.000759983202443, 0.000969443819486, 0.00113693298772, 0.00126900523901, 0.000788174627814, 0.000576792226639, 0.000383403763408, 0.000330025766743, 0.000311574578518, 0.000218492132262, 0.000179667462362, 0.000126084298245, 6.56016200082e-05, 5.73391525904e-06],
        "dvar": [5.50707781599e-08, 5.93103541178e-05, 1.9485314624e-05, 2.51276333074e-06, 4.12883036915e-06, 1.3350803556e-06, 1.66452537087e-06, 4.25240978075e-06, 1.28901365315e-06, 1.96931659957e-06, 1.04879700302e-06, 2.75987986242e-06, 5.6372329027e-07, 4.86197563987e-07, 6.63031642034e-07, 7.34081311293e-07, 6.13099246038e-07, 2.71192590162e-07, 1.13700231452e-07, 4.76778687641e-08, 6.45469881988e-08, 9.49155776198e-08, 4.9463452001e-08, 3.89697802916e-08, 2.81690830661e-08, 6.80177292267e-09, 1.92167032287e-10],
        "dvar2": [1.69715093534e-07, 0.000177328984137, 5.46921510249e-05, 6.664879038e-06, 1.01653213278e-05, 3.23695553561e-06, 4.11979908677e-06, 1.05944682218e-05, 3.23802214552e-06, 4.83432404508e-06, 2.33603873312e-06, 6.97025097907e-06, 1.34887557124e-06, 1.18189814202e-06, 1.74513922957e-06, 1.83026600098e-06, 1.62270123383e-06, 6.9144147119e-07, 3.07463352556e-07, 1.25559381559e-07, 1.6779466705e-07, 2.15157342609e-07, 1.12315639456e-07, 7.79221167591e-08, 4.73255390432e-08, 1.43760665594e-08, 5.43677047826e-10],
        "max": [0.00185597315431, 0.0599235519767, 0.0362872667611, 0.016079235822, 0.0186650902033, 0.0132226087153, 0.0129564385861, 0.0289699938148, 0.0163146667182, 0.0154466042295, 0.0206480491906, 0.032727189362, 0.0122669273987, 0.00753803178668, 0.0105188284069, 0.0135252224281, 0.0108485613018, 0.0051898881793, 0.00374708184972, 0.00272748270072, 0.00427890382707, 0.00423836894333, 0.0034356052056, 0.00367760006338, 0.0028329603374, 0.0015123183839, 0.000348292902345],
        "mean": [0.00017385778483, 0.00931636523455, 0.00517536140978, 0.00143793062307, 0.00170983641874, 0.000893960590474, 0.000778291374445, 0.00132674060296, 0.000910938018933, 0.0014410110889, 0.00100836006459, 0.000978543190286, 0.000821522378828, 0.000751006649807, 0.00103467376903, 0.0014159133425, 0.00184099783655, 0.00109370599966, 0.000865627429448, 0.000712614622898, 0.000590898853261, 0.000473149149911, 0.00031318195397, 0.000290951720672, 0.000229123645113, 9.15964265005e-05, 4.27494796895e-06],
        "median": [9.17041688808e-05, 0.00786008592695, 0.00434579420835, 0.000820399087388, 0.00082389061572, 0.000424472033046, 0.000289408199023, 0.000368188921129, 0.000507929362357, 0.000913421565201, 0.000586426816881, 0.000579632120207, 0.000498325971421, 0.000483867508592, 0.00074457435403, 0.00120932760183, 0.00164814654272, 0.000982555327937, 0.000793524144683, 0.000664511753712, 0.000503588467836, 0.000337227975251, 0.000225017196499, 0.000213162056752, 0.000138253861223, 5.34816717845e-05, 1.82626445167e-06],
        "min": [6.30395475404e-12, 6.45100552837e-12, 6.85993709754e-12, 5.26002527125e-13, 6.29655290581e-13, 1.12770914568e-12, 1.96357968947e-12, 5.38444202419e-12, 6.75591039275e-13, 1.21707581079e-12, 9.99628006239e-13, 2.12121726434e-12, 1.05413301785e-12, 1.22024070535e-12, 3.60223526355e-12, 4.38836163588e-12, 3.26041884463e-12, 1.55811247151e-12, 3.71427628237e-12, 4.83265120629e-12, 1.72903173983e-12, 2.07172191728e-12, 2.55646502231e-12, 2.29549343943e-12, 2.04257574396e-12, 3.80673704364e-12, 5.28468848543e-12],
        "var": [5.37886712948e-08, 5.95850578975e-05, 2.16923981498e-05, 3.20316235047e-06, 5.59778573006e-06, 1.96045334633e-06, 2.06423828786e-06, 8.15874864202e-06, 1.66719325989e-06, 3.07975619762e-06, 2.48340506914e-06, 3.81535801353e-06, 1.24623227293e-06, 8.04852845704e-07, 9.8377984159e-07, 1.23360632642e-06, 1.24152654735e-06, 4.72220079928e-07, 2.20705985043e-07, 1.27221611024e-07, 1.47577807752e-07, 2.08026008863e-07, 1.10840737477e-07, 1.10938252362e-07, 1.13344910346e-07, 1.84250286139e-08, 1.32286195886e-10]
    },
    "erbbands": {
        "dmean": [0.116943657398, 1.27764368057, 3.14663529396, 2.90324234962, 4.33448171616, 3.65185427666, 6.07260656357, 4.92150831223, 7.23477935791, 14.2076768875, 19.1786708832, 13.0044431686, 26.5748119354, 21.2828407288, 23.7305164337, 27.8948478699, 21.5059719086, 22.0189247131, 26.1854190826, 33.0754127502, 34.0702323914, 39.9159049988, 23.2182369232, 24.0294322968, 13.6553220749, 12.3335924149, 9.41303062439, 7.48604154587, 7.64687824249, 6.29719734192, 3.74300599098, 2.76689195633, 1.86194419861, 1.20045340061, 0.660611867905, 0.247062847018, 0.0776647478342, 0.0135222561657, 0.000319183134707, 1.54813369591e-05],
        "dmean2": [0.208082199097, 2.26138186455, 5.36352729797, 4.94589662552, 7.13317728043, 6.04167747498, 9.86281585693, 8.0718832016, 11.6113510132, 23.84897995, 31.0980129242, 21.125, 44.486415863, 33.4528388977, 38.6095352173, 46.5382270813, 34.4725914001, 35.6400413513, 43.4035453796, 53.443447113, 56.1936302185, 65.259979248, 37.6370048523, 40.5366668701, 22.7480258942, 20.5476303101, 15.444316864, 12.3250579834, 11.7717103958, 9.79173278809, 5.78150415421, 4.40559434891, 2.77322602272, 1.64049375057, 0.939044654369, 0.370900303125, 0.114862583578, 0.0209439378232, 0.000496317516081, 2.41501493292e-05],
        "dvar": [0.0301613286138, 4.0652422905, 27.3339958191, 17.4652767181, 72.1048812866, 37.5336799622, 105.341636658, 98.0297927856, 234.472091675, 849.023681641, 1795.47216797, 622.403015137, 1910.60095215, 1403.99255371, 1768.87072754, 6302.90527344, 1036.06481934, 1190.73510742, 1402.22485352, 1745.59265137, 1645.04003906, 1604.82397461, 641.808410645, 574.882141113, 205.065765381, 135.932052612, 149.302108765, 69.7402801514, 114.394226074, 110.166625977, 40.69348526, 20.6378517151, 12.1601514816, 5.3003578186, 1.37803280354, 0.193777024746, 0.0237477403134, 0.0015613156138, 1.19268247545e-06, 5.48967538094e-10],
        "dvar2": [0.0935670435429, 11.9613761902, 77.7872314453, 49.5200157166, 185.08416748, 84.0644073486, 235.397033691, 247.204803467, 524.969055176, 2167.78491211, 4596.03076172, 1583.41430664, 5102.26708984, 2937.42675781, 4265.01025391, 17189.1425781, 2312.68115234, 2872.34960938, 3505.59106445, 4240.65087891, 4088.97412109, 4120.57861328, 1544.0201416, 1563.54553223, 549.25, 363.795623779, 398.199859619, 167.582870483, 251.404693604, 267.010620117, 92.2824172974, 48.9469604492, 21.6721076965, 8.98006057739, 2.71770787239, 0.402171611786, 0.0512734502554, 0.00417306739837, 3.27047700921e-06, 1.3459923176e-09],
        "max": [1.31777322292, 16.609462738, 49.6181602478, 33.0776023865, 79.2617263794, 76.466468811, 144.785720825, 125.519104004, 225.944747925, 456.68069458, 637.995300293, 354.798858643, 559.998962402, 961.941101074, 663.847229004, 1549.06433105, 667.610107422, 450.433380127, 630.851196289, 617.065979004, 866.48223877, 562.920471191, 271.308959961, 240.19934082, 155.36756897, 144.68699646, 209.217056274, 109.911911011, 163.900085449, 130.748687744, 112.598060608, 64.1842803955, 67.6449432373, 48.2076873779, 22.621591568, 7.38071870804, 2.65623855591, 0.945034146309, 0.0276069287211, 0.000549698248506],
        "mean": [0.166172772646, 2.41075611115, 6.79873371124, 4.88727092743, 5.19286298752, 4.82459163666, 8.36420536041, 6.75932979584, 9.79407024384, 19.4271526337, 26.6302318573, 21.0538139343, 41.446231842, 40.6266593933, 41.7281188965, 44.4406280518, 39.7644996643, 38.8673858643, 47.396686554, 66.2554397583, 83.5801773071, 99.5526123047, 59.2910881042, 55.9766235352, 37.7372131348, 35.611289978, 26.6060905457, 21.3734874725, 17.7112903595, 13.417386055, 8.35080814362, 6.38015460968, 4.44852733612, 2.8667986393, 1.48157894611, 0.523181200027, 0.151696056128, 0.0224146470428, 0.000548175536096, 6.54514296912e-05],
        "median": [0.109540760517, 2.07494783401, 5.86726808548, 3.33682012558, 2.04961395264, 2.38720726967, 3.91794204712, 3.05846619606, 4.24588060379, 6.39158678055, 7.95191335678, 12.8806762695, 24.7329959869, 25.906457901, 26.3519058228, 26.9283885956, 25.2479515076, 25.0507354736, 34.3805160522, 50.7073326111, 74.1887893677, 89.1042022705, 52.5203781128, 50.862449646, 34.2768058777, 33.0102920532, 23.2549266815, 17.7964553833, 13.0566577911, 9.67849254608, 5.91477680206, 4.71105575562, 3.01781845093, 1.75992619991, 0.868700802326, 0.311213225126, 0.086061745882, 0.0116313872859, 0.00029857235495, 6.05013592576e-05],
        "min": [9.67716115574e-11, 1.86166815297e-09, 7.88486609338e-09, 4.76974859609e-09, 1.15862386352e-09, 2.81491696619e-09, 8.81221495774e-09, 5.89948001561e-09, 1.1139658973e-08, 1.34153907538e-07, 6.69583499757e-08, 2.84047398935e-08, 4.23021688789e-08, 3.06300194097e-08, 5.41732987358e-08, 8.6120920173e-08, 6.25137914767e-08, 4.76772932245e-08, 1.5886278959e-07, 1.80421423579e-07, 2.40013804387e-07, 1.65988822687e-07, 9.15455586892e-08, 1.46249362842e-07, 1.90589233284e-07, 2.54968568925e-07, 8.44677643386e-08, 7.57651434924e-08, 7.49476285478e-08, 8.61415259124e-08, 6.34294039514e-08, 4.64707028414e-08, 3.71210688854e-08, 2.60109853656e-08, 1.47942236239e-08, 1.45714755817e-08, 7.75554287458e-09, 2.66511479552e-09, 5.8718324647e-10, 8.49618014831e-11],
        "var": [0.0315022580326, 3.96100091934, 30.4355754852, 22.3176822662, 77.441116333, 54.6765098572, 179.444091797, 136.885314941, 373.286529541, 1564.06018066, 3626.40112305, 786.978393555, 2553.74047852, 3264.67089844, 3281.48681641, 7382.01611328, 2576.93066406, 2419.63500977, 2130.06396484, 3223.88305664, 3018.984375, 3433.03369141, 1308.44592285, 990.842590332, 411.217132568, 337.657989502, 284.022094727, 189.332504272, 270.401123047, 198.645858765, 88.4781417847, 47.3663673401, 36.5011291504, 19.9283885956, 4.70497274399, 0.594670176506, 0.0557051002979, 0.00162101711612, 1.06678351131e-06, 1.2341021538e-09]
    },
    "gfcc": {
        "mean": [62.1777915955, 60.405544281, -129.4715271, 49.7387123108, -43.9216346741, 27.3521308899, -29.9297351837, 22.5089416504, -23.307384491, 4.08747768402, -22.1777324677, 4.84630537033, -11.2441568375],
        "cov": [[6399.22998047, -387.188751221, 271.579223633, -111.799972534, -140.024032593, 178.133377075, -174.529342651, 48.2251167297, -135.077301025, 64.108291626, -150.145202637, 21.6632099152, -177.640594482], [-387.188751221, 604.04699707, -285.928619385, 40.6251373291, 50.8226585388, -173.148147583, 104.244483948, -63.2918739319, 67.7621383667, -21.7484016418, 50.0436859131, -50.0225257874, 61.541809082], [271.579223633, -285.928619385, 299.505645752, 0.455232232809, -25.8209953308, 59.6199684143, -93.285369873, 15.814953804, -50.8603057861, 28.0205497742, -23.6252326965, 45.6722869873, -25.4309482574], [-111.799972534, 40.6251373291, 0.455232232809, 102.457817078, 21.4688930511, -10.9566068649, -5.00614356995, -18.5055141449, -2.20289683342, -17.3601474762, 11.4620952606, 2.89750623703, 33.9512748718], [-140.024032593, 50.8226585388, -25.8209953308, 21.4688930511, 129.685577393, 15.8017635345, 64.5685806274, 7.10584878922, -5.32202100754, 6.69965553284, 7.54543876648, 16.2539806366, 26.2066555023], [178.133377075, -173.148147583, 59.6199684143, -10.9566068649, 15.8017635345, 148.779174805, 19.0040740967, 37.0474319458, -25.5407562256, -10.2840099335, -11.5167388916, 7.83112478256, -16.4798355103], [-174.529342651, 104.244483948, -93.285369873, -5.00614356995, 64.5685806274, 19.0040740967, 127.636940002, 26.4006481171, 24.8194484711, -0.680139482021, 10.4211854935, -0.491540759802, 19.3203010559], [48.2251167297, -63.2918739319, 15.814953804, -18.5055141449, 7.10584878922, 37.0474319458, 26.4006481171, 73.6846008301, 25.4901924133, 17.7913303375, -5.98585653305, -0.1515994519, -6.26649808884], [-135.077301025, 67.7621383667, -50.8603057861, -2.20289683342, -5.32202100754, -25.5407562256, 24.8194484711, 25.4901924133, 81.4552536011, 25.2809486389, 7.8970618248, -16.9773788452, -3.39918088913], [64.108291626, -21.7484016418, 28.0205497742, -17.3601474762, 6.69965553284, -10.2840099335, -0.680139482021, 17.7913303375, 25.2809486389, 64.7184906006, 18.5782241821, 15.2160186768, -7.25140523911], [-150.145202637, 50.0436859131, -23.6252326965, 11.4620952606, 7.54543876648, -11.5167388916, 10.4211854935, -5.98585653305, 7.8970618248, 18.5782241821, 54.1727523804, 23.4173793793, 16.7010555267], [21.6632099152, -50.0225257874, 45.6722869873, 2.89750623703, 16.2539806366, 7.83112478256, -0.491540759802, -0.1515994519, -16.9773788452, 15.2160186768, 23.4173793793, 66.2180328369, 27.8255348206], [-177.640594482, 61.541809082, -25.4309482574, 33.9512748718, 26.2066555023, -16.4798355103, 19.3203010559, -6.26649808884, -3.39918088913, -7.25140523911, 16.7010555267, 27.8255348206, 69.6090774536]],
        "icov": [[0.000228722041356, -0.000382341095246, 0.000168436017702, -0.000233935847064, 0.000317782047205, -0.000536735751666, 0.000395610026317, -0.000341905426467, 0.000626306631602, -0.000812083424535, 0.00117196829524, -0.000849449425004, 0.000714425172191], [-0.000382341095246, 0.00734762009233, 0.00147984211799, 0.000830161443446, -0.00180388730951, 0.00653169350699, -0.00450168643147, 0.00423880573362, -0.00294961454347, 0.00340427900665, -0.00679709156975, 0.00699356058612, -0.00443370779976], [0.000168436017702, 0.00147984211799, 0.0088070128113, -0.00281439814717, 0.000217564593186, -0.00112037104554, 0.00421996600926, -0.00171391817275, 0.00338320527226, -0.0050715492107, 0.00514165870845, -0.00571300089359, 0.00272602378391], [-0.000233935847064, 0.000830161443446, -0.00281439814717, 0.0152252148837, -0.00380871538073, 0.000760704046115, 0.00142095412593, 0.00343064498156, -0.00441759545356, 0.00662563974038, -0.00670473417267, 0.00619224226102, -0.008648827672], [0.000317782047205, -0.00180388730951, 0.000217564593186, -0.00380871538073, 0.0132506964728, -0.00239546224475, -0.00573344854638, -0.00051059643738, 0.00471469201148, -0.00611607823521, 0.0051047001034, -0.00373568758368, 0.00019419430464], [-0.000536735751666, 0.00653169350699, -0.00112037104554, 0.000760704046115, -0.00239546224475, 0.0166136082262, -0.00693464418873, -0.00193075253628, 0.000534300284926, 0.00730269728228, -0.00811303034425, 0.00620000530034, -0.00108378962614], [0.000395610026317, -0.00450168643147, 0.00421996600926, 0.00142095412593, -0.00573344854638, -0.00693464418873, 0.020097753033, -0.00686724064872, -0.00076472904766, -0.00103635631967, 0.00418416876346, -0.00620572315529, 0.00149004161358], [-0.000341905426467, 0.00423880573362, -0.00171391817275, 0.00343064498156, -0.00051059643738, -0.00193075253628, -0.00686724064872, 0.0254814811051, -0.0102243777364, -0.00138885807246, -0.00109778763726, 0.00505629833788, -0.00538619002327], [0.000626306631602, -0.00294961454347, 0.00338320527226, -0.00441759545356, 0.00471469201148, 0.000534300284926, -0.00076472904766, -0.0102243777364, 0.0254154540598, -0.0127754798159, 0.00467421300709, 0.00034016315476, 0.0038928524591], [-0.000812083424535, 0.00340427900665, -0.0050715492107, 0.00662563974038, -0.00611607823521, 0.00730269728228, -0.00103635631967, -0.00138885807246, -0.0127754798159, 0.0329765863717, -0.0167902559042, 0.00167345604859, 0.000198416251806], [0.00117196829524, -0.00679709156975, 0.00514165870845, -0.00670473417267, 0.0051047001034, -0.00811303034425, 0.00418416876346, -0.00109778763726, 0.00467421300709, -0.0167902559042, 0.0404925607145, -0.0208875872195, 0.00615960080177], [-0.000849449425004, 0.00699356058612, -0.00571300089359, 0.00619224226102, -0.00373568758368, 0.00620000530034, -0.00620572315529, 0.00505629833788, 0.00034016315476, 0.00167345604859, -0.0208875872195, 0.0395625196397, -0.019018644467], [0.000714425172191, -0.00443370779976, 0.00272602378391, -0.008648827672, 0.00019419430464, -0.00108378962614, 0.00149004161358, -0.00538619002327, 0.0038928524591, 0.000198416251806, 0.00615960080177, -0.019018644467, 0.030430605635]]
    },
    "melbands": {
        "dmean": [0.00121897575445, 0.00161500333343, 0.000543727481272, 0.000269906420726, 0.000203278454137, 0.00011267629452, 0.00011667063518, 0.000168515136465, 0.000150450374349, 8.43213420012e-05, 0.000134832895128, 9.12292016437e-05, 8.07159012766e-05, 6.92727116984e-05, 6.69857690809e-05, 4.27308732469e-05, 4.5092729124e-05, 4.29569117841e-05, 4.3830172217e-05, 5.44553404325e-05, 4.47689053544e-05, 5.26642543264e-05, 2.77712169918e-05, 2.31222111324e-05, 2.18541645154e-05, 1.18449715956e-05, 9.43209943216e-06, 9.10295966605e-06, 6.66651203574e-06, 5.53829977434e-06, 4.63148035124e-06, 4.63051765109e-06, 4.53064012618e-06, 3.50108734892e-06, 2.36221239902e-06, 2.01512762033e-06, 1.7452045995e-06, 1.35526920531e-06, 1.37195365824e-06, 9.81041694104e-07],
        "dmean2": [0.0021627577953, 0.00281953369267, 0.000925912579987, 0.000443826749688, 0.000327630987158, 0.000183434211067, 0.00019027950475, 0.000283397588646, 0.000242490365054, 0.000137095863465, 0.000227169366553, 0.000143931698403, 0.000129333071527, 0.000113520036393, 0.00010941074288, 6.90432643751e-05, 7.38560993341e-05, 7.13966655894e-05, 7.22374679754e-05, 9.00736486074e-05, 7.44047647459e-05, 8.67513444973e-05, 4.47885868198e-05, 3.83467813663e-05, 3.71135938622e-05, 2.02073006221e-05, 1.57494287123e-05, 1.52623288159e-05, 1.0958016901e-05, 9.10484504857e-06, 7.7471277109e-06, 7.29133307686e-06, 7.17486227586e-06, 5.5422215155e-06, 3.76690150006e-06, 3.20293816003e-06, 2.80015251519e-06, 2.0784143544e-06, 1.90484934137e-06, 1.41086104577e-06],
        "dvar": [3.31891578753e-06, 6.93923175277e-06, 5.97254711465e-07, 2.38619122683e-07, 1.08393322762e-07, 4.74545629459e-08, 5.52337198201e-08, 1.24166717796e-07, 1.06234139707e-07, 2.42430591157e-08, 4.98775349911e-08, 2.54446401726e-08, 2.06501962197e-08, 3.46620581126e-08, 1.90851547899e-08, 4.66905936136e-09, 4.93137397584e-09, 3.83399090254e-09, 3.99259958428e-09, 5.06067632244e-09, 3.13215831049e-09, 2.8350626291e-09, 1.01499375571e-09, 6.74574895942e-10, 4.56598509002e-10, 1.71269234905e-10, 8.24417548118e-11, 7.44145300935e-11, 6.37048955254e-11, 4.76455749854e-11, 2.75167111319e-11, 4.03053770914e-11, 5.14086100079e-11, 3.14790797595e-11, 1.42127655131e-11, 1.51965731665e-11, 7.67986542416e-12, 6.00688552718e-12, 7.20479188462e-12, 3.77645744537e-12],
        "dvar2": [1.00783054222e-05, 1.97201134142e-05, 1.6052946421e-06, 6.02897671342e-07, 2.39826960069e-07, 1.17698220947e-07, 1.2839970509e-07, 3.10135362724e-07, 2.72999244544e-07, 6.04623195954e-08, 1.32290026045e-07, 5.42475433463e-08, 4.79365169781e-08, 9.30533659016e-08, 4.2130054112e-08, 1.10319167135e-08, 1.19564358414e-08, 9.45012068598e-09, 1.02677804037e-08, 1.23608048241e-08, 8.0435826888e-09, 7.65721175355e-09, 2.48372833411e-09, 1.75908942968e-09, 1.26066845851e-09, 4.67243688185e-10, 2.14114365127e-10, 2.05445230272e-10, 1.72389588715e-10, 1.24416976721e-10, 6.72061226115e-11, 9.13258010882e-11, 1.2266139493e-10, 7.81784151305e-11, 3.24060500656e-11, 3.91858524795e-11, 1.82291612361e-11, 1.22901619437e-11, 1.19764319989e-11, 7.04123348169e-12],
        "max": [0.0143266683444, 0.0248294956982, 0.00618479400873, 0.0044112210162, 0.00401689903811, 0.00267405738123, 0.00302205211483, 0.00609666854143, 0.00475534051657, 0.00226606987417, 0.00272000697441, 0.00366101064719, 0.00218391208909, 0.00338010000996, 0.00259197806008, 0.00112248247024, 0.000800033274572, 0.000946923799347, 0.00079487048788, 0.00111525412649, 0.00123529310804, 0.000673103786539, 0.000352495437255, 0.000281496846583, 0.0002040573454, 0.000143240817124, 0.000101765508589, 9.91726119537e-05, 0.000132998466142, 0.000112037545478, 7.00199962012e-05, 8.75754194567e-05, 0.000106087813037, 6.85147679178e-05, 6.69330402161e-05, 7.96232270659e-05, 4.47098827863e-05, 4.46778576588e-05, 4.85634700453e-05, 4.62800016976e-05],
        "mean": [0.00204155198298, 0.00358280958608, 0.000905092863832, 0.000336553319357, 0.00028675966314, 0.000157026370289, 0.000151981163071, 0.000233260841924, 0.000207263219636, 0.000132971734274, 0.000207598364796, 0.000162409007316, 0.000136932809255, 0.000111852947157, 0.000111183129775, 7.40192917874e-05, 7.14129491826e-05, 7.13568588253e-05, 7.87565877545e-05, 0.000101714562334, 9.78126263362e-05, 0.000116814291687, 6.07928996033e-05, 5.03662704432e-05, 4.56922280136e-05, 2.80326676148e-05, 2.45663213718e-05, 2.32750717259e-05, 1.68606056832e-05, 1.39539260999e-05, 1.17389472507e-05, 9.97417555482e-06, 8.96118399396e-06, 6.79705090079e-06, 4.85417695018e-06, 4.09762969866e-06, 3.78268441636e-06, 2.99406656268e-06, 3.07630944008e-06, 2.16871012526e-06],
        "median": [0.00156443694141, 0.00315756211057, 0.000604311295319, 0.000140340431244, 0.000138529750984, 7.05018028384e-05, 6.19673592155e-05, 7.0947324275e-05, 6.34307580185e-05, 8.24705857667e-05, 0.000122807876323, 0.000100269011455, 8.34381280583e-05, 7.0308415161e-05, 6.90445012879e-05, 4.59461734863e-05, 4.37523922301e-05, 5.13573322678e-05, 5.59014224564e-05, 8.15112580312e-05, 8.52655794006e-05, 0.000101838930277, 5.12471779075e-05, 4.40481453552e-05, 4.06644867326e-05, 2.53600683209e-05, 2.20926103793e-05, 2.1537178327e-05, 1.49133784362e-05, 1.15057446237e-05, 9.75988041318e-06, 7.16547083357e-06, 6.1061514316e-06, 4.75741671835e-06, 3.32022659677e-06, 2.87326679427e-06, 2.71995827461e-06, 2.03916988539e-06, 1.93912751456e-06, 1.28206033878e-06],
        "min": [1.77918205342e-12, 3.72850101488e-12, 7.47958606943e-13, 1.31076369919e-13, 2.59167497576e-13, 1.53113348281e-13, 1.82194821838e-13, 1.51093005295e-12, 4.55263756381e-13, 1.29578625933e-13, 2.02483727485e-13, 1.07189607125e-13, 1.69948270409e-13, 2.07849240748e-13, 2.11277731963e-13, 7.22672857429e-14, 9.13313817478e-14, 2.35406583549e-13, 2.38450833514e-13, 3.3861292676e-13, 2.56357137124e-13, 1.62915796305e-13, 1.28848171824e-13, 7.24820526407e-14, 1.14858074223e-13, 1.6679728074e-13, 1.29832478319e-13, 1.85908688617e-13, 4.87308151188e-14, 4.99905462349e-14, 3.48681248263e-14, 3.58448554584e-14, 5.07371922254e-14, 5.15754363588e-14, 3.89701088782e-14, 2.65425871657e-14, 3.14106650846e-14, 2.3089830151e-14, 3.04910346375e-14, 1.79429445612e-14],
        "var": [3.4411609704e-06, 6.8904573709e-06, 7.49136006561e-07, 2.72964086889e-07, 1.92102618257e-07, 7.10906178369e-08, 8.00963633196e-08, 2.3949627348e-07, 2.33175114772e-07, 3.05207557005e-08, 6.64816042217e-08, 5.67019036168e-08, 4.33615490181e-08, 4.26983355339e-08, 3.27241984621e-08, 1.12145297493e-08, 8.63762750214e-09, 5.72282532474e-09, 6.08694916693e-09, 7.96136490067e-09, 4.85716267207e-09, 5.49063017274e-09, 1.79444537007e-09, 1.07276088013e-09, 7.49128370447e-10, 2.83456647043e-10, 1.7654895601e-10, 1.66625241382e-10, 1.12350455328e-10, 9.89590145939e-11, 6.42174369236e-11, 8.93506310606e-11, 9.58779583504e-11, 5.36605759827e-11, 3.15668775841e-11, 2.41038387166e-11, 1.72766124323e-11, 1.58815443435e-11, 2.27058250674e-11, 1.33210205019e-11]
    },
    "mfcc": {
        "mean": [-572.864440918, 85.8530883789, -16.2866954803, 29.1533050537, 11.9445753098, 11.581659317, 8.59199047089, 15.5983629227, 11.9238271713, 3.40319275856, -0.425876945257, 3.1551425457, 1.64336776733],
        "cov": [[4521.59179688, 10.8486604691, 116.687911987, -98.6389770508, 24.5867538452, 17.779592514, -49.121673584, -0.0891309827566, -24.4627780914, 29.3816337585, 19.4376716614, -40.7976379395, -26.8326816559], [10.8486604691, 473.169128418, -247.481643677, 139.028656006, -84.6096801758, -15.3769788742, -9.45918369293, -24.7730617523, 22.8133049011, 11.2430200577, 12.63438797, 24.4613323212, 6.84702730179], [116.687911987, -247.481643677, 292.629211426, -70.6650390625, 61.3167190552, -9.88089752197, -29.8842945099, -17.5185031891, -44.1132316589, -15.5989952087, -14.7084646225, -23.6257686615, -1.63679778576], [-98.6389770508, 139.028656006, -70.6650390625, 155.247421265, -1.7620677948, -3.74575281143, -10.400147438, -24.6969337463, 9.01818466187, -18.0098381042, -14.2342348099, 2.5882434845, 15.6310653687], [24.5867538452, -84.6096801758, 61.3167190552, -1.7620677948, 86.4295654297, 18.2142791748, 15.0968399048, 0.953663527966, -5.0878572464, -8.71497917175, -11.9948778152, -7.7844080925, -4.79085636139], [17.779592514, -15.3769788742, -9.88089752197, -3.74575281143, 18.2142791748, 68.9025192261, 40.7005653381, 21.187379837, 3.4513463974, -4.74039793015, 1.02492034435, -9.95086288452, -4.63417387009], [-49.121673584, -9.45918369293, -29.8842945099, -10.400147438, 15.0968399048, 40.7005653381, 101.775291443, 39.281578064, 20.2038841248, -13.6048593521, -4.69985294342, 3.89226818085, -0.305655360222], [-0.0891309827566, -24.7730617523, -17.5185031891, -24.6969337463, 0.953663527966, 21.187379837, 39.281578064, 69.8276138306, 28.419467926, 10.0700616837, 1.49403965473, -2.152957201, -3.99677181244], [-24.4627780914, 22.8133049011, -44.1132316589, 9.01818466187, -5.0878572464, 3.4513463974, 20.2038841248, 28.419467926, 70.1007843018, 27.2181034088, 11.6769790649, 0.921946823597, 1.25042557716], [29.3816337585, 11.2430200577, -15.5989952087, -18.0098381042, -8.71497917175, -4.74039793015, -13.6048593521, 10.0700616837, 27.2181034088, 64.9522018433, 29.8362007141, 6.99198579788, -7.74224328995], [19.4376716614, 12.63438797, -14.7084646225, -14.2342348099, -11.9948778152, 1.02492034435, -4.69985294342, 1.49403965473, 11.6769790649, 29.8362007141, 60.3257713318, 22.0498313904, 5.26833057404], [-40.7976379395, 24.4613323212, -23.6257686615, 2.5882434845, -7.7844080925, -9.95086288452, 3.89226818085, -2.152957201, 0.921946823597, 6.99198579788, 22.0498313904, 51.6862716675, 20.6418876648], [-26.8326816559, 6.84702730179, -1.63679778576, 15.6310653687, -4.79085636139, -4.63417387009, -0.305655360222, -3.99677181244, 1.25042557716, -7.74224328995, 5.26833057404, 20.6418876648, 47.5217971802]],
