{
"lowlevel": {
    "average_loudness": 0.975436091423,
    "barkbands_crest": {
        "dmean": 2.90507531166,
        "dmean2": 4.85233688354,
        "dvar": 7.89343976974,
        "dvar2": 20.578830719,
        "max": 19.9548816681,
        "mean": 8.39778995514,
        "median": 7.67245388031,
        "min": 2.3915951252,
        "var": 12.0409889221
    },
    "barkbands_flatness_db": {
        "dmean": 0.0183495823294,
        "dmean2": 0.0304072871804,
        "dvar": 0.00027888774639,
        "dvar2": 0.000716829614248,
        "max": 0.266556471586,
        "mean": 0.136538013816,
        "median": 0.127389505506,
        "min": 0.074199475348,
        "var": 0.00120662560221
    },
    "barkbands_kurtosis": {
        "dmean": 1.16606485844,
        "dmean2": 1.95623123646,
        "dvar": 2.42585754395,
        "dvar2": 6.1802778244,
        "max": 15.4805278778,
        "mean": -0.00190884736367,
        "median": -0.73748922348,
        "min": -1.77895855904,
        "var": 3.63659286499
    },
    "barkbands_skewness": {
        "dmean": 0.485067605972,
        "dmean2": 0.775328218937,
        "dvar": 0.199129670858,
        "dvar2": 0.498681277037,
        "max": 4.00500822067,
        "mean": 0.960645854473,
        "median": 0.865889132023,
        "min": -0.832908332348,
        "var": 0.508537590504
    },
    "barkbands_spread": {
        "dmean": 6.1460442543,
        "dmean2": 10.1639642715,
        "dvar": 32.1267280579,
        "dvar2": 83.8021850586,
        "max": 73.2651519775,
        "mean": 37.7757720947,
        "median": 38.8107147217,
        "min": 11.5026779175,
        "var": 88.2672576904
    },
    "dissonance": {
        "dmean": 0.00674214586616,
        "dmean2": 0.011748354882,
        "dvar": 3.88618464058e-05,
        "dvar2": 0.000111739936983,
        "max": 0.500000059605,
        "mean": 0.488665640354,
        "median": 0.490177452564,
        "min": 0.440770536661,
        "var": 5.54551079404e-05
    },
    "dynamic_complexity": 1.45970261097,
    "erbbands_crest": {
        "dmean": 1.97514116764,
        "dmean2": 3.3412232399,
        "dvar": 3.18043208122,
        "dvar2": 8.70875930786,
        "max": 20.9889011383,
        "mean": 7.41951560974,
        "median": 6.90929937363,
        "min": 2.89478874207,
        "var": 6.21657037735
    },
    "erbbands_flatness_db": {
        "dmean": 0.0104541685432,
        "dmean2": 0.0169727187604,
        "dvar": 8.26164905448e-05,
        "dvar2": 0.000191504484974,
        "max": 0.25719588995,
        "mean": 0.175203725696,
        "median": 0.169365748763,
        "min": 0.127647802234,
        "var": 0.000610972230788
    },
    "erbbands_kurtosis": {
        "dmean": 0.837582886219,
        "dmean2": 1.36612856388,
        "dvar": 0.654594063759,
        "dvar2": 1.6874819994,
        "max": 12.1285505295,
        "mean": 0.670245110989,
        "median": 0.538339853287,
        "min": -1.63728272915,
        "var": 1.65613389015
    },
    "erbbands_skewness": {
        "dmean": 0.253823637962,
        "dmean2": 0.409345895052,
        "dvar": 0.0445021241903,
        "dvar2": 0.112206019461,
        "max": 1.14867603779,
        "mean": -0.820446789265,
        "median": -0.823538601398,
        "min": -2.31727051735,
        "var": 0.190784692764
    },
    "erbbands_spread": {
        "dmean": 8.42351818085,
        "dmean2": 13.6915016174,
        "dvar": 62.1345405579,
        "dvar2": 164.553588867,
        "max": 89.311126709,
        "mean": 39.6752243042,
        "median": 38.3029403687,
        "min": 10.0361633301,
        "var": 163.124343872
    },
    "hfc": {
        "dmean": 6.02637338638,
        "dmean2": 9.30657958984,
        "dvar": 54.8104972839,
        "dvar2": 128.598251343,
        "max": 83.1150360107,
        "mean": 29.5777835846,
        "median": 29.459230423,
        "min": 0.000513627426699,
        "var": 175.173477173
    },
    "melbands_crest": {
        "dmean": 3.67816400528,
        "dmean2": 6.06428194046,
        "dvar": 10.1233272552,
        "dvar2": 26.0747013092,
        "max": 28.4441108704,
        "mean": 14.9408550262,
        "median": 14.5504283905,
        "min": 3.80947136879,
        "var": 20.4626655579
    },
    "melbands_flatness_db": {
        "dmean": 0.0248908996582,
        "dmean2": 0.0396135784686,
        "dvar": 0.000557029736228,
        "dvar2": 0.00135689671151,
        "max": 0.320623546839,
        "mean": 0.156679868698,
        "median": 0.146564692259,
        "min": 0.0450875423849,
        "var": 0.00222277012654
    },
    "melbands_kurtosis": {
        "dmean": 5.19225597382,
        "dmean2": 8.58434486389,
        "dvar": 43.3145637512,
        "dvar2": 111.159614563,
        "max": 76.6631317139,
        "mean": 7.82312488556,
        "median": 5.38880443573,
        "min": -1.42353498936,
        "var": 67.2256469727
    },
    "melbands_skewness": {
        "dmean": 0.77178812027,
        "dmean2": 1.23648762703,
        "dvar": 0.556323051453,
        "dvar2": 1.39504671097,
        "max": 8.18059921265,
        "mean": 2.59476017952,
        "median": 2.44822835922,
        "min": -0.0549522265792,
        "var": 1.34382998943
    },
    "melbands_spread": {
        "dmean": 10.9157218933,
        "dmean2": 17.5563678741,
        "dvar": 94.947807312,
        "dvar2": 239.022888184,
        "max": 103.754608154,
        "mean": 37.8640098572,
        "median": 37.5505065918,
        "min": 5.95768547058,
        "var": 254.924438477
    },
    "pitch_salience": {
        "dmean": 0.0743560642004,
        "dmean2": 0.123531147838,
        "dvar": 0.00418676901609,
        "dvar2": 0.0108936969191,
        "max": 0.794579744339,
        "mean": 0.593887448311,
        "median": 0.605511724949,
        "min": 0.278238624334,
        "var": 0.00809922255576
    },
    "silence_rate_20dB": {
        "dmean": 0,
        "dmean2": 0,
        "dvar": 0,
        "dvar2": 0,
        "max": 1,
        "mean": 1,
        "median": 1,
        "min": 1,
        "var": 0
    },
    "silence_rate_30dB": {
        "dmean": 0.000773993786424,
        "dmean2": 0.00154858687893,
        "dvar": 0.000773392734118,
        "dvar2": 0.00232047284953,
        "max": 1,
        "mean": 0.999613165855,
        "median": 1,
        "min": 0,
        "var": 0.000386717380024
    },
    "silence_rate_60dB": {
        "dmean": 0.000773993786424,
        "dmean2": 0.00154858687893,
        "dvar": 0.000773391802795,
        "dvar2": 0.00154617498629,
        "max": 1,
        "mean": 0.010831721127,
        "median": 0,
        "min": 0,
        "var": 0.0107143735513
    },
    "spectral_centroid": {
        "dmean": 228.758834839,
        "dmean2": 380.315246582,
        "dvar": 38933.515625,
        "dvar2": 106821.859375,
        "max": 3133.61572266,
        "mean": 2044.75158691,
        "median": 2085.97949219,
        "min": 861.48059082,
        "var": 142988.421875
    },
    "spectral_complexity": {
        "dmean": 4.16718244553,
        "dmean2": 6.68757247925,
        "dvar": 12.5209360123,
        "dvar2": 29.0223999023,
        "max": 55,
        "mean": 33.49168396,
        "median": 34,
        "min": 0,
        "var": 70.9905929565
    },
    "spectral_decrease": {
        "dmean": 3.06578562537e-09,
        "dmean2": 5.03739405744e-09,
        "dvar": 1.65426097082e-17,
        "dvar2": 4.22733034325e-17,
        "max": -1.23366364325e-13,
        "mean": -7.63171836837e-09,
        "median": -6.55510579151e-09,
        "min": -3.03243226085e-08,
        "var": 2.03835715974e-17
    },
    "spectral_energy": {
        "dmean": 0.0119613334537,
        "dmean2": 0.0195937976241,
        "dvar": 0.000247256917646,
        "dvar2": 0.000632251496427,
        "max": 0.11832728982,
        "mean": 0.0314866155386,
        "median": 0.0275113359094,
        "min": 5.30770421392e-07,
        "var": 0.000314936274663
    },
    "spectral_energyband_high": {
        "dmean": 0.000410728418501,
        "dmean2": 0.000632198643871,
        "dvar": 4.3484658363e-07,
        "dvar2": 9.73727537712e-07,
        "max": 0.00764139927924,
        "mean": 0.00138269935269,
        "median": 0.00121567200404,
        "min": 1.63246536289e-08,
        "var": 9.62848162089e-07
    },
    "spectral_energyband_low": {
        "dmean": 0.00846895389259,
        "dmean2": 0.0138102788478,
        "dvar": 0.000179638402187,
        "dvar2": 0.000450600928161,
        "max": 0.100057423115,
        "mean": 0.013849651441,
        "median": 0.00999063905329,
        "min": 1.36311697929e-07,
        "var": 0.000190711187315
    },
    "spectral_energyband_middle_high": {
        "dmean": 0.00181455374695,
        "dmean2": 0.00278305402026,
        "dvar": 4.42435384684e-06,
        "dvar2": 9.53293420025e-06,
        "max": 0.0310436189175,
        "mean": 0.00834116060287,
        "median": 0.00760815246031,
        "min": 1.62851037544e-07,
        "var": 2.28459248319e-05
    },
    "spectral_energyband_middle_low": {
        "dmean": 0.0050196480006,
        "dmean2": 0.00856043957174,
        "dvar": 8.21646972327e-05,
        "dvar2": 0.000222794915317,
        "max": 0.0879937335849,
        "mean": 0.00947046279907,
        "median": 0.00733833061531,
        "min": 9.10244821739e-08,
        "var": 7.28335071472e-05
    },
    "spectral_entropy": {
        "dmean": 0.0718399137259,
        "dmean2": 0.116634227335,
        "dvar": 0.00370536046103,
        "dvar2": 0.00945574510843,
        "max": 8.20776176453,
        "mean": 7.84242868423,
        "median": 7.88045883179,
        "min": 7.23143386841,
        "var": 0.0279233250767
    },
    "spectral_flux": {
        "dmean": 0.0263394750655,
        "dmean2": 0.0419755801558,
        "dvar": 0.000956145988312,
        "dvar2": 0.00203898013569,
        "max": 0.282783806324,
        "mean": 0.0999539941549,
        "median": 0.0896979644895,
        "min": 0.000728539947886,
        "var": 0.00196297466755
    },
    "spectral_kurtosis": {
        "dmean": 1.24910724163,
        "dmean2": 2.21180701256,
        "dvar": 1.61279129982,
        "dvar2": 4.90652894974,
        "max": 14.2071380615,
        "mean": 2.22142457962,
        "median": 1.92985343933,
        "min": -0.219892501831,
        "var": 2.01559352875
    },
    "spectral_rms": {
        "dmean": 0.000954641902354,
        "dmean2": 0.00152439647354,
        "dvar": 1.15219006602e-06,
        "dvar2": 2.88956789518e-06,
        "max": 0.0107443593442,
        "mean": 0.00534230889753,
        "median": 0.00518076494336,
        "min": 2.27557629842e-05,
        "var": 2.17840624828e-06
    },
    "spectral_rolloff": {
        "dmean": 550.048034668,
        "dmean2": 933.114196777,
        "dvar": 384122.21875,
        "dvar2": 934106.4375,
        "max": 6050.83007812,
        "mean": 2281.29077148,
        "median": 2519.38476562,
        "min": 107.666015625,
        "var": 746731.875
    },
    "spectral_skewness": {
        "dmean": 0.169517889619,
        "dmean2": 0.290743887424,
        "dvar": 0.0241550058126,
        "dvar2": 0.0673994719982,
        "max": 2.48557925224,
        "mean": 0.880411922932,
        "median": 0.881278455257,
        "min": 0.214791789651,
        "var": 0.0537632144988
    },
    "spectral_spread": {
        "dmean": 240853.875,
        "dmean2": 387062.78125,
        "dvar": 42735497216,
        "dvar2": 104711290880,
        "max": 5226349,
        "mean": 3596912.25,
        "median": 3682236.75,
        "min": 1941233.25,
        "var": 321668907008
    },
    "spectral_strongpeak": {
        "dmean": 0.308694630861,
        "dmean2": 0.540660917759,
        "dvar": 0.312833935022,
        "dvar2": 0.878604531288,
        "max": 6.82614803314,
        "mean": 0.447536587715,
        "median": 0.330833941698,
        "min": 0,
        "var": 0.254943192005
    },
    "zerocrossingrate": {
        "dmean": 0.00895686168224,
        "dmean2": 0.0112569341436,
        "dvar": 5.50375298189e-05,
        "dvar2": 8.7415894086e-05,
        "max": 0.16357421875,
        "mean": 0.0763252526522,
        "median": 0.0771484375,
        "min": 0.0185546875,
        "var": 0.000403373443987
    },
    "barkbands": {
        "dmean": [0.000548208074179, 0.00499577447772, 0.00392690300941, 0.00159401341807, 0.00365448300727, 0.000469672842883, 0.0003558913304, 0.000300579267787, 0.000251170422416, 0.000352456176188, 0.000343405758031, 0.000191133658518, 0.00042051114724, 0.000624041073024, 0.000174322645762, 0.00043546766392, 0.000746785954107, 0.000406339910114, 0.000324461929267, 0.000219815541641, 0.000182751304237, 0.000130894302856, 0.000106670195237, 4.43607495981e-05, 8.78645278135e-06, 1.18718626041e-08, 2.49059550761e-09],
        "dmean2": [0.00086195638869, 0.0083117922768, 0.00651522772387, 0.00271626817994, 0.0063184988685, 0.000783689145464, 0.000590366718825, 0.000493174709845, 0.000411854853155, 0.000566380855162, 0.000555813952815, 0.000324047461618, 0.00066581874853, 0.000991933280602, 0.000292453507427, 0.000713048386388, 0.00124613987282, 0.000681578239892, 0.000552521785721, 0.000365674437489, 0.000298418133752, 0.000210460799281, 0.000163922086358, 6.97643481544e-05, 1.42665094245e-05, 2.00918250925e-08, 4.68117322683e-09],
        "dvar": [1.06453819626e-06, 0.000112061054097, 2.50520588452e-05, 3.28662918037e-06, 6.34770985926e-05, 4.66327662707e-07, 4.39729234358e-07, 4.97116332099e-07, 1.69546169104e-07, 4.81261793084e-07, 5.98975816501e-07, 8.79067201254e-08, 6.46919829705e-07, 1.15971567993e-06, 9.54408889697e-08, 4.25104701662e-07, 6.53533845707e-07, 1.80290840035e-07, 1.16865010114e-07, 9.30348278416e-08, 6.36162553747e-08, 4.25467376886e-08, 2.21491855967e-08, 2.5720310326e-09, 1.20338475296e-10, 2.93260249924e-16, 1.03159507371e-16],
        "dvar2": [2.49276104114e-06, 0.000282190711005, 6.9325484219e-05, 9.02431293071e-06, 0.000172538930201, 1.32954096443e-06, 1.16495994007e-06, 1.2448782627e-06, 4.17635789063e-07, 1.0824568335e-06, 1.43748991377e-06, 2.40128827045e-07, 1.63101765338e-06, 2.81940538116e-06, 2.45718979386e-07, 9.31961324113e-07, 1.75575735284e-06, 4.89862088671e-07, 3.24864402046e-07, 2.36448641999e-07, 1.53196552333e-07, 9.88879236274e-08, 4.77917616593e-08, 6.29716678802e-09, 3.12025461024e-10, 8.41472917109e-16, 3.04331341122e-16],
        "max": [0.0102794589475, 0.0759044289589, 0.0536415465176, 0.0184231586754, 0.0678213462234, 0.0147608118132, 0.0122270993888, 0.0147007768974, 0.00723301665857, 0.0110748764127, 0.0117085706443, 0.0047592530027, 0.0120060835034, 0.0130730587989, 0.00717543577775, 0.0199110321701, 0.0107742296532, 0.00541345775127, 0.00372155476362, 0.00363150634803, 0.00233351136558, 0.00265754223801, 0.00308010284789, 0.0009452427621, 0.000135816939292, 2.16684313159e-07, 1.9681226604e-07],
        "mean": [0.000548608251847, 0.00507389847189, 0.00673926901072, 0.002747469116, 0.00432214839384, 0.000845606438816, 0.000628826906905, 0.000418423966039, 0.000416340277297, 0.00057632435346, 0.000547755276784, 0.000323607993778, 0.000667574815452, 0.00115808425471, 0.000342062237905, 0.000912616029382, 0.00175699405372, 0.00098584278021, 0.000829772732686, 0.000436165573774, 0.000442374876002, 0.000305959343677, 0.000284064852167, 0.00015295848425, 2.3892522222e-05, 2.21835509961e-08, 1.73002900894e-09],
        "median": [0.000113837173558, 0.00200340384617, 0.00521007459611, 0.00210522348061, 0.00222382717766, 0.000585615925957, 0.000304176675854, 0.000190698658116, 0.00024082926393, 0.000240428547841, 0.000199061425519, 0.000208025376196, 0.000273969490081, 0.000492799794301, 0.000240421824856, 0.000703788595274, 0.00153541576583, 0.000887070200406, 0.000729345891159, 0.00031344598392, 0.000357675191481, 0.000241721427301, 0.000251467427006, 0.000147124374053, 2.03832059924e-05, 1.69281531015e-08, 5.11665987357e-10],
        "min": [1.91929938609e-09, 2.15594226916e-08, 5.73188430053e-08, 3.85244831591e-08, 1.66422999825e-08, 8.38202751652e-09, 6.77459244258e-09, 2.23901075458e-09, 2.79350143018e-09, 4.14649470315e-09, 4.27687774085e-10, 1.58025925678e-09, 1.7752865844e-08, 2.5290383121e-09, 5.32259303299e-09, 4.65550220596e-09, 4.47803749637e-08, 1.60439750374e-08, 2.12568789237e-08, 4.26576152179e-09, 7.06889213831e-09, 2.93453616962e-09, 2.042345848e-09, 9.36126509643e-10, 2.84348627977e-10, 4.5325201925e-12, 5.19786080497e-12],
        "var": [1.19022433864e-06, 9.58266464295e-05, 3.62576247426e-05, 6.08107757216e-06, 4.84265074192e-05, 1.04343484963e-06, 9.41715370573e-07, 5.99235931986e-07, 3.08306852048e-07, 1.0003512898e-06, 1.08499159523e-06, 1.33773639277e-07, 1.05086985513e-06, 2.82669293483e-06, 1.45328968415e-07, 9.19409956168e-07, 1.24199902984e-06, 3.4487004541e-07, 2.60937298435e-07, 1.48682005374e-07, 1.12233081495e-07, 7.40461842952e-08, 5.64518209956e-08, 1.30625448236e-08, 4.65558980256e-10, 5.22087021188e-16, 5.56569335424e-17]
    },
    "erbbands": {
        "dmean": [0.166155084968, 1.12921643257, 4.00884342194, 4.84464025497, 9.33373355865, 13.7592391968, 4.89131832123, 4.24898862839, 4.73137950897, 6.10768604279, 6.00910329819, 6.06687307358, 7.23020887375, 11.9840946198, 12.3153924942, 6.63407182693, 15.8554172516, 33.2371940613, 12.5492897034, 12.1495609283, 25.5913887024, 41.4545898438, 23.2967891693, 19.32280159, 12.7898302078, 9.27218055725, 6.63593196869, 7.65841531754, 4.48736047745, 4.14785432816, 2.85846948624, 1.18093299866, 0.704583644867, 0.168184176087, 0.0111329648644, 0.000483838666696, 3.03178221657e-05, 5.87902241023e-06, 6.5864219323e-06, 1.36716698762e-05],
        "dmean2": [0.280015558004, 1.95966768265, 6.73956441879, 8.17473888397, 15.9607276917, 24.0467033386, 8.47377490997, 7.04262685776, 7.85083961487, 10.0518493652, 9.90232086182, 9.94185733795, 11.8429231644, 19.0369796753, 19.8258724213, 11.1828241348, 25.4014339447, 52.915802002, 20.3118000031, 19.2707748413, 42.4888801575, 69.3314361572, 39.4376983643, 33.2104911804, 21.4230899811, 15.4795312881, 11.0573720932, 12.4146947861, 7.09614229202, 6.44488143921, 4.49095392227, 1.83432614803, 1.13150894642, 0.265531003475, 0.0175106730312, 0.000758587324526, 4.72124702355e-05, 9.25800759433e-06, 1.04886821646e-05, 2.22045091505e-05],
        "dvar": [0.132582992315, 5.75362491608, 30.9533252716, 28.3816661835, 316.578308105, 954.002929688, 65.5069046021, 32.4706916809, 80.5389785767, 153.050750732, 228.529144287, 107.982292175, 206.391067505, 695.298278809, 587.021850586, 80.9322662354, 810.478637695, 3649.69067383, 388.940032959, 782.718261719, 927.925598145, 2202.50048828, 616.02545166, 395.356231689, 229.348205566, 187.023254395, 82.092628479, 125.994110107, 49.9372253418, 42.8779525757, 13.6474990845, 1.93931162357, 0.720322608948, 0.0416394136846, 0.000177120498847, 3.21314217899e-07, 1.26395871547e-09, 7.7228348716e-11, 7.1657672851e-11, 3.13032738619e-10],
        "dvar2": [0.319669038057, 15.5318822861, 85.4172439575, 78.8180084229, 841.954040527, 2658.36962891, 185.984695435, 89.3642730713, 219.172698975, 370.400695801, 600.313659668, 270.304901123, 504.086517334, 1622.31408691, 1404.47033691, 213.543045044, 1955.61230469, 8911.01953125, 965.453857422, 1773.80334473, 2197.78466797, 5825.12207031, 1664.11572266, 1145.80957031, 599.386169434, 477.16217041, 207.251541138, 293.353546143, 116.0415802, 90.803314209, 30.5411758423, 4.52258205414, 1.88799965382, 0.105768062174, 0.000446522171842, 7.95162861777e-07, 2.97261926185e-09, 1.89839033382e-10, 1.82550086159e-10, 8.00865707085e-10],
        "max": [3.06084632874, 17.3589782715, 54.7353019714, 48.741104126, 159.936096191, 281.447692871, 169.98260498, 92.1494216919, 165.554763794, 234.272262573, 310.900512695, 209.73727417, 248.180953979, 395.975189209, 335.247558594, 99.1605529785, 380.435913086, 795.171569824, 317.491729736, 805.461242676, 695.851928711, 635.53515625, 322.052276611, 248.604354858, 223.666824341, 204.351898193, 94.4455337524, 117.347465515, 89.2372207642, 140.710327148, 50.7385940552, 23.7624092102, 11.4454717636, 2.58678722382, 0.141035750508, 0.00618037255481, 0.000603872991633, 0.000168368205777, 0.000101039964647, 0.000145512414747],
        "mean": [0.151211649179, 1.19204998016, 6.601957798, 9.43236637115, 12.216012001, 15.3290481567, 7.5669670105, 7.20941066742, 7.65223884583, 11.1840114594, 9.21488571167, 10.1968221664, 11.977894783, 21.5261573792, 21.5409507751, 12.9605464935, 28.079832077, 61.4657211304, 26.9036808014, 27.3554401398, 60.8906059265, 100.585289001, 61.9886550903, 49.4340553284, 33.1766242981, 19.522069931, 15.5264034271, 17.9647598267, 10.5171642303, 10.2717990875, 7.46663236618, 3.84301829338, 2.19336438179, 0.549178421497, 0.0299261622131, 0.00146112509537, 0.000125730759464, 2.62471330643e-05, 2.34779417951e-05, 4.01431934733e-05],
        "median": [0.0343832075596, 0.586725473404, 4.88076019287, 7.43400239944, 7.14219856262, 7.16786527634, 4.52762365341, 5.4191198349, 4.63338184357, 4.87582492828, 4.80482292175, 5.95591402054, 6.08747291565, 8.56171703339, 10.1106538773, 9.42881393433, 12.8490819931, 25.7645225525, 16.5128993988, 17.9983768463, 51.9918708801, 86.9439086914, 55.8740310669, 44.8484306335, 27.569776535, 14.3154201508, 12.4473562241, 14.0819511414, 8.34529876709, 8.65054702759, 6.49827623367, 3.6524617672, 1.99167239666, 0.494450539351, 0.0247078984976, 0.00125942623708, 0.00012232507288, 2.57138672168e-05, 2.2262778657e-05, 3.63244762411e-05],
        "min": [6.76218576245e-07, 5.32062085767e-06, 4.61496892967e-05, 0.000145329686347, 4.56951238448e-05, 7.7969089034e-05, 3.01173513435e-05, 9.1508452897e-05, 0.000137622933835, 5.09275523655e-05, 7.35925568733e-05, 6.64624458295e-05, 0.000180918810656, 8.09800694697e-05, 4.06399594794e-05, 0.000213518025703, 0.00045976229012, 0.000130722823087, 0.000202176350285, 0.000236188760027, 0.0008494425565, 0.00230345618911, 0.0010025401134, 0.00131079205312, 0.000537569459993, 0.000278749212157, 0.000322965119267, 0.000187995276065, 9.5008937933e-05, 6.18168269284e-05, 5.383125972e-05, 2.70574000751e-05, 1.43528841363e-05, 6.42097620585e-06, 2.29065761914e-07, 2.57782630797e-08, 9.53020951044e-09, 3.42578743151e-09, 1.17071596861e-09, 7.7739975568e-10],
        "var": [0.117273725569, 4.32101678848, 38.890007019, 51.8800239563, 265.9871521, 691.703552246, 132.61315918, 44.2253608704, 95.9382858276, 383.064544678, 254.614074707, 190.264007568, 361.082824707, 1466.16052246, 1172.59643555, 147.427383423, 1535.21862793, 8040.2421875, 1011.00115967, 1623.14599609, 1996.24816895, 4250.08642578, 1276.10632324, 768.16607666, 534.324951172, 294.854736328, 131.521972656, 217.174133301, 86.3143005371, 87.1363067627, 36.5076408386, 8.02602672577, 3.01593089104, 0.211400285363, 0.000711700704414, 1.48693652591e-06, 7.25406446023e-09, 2.68874922327e-10, 1.24553131697e-10, 4.31245761323e-10]
    },
    "gfcc": {
        "mean": [15.9805231094, 112.09651947, -159.523269653, 86.3057022095, -59.4446334839, 19.1130695343, -37.2663154602, -3.66220164299, -7.28935623169, -27.1023960114, 0.35297703743, -18.5360031128, -0.753358542919],
        "cov": [[2075.66186523, -522.197937012, 130.663879395, -34.381526947, -342.522613525, 430.540985107, -156.709152222, 104.185890198, -67.0767059326, 92.7170410156, 90.6865921021, 64.9455184937, -13.2633275986], [-522.197937012, 503.879302979, -103.585960388, -38.4692802429, 231.687576294, -254.553543091, 160.687698364, -135.730392456, 54.2334938049, -64.3564147949, -36.6734046936, -44.4671669006, 26.4979629517], [130.663879395, -103.585960388, 168.088973999, 88.1710128784, -48.1428756714, 50.539352417, -52.4357337952, 62.549987793, 6.80581665039, 16.8197097778, 12.8829126358, 22.7353954315, 6.42134523392], [-34.381526947, -38.4692802429, 88.1710128784, 132.597290039, 19.8311100006, -35.153968811, -14.3494625092, 3.59779500961, 18.7277183533, 0.751463830471, -1.26406407356, 7.22054195404, 7.86433696747], [-342.522613525, 231.687576294, -48.1428756714, 19.8311100006, 220.781097412, -85.7573928833, 89.6319503784, -49.3592453003, 39.2043876648, -23.6717205048, -12.1515703201, -18.3935565948, 23.5949649811], [430.540985107, -254.553543091, 50.539352417, -35.153968811, -85.7573928833, 279.412658691, -36.8369789124, 92.0095367432, -27.8106803894, 39.5624809265, 51.0523223877, 36.1001434326, -5.01496458054], [-156.709152222, 160.687698364, -52.4357337952, -14.3494625092, 89.6319503784, -36.8369789124, 121.151496887, -28.4742565155, 13.9194641113, -21.7954082489, -4.01671361923, -10.4127492905, 11.8807220459], [104.185890198, -135.730392456, 62.549987793, 3.59779500961, -49.3592453003, 92.0095367432, -28.4742565155, 128.808013916, 26.8967437744, 40.7773857117, 28.400270462, 22.4978275299, 0.795699298382], [-67.0767059326, 54.2334938049, 6.80581665039, 18.7277183533, 39.2043876648, -27.8106803894, 13.9194641113, 26.8967437744, 78.6609115601, 23.0090065002, 5.95895433426, -4.68827152252, 2.50663614273], [92.7170410156, -64.3564147949, 16.8197097778, 0.751463830471, -23.6717205048, 39.5624809265, -21.7954082489, 40.7773857117, 23.0090065002, 61.546836853, 32.4984054565, 8.88751029968, -5.41711807251], [90.6865921021, -36.6734046936, 12.8829126358, -1.26406407356, -12.1515703201, 51.0523223877, -4.01671361923, 28.400270462, 5.95895433426, 32.4984054565, 54.9906196594, 28.277179718, 1.66050672531], [64.9455184937, -44.4671669006, 22.7353954315, 7.22054195404, -18.3935565948, 36.1001434326, -10.4127492905, 22.4978275299, -4.68827152252, 8.88751029968, 28.277179718, 46.0041923523, 21.0326976776], [-13.2633275986, 26.4979629517, 6.42134523392, 7.86433696747, 23.5949649811, -5.01496458054, 11.8807220459, 0.795699298382, 2.50663614273, -5.41711807251, 1.66050672531, 21.0326976776, 39.831817627]],
        "icov": [[0.000946969841607, -0.000865837326273, 0.000328324938891, -0.000904764747247, 0.00162209151313, -0.00194898236077, 0.000695039052516, 0.000528467411641, 6.12636576989e-05, -0.0007711291546, -1.04529499367e-05, 0.000369195011444, -0.00071033736458], [-0.000865837326273, 0.0593489781022, -0.0378924794495, 0.0560484044254, -0.0280542373657, 0.0412370711565, -0.0377727858722, 0.034182369709, -0.0312181450427, 0.0259033422917, -0.0360601767898, 0.0212206784636, -0.016548063606], [0.000328324938891, -0.0378924794495, 0.0391029380262, -0.0458136349916, 0.0190771073103, -0.0276106484234, 0.0269431378692, -0.0273318830878, 0.0206836033612, -0.0147198075429, 0.0231920685619, -0.0137949241325, 0.00880530383438], [-0.000904764747247, 0.0560484044254, -0.0458136349916, 0.0683963298798, -0.028763320297, 0.0413804911077, -0.0354060865939, 0.0351716279984, -0.0314742587507, 0.0239022430032, -0.0336493588984, 0.0175336822867, -0.0142235588282], [0.00162209151313, -0.0280542373657, 0.0190771073103, -0.028763320297, 0.023753400892, -0.0209701713175, 0.0140102189034, -0.0132193854079, 0.010544677265, -0.0105904145166, 0.01322895661, -0.00404488760978, 0.000661454745568], [-0.00194898236077, 0.0412370711565, -0.0276106484234, 0.0413804911077, -0.0209701713175, 0.0371354371309, -0.0267063844949, 0.0187600385398, -0.0177008323371, 0.0177682936192, -0.0275964289904, 0.0129906954244, -0.00929098017514], [0.000695039052516, -0.0377727858722, 0.0269431378692, -0.0354060865939, 0.0140102189034, -0.0267063844949, 0.038024418056, -0.022294132039, 0.0182775035501, -0.0109519241378, 0.0178074538708, -0.00935231521726, 0.00700511410832], [0.000528467411641, 0.034182369709, -0.0273318830878, 0.0351716279984, -0.0132193854079, 0.0187600385398, -0.022294132039, 0.0371518805623, -0.0251871068031, 0.00984806008637, -0.0195586010814, 0.00925167929381, -0.0101470388472], [6.12636576989e-05, -0.0312181450427, 0.0206836033612, -0.0314742587507, 0.010544677265, -0.0177008323371, 0.0182775035501, -0.0251871068031, 0.0379591211677, -0.0220509171486, 0.0200049523264, -0.00921464525163, 0.00888854451478], [-0.0007711291546, 0.0259033422917, -0.0147198075429, 0.0239022430032, -0.0105904145166, 0.0177682936192, -0.0109519241378, 0.00984806008637, -0.0220509171486, 0.0465841367841, -0.0375596769154, 0.0204911287874, -0.00978588499129], [-1.04529499367e-05, -0.0360601767898, 0.0231920685619, -0.0336493588984, 0.01322895661, -0.0275964289904, 0.0178074538708, -0.0195586010814, 0.0200049523264, -0.0375596769154, 0.0712583214045, -0.0469160974026, 0.0260944776237], [0.000369195011444, 0.0212206784636, -0.0137949241325, 0.0175336822867, -0.00404488760978, 0.0129906954244, -0.00935231521726, 0.00925167929381, -0.00921464525163, 0.0204911287874, -0.0469160974026, 0.0695729330182, -0.0400102436543], [-0.00071033736458, -0.016548063606, 0.00880530383438, -0.0142235588282, 0.000661454745568, -0.00929098017514, 0.00700511410832, -0.0101470388472, 0.00888854451478, -0.00978588499129, 0.0260944776237, -0.0400102436543, 0.0519668571651]]
    },
    "melbands": {
        "dmean": [0.00137333699968, 0.00184811116196, 0.000837693165522, 0.000937184377108, 0.000236420208239, 9.20862730709e-05, 7.0488655183e-05, 6.79041258991e-05, 5.02201837662e-05, 3.57356038876e-05, 3.90537861676e-05, 5.11751895829e-05, 4.47419006377e-05, 2.54216374742e-05, 2.0902030883e-05, 4.91706778121e-05, 6.62165184622e-05, 2.60332199105e-05, 1.40477422974e-05, 2.27677155635e-05, 3.46161941707e-05, 4.69820588478e-05, 4.34106186731e-05, 1.51085487232e-05, 1.8004922822e-05, 1.18726111396e-05, 1.04531354737e-05, 5.88310103922e-06, 3.82305415769e-06, 5.45396324014e-06, 4.9079794735e-06, 2.90750472232e-06, 2.47653247243e-06, 2.54167593994e-06, 2.17277420234e-06, 1.00005911463e-06, 7.63783873481e-07, 6.25666416454e-07, 3.18911332897e-07, 1.07752136103e-07],
        "dmean2": [0.00225338852033, 0.00314775924198, 0.0014082393609, 0.00161837483756, 0.000414467707742, 0.000153018379933, 0.00011680542957, 0.000110756598588, 8.26673131087e-05, 5.88372786297e-05, 6.40521684545e-05, 8.13830556581e-05, 7.16699287295e-05, 4.26931910624e-05, 3.47621389665e-05, 7.88512625149e-05, 0.000105437131424, 4.23537057941e-05, 2.32797883655e-05, 3.65990090359e-05, 5.85859706916e-05, 7.82783172326e-05, 7.30802566977e-05, 2.55423292401e-05, 3.09561255563e-05, 2.01892380574e-05, 1.75823224708e-05, 9.8769332908e-06, 6.33526224192e-06, 9.14224256121e-06, 8.04929823062e-06, 4.68033522338e-06, 3.99216378355e-06, 3.98738484364e-06, 3.47656805388e-06, 1.6025808236e-06, 1.21862956348e-06, 1.0249167417e-06, 5.04302136051e-07, 1.73739323373e-07],
        "dvar": [8.597687156e-06, 8.22372749099e-06, 8.92804962405e-07, 4.31164244219e-06, 1.7261899643e-07, 1.5232195949e-08, 1.67612785873e-08, 1.80528942906e-08, 1.27599237842e-08, 3.59276519646e-09, 6.09350392367e-09, 1.19862093584e-08, 9.18319731369e-09, 1.78763670533e-09, 9.48640943577e-10, 1.04570991866e-08, 1.40855025421e-08, 2.13845074981e-09, 6.55026088925e-10, 2.90882917753e-09, 1.43037348632e-09, 2.68866351405e-09, 2.47636711137e-09, 2.18152065856e-10, 3.4776151403e-10, 1.92055232828e-10, 2.03650235564e-10, 8.62904192545e-11, 3.09668644893e-11, 5.03665026352e-11, 5.10691593181e-11, 1.91389005338e-11, 1.45414175493e-11, 1.56933094991e-11, 7.64627510613e-12, 1.50489234789e-12, 8.46156803479e-13, 5.93798718963e-13, 1.52441048066e-13, 1.83589376882e-14],
        "dvar2": [2.07564989978e-05, 2.26750780712e-05, 2.4549506179e-06, 1.1724041542e-05, 4.83874828205e-07, 4.23551647089e-08, 4.55124009591e-08, 4.29624620324e-08, 3.31551852639e-08, 9.1961283033e-09, 1.48334864392e-08, 2.76977587532e-08, 2.16886935078e-08, 4.84186513106e-09, 2.34344277317e-09, 2.6754277016e-08, 3.44865185298e-08, 5.4721773779e-09, 1.58033608422e-09, 6.53024256891e-09, 3.70044728193e-09, 7.2624781744e-09, 6.71553701537e-09, 6.12579431625e-10, 1.02010733194e-09, 5.33844690676e-10, 5.18893872314e-10, 2.19094326015e-10, 7.96483504151e-11, 1.27823931995e-10, 1.21190710245e-10, 4.6519836594e-11, 3.23280152648e-11, 3.39808285676e-11, 1.80801363464e-11, 3.52722820569e-12, 2.13841856549e-12, 1.61844138351e-12, 3.829293653e-13, 4.92979273939e-14],
        "max": [0.0236042737961, 0.0244401860982, 0.0094523569569, 0.0184887051582, 0.00481276959181, 0.00189672107808, 0.00242817471735, 0.00240578409284, 0.002190469997, 0.00123208481818, 0.0013266869355, 0.00176045892294, 0.00145478348713, 0.000684554630425, 0.000371473608539, 0.00168587465305, 0.00141943315975, 0.000655807962175, 0.000619463738985, 0.00199252786115, 0.000782776565757, 0.000634022348095, 0.00070984713966, 0.000187342884601, 0.000200802576728, 0.000156798123498, 0.000171822830453, 0.000133976063807, 5.49447868252e-05, 7.18335213605e-05, 8.07014876045e-05, 4.57030218968e-05, 6.30845825071e-05, 9.04143089429e-05, 3.2430565625e-05, 1.32001150632e-05, 1.82216899702e-05, 9.69347729551e-06, 5.64597166886e-06, 1.64406480962e-06],
        "mean": [0.00136841263156, 0.00284506706521, 0.00170354230795, 0.00110625603702, 0.00032545501017, 0.000160605879501, 0.000119828706374, 0.000118269279483, 7.63540883781e-05, 5.85494235565e-05, 6.12859657849e-05, 8.89392249519e-05, 7.47987287468e-05, 4.3231768359e-05, 3.51463131665e-05, 8.0916499428e-05, 0.000120057360618, 4.77892390336e-05, 2.77470171568e-05, 4.63533688162e-05, 7.49716709834e-05, 0.000103194106487, 9.02242318261e-05, 3.67118118447e-05, 4.1208575567e-05, 2.80646363535e-05, 1.97845074581e-05, 1.09599368443e-05, 8.01053738542e-06, 1.16689043352e-05, 1.03571355794e-05, 6.12391158938e-06, 5.27428301211e-06, 5.84364215683e-06, 5.02128477819e-06, 2.5486690447e-06, 2.23789379561e-06, 1.7176386109e-06, 9.50371884301e-07, 2.76632817986e-07],
        "median": [0.000432365806773, 0.00203896453604, 0.00141059164889, 0.000544415437616, 0.000195703149075, 0.000118956777442, 7.05624988768e-05, 5.17251428391e-05, 4.01590150432e-05, 3.40473598044e-05, 2.93756329484e-05, 3.40653095918e-05, 3.01830386888e-05, 2.6877176424e-05, 2.03728668566e-05, 3.10379436996e-05, 4.99947673234e-05, 2.54215592577e-05, 1.93735122593e-05, 3.02673506667e-05, 6.54805044178e-05, 8.81543455762e-05, 7.52077030484e-05, 3.34615615429e-05, 3.67618231394e-05, 2.34021317738e-05, 1.37518054544e-05, 7.30910960556e-06, 6.08575419392e-06, 9.06963941816e-06, 7.9150977399e-06, 4.61942136099e-06, 4.15253134634e-06, 4.84681959279e-06, 4.26327233072e-06, 2.26147221838e-06, 2.06741970032e-06, 1.5260886812e-06, 8.49581056173e-07, 2.30276839375e-07],
        "min": [6.03274319388e-09, 1.83289969868e-08, 2.15163193928e-08, 3.74833097894e-09, 1.15785525612e-09, 2.28820140613e-09, 1.9524033501e-09, 5.35310462624e-10, 6.79413691973e-10, 3.2943420214e-10, 6.92673085556e-10, 3.97530314222e-10, 8.25717619279e-11, 1.80815903916e-10, 6.03640581964e-10, 1.32312827361e-09, 1.70700162339e-10, 2.7982077766e-10, 5.04078112584e-10, 1.56634358262e-10, 1.17587617421e-09, 2.78162204381e-09, 1.44489942233e-09, 2.02407188232e-10, 1.19703236212e-09, 5.65235525052e-10, 2.29743016278e-10, 1.39287859025e-10, 1.53943940928e-10, 2.20180609856e-10, 6.32719016069e-11, 4.16087581057e-11, 4.13133659227e-11, 3.30473703958e-11, 3.61795281234e-11, 2.26782481683e-11, 1.35862042103e-11, 1.05734856634e-11, 8.00041630167e-12, 3.22067676348e-12],
        "var": [7.87290719018e-06, 8.10055280454e-06, 1.5037085177e-06, 3.30943430527e-06, 1.86956754078e-07, 2.2988940529e-08, 2.35009736116e-08, 3.90373493531e-08, 1.55188146778e-08, 6.03306649083e-09, 1.05773336756e-08, 2.53744509848e-08, 1.80904233815e-08, 2.72698930104e-09, 1.80288584062e-09, 1.70509579789e-08, 3.14501669152e-08, 4.84732964878e-09, 1.12241282935e-09, 5.70180258563e-09, 2.50023246551e-09, 4.76654582471e-09, 4.6598920278e-09, 3.96140259484e-10, 6.18436746258e-10, 4.03701738705e-10, 3.47370021636e-10, 1.3205406213e-10, 4.33873770245e-11, 8.41173936061e-11, 8.34880220513e-11, 3.21666790426e-11, 2.58022804511e-11, 3.07958242241e-11, 1.80607907102e-11, 4.05453361857e-12, 3.09924069915e-12, 2.00080165109e-12, 6.41015018843e-13, 6.38278899135e-14]
    },
    "mfcc": {
        "mean": [-592.320861816, 95.1828994751, -14.2774620056, 46.0649032593, 15.3520202637, 12.4700975418, -3.9336771965, 14.7932109833, -3.75215911865, -1.80665028095, -3.91186952591, 3.83865952492, -9.40320682526],
        "cov": [[2073.33691406, -556.427612305, 352.453948975, -410.641601562, -47.1679077148, 87.6054840088, 22.2304134369, 47.9229927063, -118.733322144, 21.3728351593, 100.15145874, -49.6155357361, 47.9099159241], [-556.427612305, 586.531433105, -309.303222656, 204.01612854, -35.0024681091, 12.4384708405, 4.4224729538, -36.1789360046, 63.1204528809, -14.7112836838, -67.0567855835, 29.4777355194, -54.2894744873], [352.453948975, -309.303222656, 299.043609619, -87.0609130859, 27.7323532104, -24.6818790436, -14.8081026077, 32.9444580078, -30.4889411926, 5.65458726883, 41.5232849121, -7.26248073578, 48.2619514465], [-410.641601562, 204.01612854, -87.0609130859, 300.920654297, 15.3712329865, -21.4821090698, -46.4915962219, -37.8164176941, 35.7327804565, -7.05496644974, -55.3428497314, 11.4643516541, -8.78421592712], [-47.1679077148, -35.0024681091, 27.7323532104, 15.3712329865, 105.459846497, 7.42530870438, 0.548740565777, 12.8940095901, 17.3477916718, 15.0756816864, 10.9609165192, 8.95829963684, 17.4223880768], [87.6054840088, 12.4384708405, -24.6818790436, -21.4821090698, 7.42530870438, 90.7111816406, 35.3440208435, 13.1239452362, -7.83445549011, 1.73867368698, -4.06336402893, -13.3377323151, -12.5196504593], [22.2304134369, 4.4224729538, -14.8081026077, -46.4915962219, 0.548740565777, 35.3440208435, 88.6803588867, 30.3159866333, -0.0308794658631, -7.38664865494, 9.05713367462, 1.04364442825, -4.97735071182], [47.9229927063, -36.1789360046, 32.9444580078, -37.8164176941, 12.8940095901, 13.1239452362, 30.3159866333, 63.6562194824, 15.2352247238, 7.05540561676, 6.65929317474, -0.276674985886, 10.5886335373], [-118.733322144, 63.1204528809, -30.4889411926, 35.7327804565, 17.3477916718, -7.83445549011, -0.0308794658631, 15.2352247238, 60.7237091064, 22.1713237762, -4.27265691757, 6.31873941422, -0.0775397121906], [21.3728351593, -14.7112836838, 5.65458726883, -7.05496644974, 15.0756816864, 1.73867368698, -7.38664865494, 7.05540561676, 22.1713237762, 54.2535934448, 26.2669010162, 5.90586853027, 5.1323184967], [100.15145874, -67.0567855835, 41.5232849121, -55.3428497314, 10.9609165192, -4.06336402893, 9.05713367462, 6.65929317474, -4.27265691757, 26.2669010162, 67.97996521, 22.6351718903, 12.680762291], [-49.6155357361, 29.4777355194, -7.26248073578, 11.4643516541, 8.95829963684, -13.3377323151, 1.04364442825, -0.276674985886, 6.31873941422, 5.90586853027, 22.6351718903, 47.5708427429, 20.3740673065], [47.9099159241, -54.2894744873, 48.2619514465, -8.78421592712, 17.4223880768, -12.5196504593, -4.97735071182, 10.5886335373, -0.0775397121906, 5.1323184967, 12.680762291, 20.3740673065, 54.8905334473]],
