{
"lowlevel": {
    "average_loudness": 0.969126880169,
    "barkbands_crest": {
        "dmean": 2.7078435421,
        "dmean2": 4.0432715416,
        "dvar": 5.90038919449,
        "dvar2": 12.6107254028,
        "max": 24.0440273285,
        "mean": 10.9586496353,
        "median": 10.3067560196,
        "min": 2.51934981346,
        "var": 19.5849514008
    },
    "barkbands_flatness_db": {
        "dmean": 0.0212703682482,
        "dmean2": 0.0321321114898,
        "dvar": 0.000385573250242,
        "dvar2": 0.000909573980607,
        "max": 0.279785722494,
        "mean": 0.140024825931,
        "median": 0.135889023542,
        "min": 0.0228288341314,
        "var": 0.00123064115178
    },
    "barkbands_kurtosis": {
        "dmean": 2.46420073509,
        "dmean2": 3.64621067047,
        "dvar": 14.6663942337,
        "dvar2": 31.3762989044,
        "max": 71.2495880127,
        "mean": 2.69456028938,
        "median": 0.591738700867,
        "min": -1.83097875118,
        "var": 34.3990707397
    },
    "barkbands_skewness": {
        "dmean": 0.559912085533,
        "dmean2": 0.810741066933,
        "dvar": 0.318470865488,
        "dvar2": 0.693830907345,
        "max": 7.94555997849,
        "mean": 1.58367776871,
        "median": 1.35759830475,
        "min": -2.46126294136,
        "var": 1.23708176613
    },
    "barkbands_spread": {
        "dmean": 7.88500547409,
        "dmean2": 11.8196783066,
        "dvar": 64.5624237061,
        "dvar2": 152.492172241,
        "max": 88.3138275146,
        "mean": 35.3681221008,
        "median": 34.4193992615,
        "min": 3.44553494453,
        "var": 189.94229126
    },
    "dissonance": {
        "dmean": 0.00999154429883,
        "dmean2": 0.0170083120465,
        "dvar": 9.86380618997e-05,
        "dvar2": 0.00027726351982,
        "max": 0.499999910593,
        "mean": 0.482336968184,
        "median": 0.485739678144,
        "min": 0.376623898745,
        "var": 0.000175030800165
    },
    "dynamic_complexity": 1.63404607773,
    "erbbands_crest": {
        "dmean": 1.90426671505,
        "dmean2": 3.0879149437,
        "dvar": 3.46851229668,
        "dvar2": 8.42594337463,
        "max": 24.8609523773,
        "mean": 6.70305490494,
        "median": 5.90131759644,
        "min": 2.17433595657,
        "var": 10.3244724274
    },
    "erbbands_flatness_db": {
        "dmean": 0.00992354005575,
        "dmean2": 0.014824045822,
        "dvar": 8.0061974586e-05,
        "dvar2": 0.000153370041517,
        "max": 0.243385851383,
        "mean": 0.146797478199,
        "median": 0.144037812948,
        "min": 0.0962389558554,
        "var": 0.00044770759996
    },
    "erbbands_kurtosis": {
        "dmean": 0.58819770813,
        "dmean2": 0.916185855865,
        "dvar": 0.34149351716,
        "dvar2": 0.78655397892,
        "max": 8.25101661682,
        "mean": 0.0344016999006,
        "median": -0.125089883804,
        "min": -1.60475981236,
        "var": 1.06595945358
    },
    "erbbands_skewness": {
        "dmean": 0.252466678619,
        "dmean2": 0.382176697254,
        "dvar": 0.04672293365,
        "dvar2": 0.104020625353,
        "max": 1.56029248238,
        "mean": -0.382087796926,
        "median": -0.413802742958,
        "min": -2.38219928741,
        "var": 0.282757043839
    },
    "erbbands_spread": {
        "dmean": 9.14406585693,
        "dmean2": 13.7571878433,
        "dvar": 73.8868789673,
        "dvar2": 151.302734375,
        "max": 144.452346802,
        "mean": 51.8819656372,
        "median": 49.6002960205,
        "min": 10.2201576233,
        "var": 347.587646484
    },
    "hfc": {
        "dmean": 8.2827539444,
        "dmean2": 12.1476202011,
        "dvar": 117.313392639,
        "dvar2": 260.357849121,
        "max": 128.271743774,
        "mean": 35.6768569946,
        "median": 30.7158851624,
        "min": 1.17248563725e-16,
        "var": 389.387756348
    },
    "melbands_crest": {
        "dmean": 3.70038557053,
        "dmean2": 5.63110017776,
        "dvar": 10.2557992935,
        "dvar2": 23.3016586304,
        "max": 34.2148590088,
        "mean": 18.9369773865,
        "median": 19.3416938782,
        "min": 1.95842576027,
        "var": 36.9806289673
    },
    "melbands_flatness_db": {
        "dmean": 0.0279210805893,
        "dmean2": 0.0407902188599,
        "dvar": 0.000685173610691,
        "dvar2": 0.00156892312225,
        "max": 0.343842238188,
        "mean": 0.167245671153,
        "median": 0.164262980223,
        "min": 0.00444473978132,
        "var": 0.0026254253462
    },
    "melbands_kurtosis": {
        "dmean": 10.4582595825,
        "dmean2": 15.4889831543,
        "dvar": 236.037414551,
        "dvar2": 528.203186035,
        "max": 250.859375,
        "mean": 20.0537548065,
        "median": 11.4921751022,
        "min": -1.48683857918,
        "var": 603.226806641
    },
    "melbands_skewness": {
        "dmean": 0.94973295927,
        "dmean2": 1.38595581055,
        "dvar": 0.948907375336,
        "dvar2": 2.08077168465,
        "max": 13.283613205,
        "mean": 3.68792772293,
        "median": 3.23907923698,
        "min": -0.658774197102,
        "var": 3.87814283371
    },
    "melbands_spread": {
        "dmean": 9.25805091858,
        "dmean2": 14.0431394577,
        "dvar": 94.860168457,
        "dvar2": 218.678222656,
        "max": 164.414810181,
        "mean": 29.4884967804,
        "median": 26.8629627228,
        "min": 1.70712304115,
        "var": 363.580657959
    },
    "pitch_salience": {
        "dmean": 0.0828205347061,
        "dmean2": 0.128401771188,
        "dvar": 0.00525332475081,
        "dvar2": 0.012323692441,
        "max": 0.80902493,
        "mean": 0.483570426702,
        "median": 0.485904306173,
        "min": 0.107201606035,
        "var": 0.0150827961043
    },
    "silence_rate_20dB": {
        "dmean": 0,
        "dmean2": 0,
        "dvar": 0,
        "dvar2": 0,
        "max": 1,
        "mean": 1,
        "median": 1,
        "min": 1,
        "var": 0
    },
    "silence_rate_30dB": {
        "dmean": 0.0502318404615,
        "dmean2": 0.100502513349,
        "dvar": 0.0477092601359,
        "dvar2": 0.116687454283,
        "max": 1,
        "mean": 0.961761295795,
        "median": 1,
        "min": 0,
        "var": 0.0367774479091
    },
    "silence_rate_60dB": {
        "dmean": 0.00154559500515,
        "dmean2": 0.00309238489717,
        "dvar": 0.00154320150614,
        "dvar2": 0.00308279623277,
        "max": 1,
        "mean": 0.0212437231094,
        "median": 0,
        "min": 0,
        "var": 0.0207921396941
    },
    "spectral_centroid": {
        "dmean": 277.296905518,
        "dmean2": 415.351409912,
        "dvar": 83556.9296875,
        "dvar2": 156314.15625,
        "max": 10977.1796875,
        "mean": 1920.38464355,
        "median": 1921.99804688,
        "min": 389.242553711,
        "var": 305728.59375
    },
    "spectral_complexity": {
        "dmean": 5.07032442093,
        "dmean2": 7.36683416367,
        "dvar": 20.3866386414,
        "dvar2": 38.5469970703,
        "max": 61,
        "mean": 31.1838550568,
        "median": 32,
        "min": 0,
        "var": 115.42603302
    },
    "spectral_decrease": {
        "dmean": 3.59564977792e-09,
        "dmean2": 5.44298828231e-09,
        "dvar": 2.57859791678e-17,
        "dvar2": 6.09357553663e-17,
        "max": -7.412555883e-29,
        "mean": -1.10093285599e-08,
        "median": -9.39838962211e-09,
        "min": -5.1764640574e-08,
        "var": 4.98505590849e-17
    },
    "spectral_energy": {
        "dmean": 0.0138824628666,
        "dmean2": 0.0208825077862,
        "dvar": 0.000371126865502,
        "dvar2": 0.000870333169587,
        "max": 0.199146360159,
        "mean": 0.0447878167033,
        "median": 0.0385435819626,
        "min": 1.09145593253e-20,
        "var": 0.000750193605199
    },
    "spectral_energyband_high": {
        "dmean": 0.000791022204794,
        "dmean2": 0.00120126188267,
        "dvar": 1.42771375522e-06,
        "dvar2": 3.19584773933e-06,
        "max": 0.0146295297891,
        "mean": 0.00229151756503,
        "median": 0.00164537283126,
        "min": 8.04934300837e-21,
        "var": 3.61312436326e-06
    },
    "spectral_energyband_low": {
        "dmean": 0.0129211135209,
        "dmean2": 0.01957799308,
        "dvar": 0.000387095235055,
        "dvar2": 0.000937112024985,
        "max": 0.189988493919,
        "mean": 0.0280794929713,
        "median": 0.0204000398517,
        "min": 8.67884257541e-23,
        "var": 0.000659639539663
    },
    "spectral_energyband_middle_high": {
        "dmean": 0.00189887150191,
        "dmean2": 0.00274898484349,
        "dvar": 4.89932517667e-06,
        "dvar2": 1.06971519926e-05,
        "max": 0.0402650348842,
        "mean": 0.0076458263211,
        "median": 0.0061268247664,
        "min": 1.61035969977e-21,
        "var": 3.10122813971e-05
    },
    "spectral_energyband_middle_low": {
        "dmean": 0.00302213127725,
        "dmean2": 0.00486427405849,
        "dvar": 1.71904994204e-05,
        "dvar2": 4.18416893808e-05,
        "max": 0.0437243469059,
        "mean": 0.0082102175802,
        "median": 0.00659324927256,
        "min": 2.9792678829e-22,
        "var": 3.6784211261e-05
    },
    "spectral_entropy": {
        "dmean": 0.0979415625334,
        "dmean2": 0.14331895113,
        "dvar": 0.00893116835505,
        "dvar2": 0.0177954938263,
        "max": 9.80337047577,
        "mean": 7.93359088898,
        "median": 7.93427944183,
        "min": 7.10006475449,
        "var": 0.0353331081569
    },
    "spectral_flux": {
        "dmean": 0.0298215132207,
        "dmean2": 0.0451535098255,
        "dvar": 0.00118890998419,
        "dvar2": 0.002279848326,
        "max": 0.366688638926,
        "mean": 0.108082868159,
        "median": 0.0971357375383,
        "min": 1.04472770712e-10,
        "var": 0.00263991882093
    },
    "spectral_kurtosis": {
        "dmean": 0.726560711861,
        "dmean2": 1.23815143108,
        "dvar": 0.437048226595,
        "dvar2": 1.26843106747,
        "max": 9.45414924622,
        "mean": 1.35308980942,
        "median": 1.25136899948,
        "min": -1.20898389816,
        "var": 0.93773406744
    },
    "spectral_rms": {
        "dmean": 0.000943502469454,
        "dmean2": 0.00139003980439,
        "dvar": 1.09455993424e-06,
        "dvar2": 2.43749627771e-06,
        "max": 0.0139387631789,
        "mean": 0.00632769335061,
        "median": 0.00613216869533,
        "min": 3.26318095809e-12,
        "var": 3.655696446e-06
    },
    "spectral_rolloff": {
        "dmean": 762.325012207,
        "dmean2": 1231.71447754,
        "dvar": 986583.0625,
        "dvar2": 1999550.625,
        "max": 18669.2871094,
        "mean": 1915.95849609,
        "median": 1679.58984375,
        "min": 64.599609375,
        "var": 2780247.75
    },
    "spectral_skewness": {
        "dmean": 0.123907238245,
        "dmean2": 0.202503487468,
        "dvar": 0.0117811569944,
        "dvar2": 0.0295443031937,
        "max": 2.3445379734,
        "mean": 0.906335234642,
        "median": 0.900747299194,
        "min": 0.0310280136764,
        "var": 0.0368251763284
    },
    "spectral_spread": {
        "dmean": 391903.375,
        "dmean2": 549570,
        "dvar": 587099537408,
        "dvar2": 642623799296,
        "max": 40869940,
        "mean": 4701183,
        "median": 4520431.5,
        "min": 2741778.5,
        "var": 1.40964619878e+12
    },
    "spectral_strongpeak": {
        "dmean": 0.312019526958,
        "dmean2": 0.5371722579,
        "dvar": 0.39883261919,
        "dvar2": 1.084451437,
        "max": 9.60682201385,
        "mean": 0.578083395958,
        "median": 0.46134570241,
        "min": 0,
        "var": 0.399852693081
    },
    "zerocrossingrate": {
        "dmean": 0.0128990774974,
        "dmean2": 0.0149734551087,
        "dvar": 0.000158977127285,
        "dvar2": 0.000207314209547,
        "max": 0.49560546875,
        "mean": 0.0757611095905,
        "median": 0.07177734375,
        "min": 0.01025390625,
        "var": 0.00125967036001
    },
    "barkbands": {
        "dmean": [0.000706659979187, 0.00867089349777, 0.00654946453869, 0.00119483855087, 0.00124367140234, 0.000901515362784, 0.000607452355325, 0.000431329099229, 0.00055476417765, 0.000445437908638, 0.000496538938023, 0.000424084020779, 0.000413890084019, 0.000363511557225, 0.000374013499822, 0.000424578989623, 0.000416663096985, 0.000326335022692, 0.000341752660461, 0.000242059599259, 0.000162497482961, 0.000225367461098, 0.000224115123274, 0.000240390276304, 7.55426372052e-05, 8.30390547435e-08, 2.01564875901e-09],
        "dmean2": [0.000870925548952, 0.013022868894, 0.0103841451928, 0.00194745103363, 0.00209683715366, 0.00144727772567, 0.000975848466624, 0.000713778135832, 0.000908142013941, 0.000693149515428, 0.000773761188611, 0.000672055582982, 0.000642059196252, 0.000563182809856, 0.000598270155024, 0.000692834262736, 0.00066892860923, 0.00053734407993, 0.000553218880668, 0.000396494346205, 0.000259423453826, 0.000370732013835, 0.000350582791725, 0.000365408603102, 0.00011870815797, 1.35837964876e-07, 3.73694941658e-09],
        "dvar": [2.04960701922e-06, 0.000298398779705, 7.55756555009e-05, 2.31163653552e-06, 6.57648843116e-06, 1.74225988303e-06, 1.41824932598e-06, 7.18828630397e-07, 1.12427244403e-06, 1.05266417449e-06, 1.36276185003e-06, 1.32901584493e-06, 8.09722450867e-07, 4.95838094139e-07, 5.96160134592e-07, 6.05074376381e-07, 2.6769401984e-07, 1.42011302273e-07, 1.32957211463e-07, 1.03908341487e-07, 4.3000138561e-08, 1.12033589517e-07, 1.30144002242e-07, 1.30606991888e-07, 1.3567861501e-08, 2.24156173359e-14, 5.65399058329e-17],
        "dvar2": [2.67251971309e-06, 0.000707778264768, 0.000202427792829, 5.70623069507e-06, 1.7414580725e-05, 4.40588564743e-06, 3.55390034201e-06, 1.83146062227e-06, 2.76340165328e-06, 2.5068229661e-06, 3.2431719319e-06, 2.93691414299e-06, 1.63214372151e-06, 1.08605138394e-06, 1.38703967423e-06, 1.43901309002e-06, 6.46436660645e-07, 3.66908437854e-07, 3.41715860941e-07, 2.70229833177e-07, 1.06084506513e-07, 2.84073735202e-07, 2.78430320577e-07, 2.59014655057e-07, 3.12328296559e-08, 5.40465804435e-14, 1.66759320323e-16],
        "max": [0.0128099881113, 0.154034778476, 0.0949440002441, 0.0284616313875, 0.0286047011614, 0.0193723104894, 0.018985407427, 0.0140861608088, 0.0194535851479, 0.0220844503492, 0.0200452581048, 0.0321583859622, 0.0243810843676, 0.0141417589039, 0.0172547623515, 0.0130324503407, 0.00666960328817, 0.00437518861145, 0.00412053661421, 0.00558307860047, 0.00241004186682, 0.00428244099021, 0.00620239414275, 0.00703060394153, 0.00183477310929, 1.89060381217e-06, 1.94292354649e-07],
        "mean": [0.000935978547204, 0.0129700824618, 0.0128935165703, 0.00210780580528, 0.00178951630369, 0.00159569387324, 0.00098238280043, 0.000584251945838, 0.000876440026332, 0.000819879875053, 0.000802845228463, 0.000718825147487, 0.000686801678967, 0.000629864516668, 0.000598024169449, 0.00080059847096, 0.000914498406928, 0.000674724229611, 0.000821508001536, 0.000506735697854, 0.000373536197003, 0.000465109100332, 0.000488608144224, 0.000619622762315, 0.000130813903525, 1.15602539097e-07, 1.49599455046e-09],
        "median": [0.000128042287542, 0.00533725414425, 0.0106728700921, 0.00136117055081, 0.00106088037137, 0.000844023714308, 0.000400800839998, 0.000280955078779, 0.000410990352975, 0.000249966135016, 0.000203817500733, 0.000274243473541, 0.000310915173031, 0.000309259427013, 0.000314786448143, 0.000464211654617, 0.000712225621101, 0.00054369069403, 0.000712995417416, 0.00037300423719, 0.000302431435557, 0.000345512409694, 0.000294007128105, 0.000395204580855, 7.09337327862e-05, 5.56664190299e-08, 4.58307725104e-10],
        "min": [2.81299973302e-23, 5.49184578049e-23, 5.90552002157e-24, 2.50795526735e-23, 3.7109840828e-23, 4.21483964039e-23, 7.21914003618e-23, 5.66113533075e-23, 5.14744614867e-23, 7.99368658696e-23, 2.3580022756e-23, 1.06033457465e-22, 1.03693380476e-22, 1.74327178136e-22, 2.03705456341e-22, 2.14321592993e-22, 1.66625623781e-22, 2.05211246658e-22, 2.04520646267e-22, 2.5375592923e-22, 4.77155077189e-22, 8.4938039536e-22, 7.47117667778e-22, 8.46689281579e-22, 1.13514989047e-21, 1.60583504606e-21, 2.52007116742e-21],
        "var": [4.29466172136e-06, 0.000422448851168, 0.000115100818221, 5.64318361285e-06, 6.61669173496e-06, 3.76411094294e-06, 2.62806565843e-06, 1.01008117781e-06, 2.14523447539e-06, 2.82522955786e-06, 3.14228850584e-06, 3.56443410965e-06, 1.87140619801e-06, 1.16475723644e-06, 1.12567920496e-06, 1.41570319556e-06, 7.18494391094e-07, 2.97660591286e-07, 3.37847865239e-07, 2.12119104503e-07, 7.82177380643e-08, 1.73763794464e-07, 2.95689574159e-07, 4.82380926314e-07, 3.18834274537e-08, 3.43149343847e-14, 3.18666831124e-17]
    },
    "erbbands": {
        "dmean": [0.263655900955, 2.12800240517, 6.99245166779, 5.14511203766, 3.47148919106, 4.75584793091, 6.04937553406, 7.54172897339, 8.619764328, 9.24334049225, 9.53889942169, 13.8393068314, 10.4746932983, 15.2977018356, 18.5178642273, 17.5967559814, 18.1744251251, 17.5263519287, 17.2144966125, 19.3113327026, 20.4548206329, 20.9554729462, 16.9006614685, 18.337469101, 14.642988205, 11.130739212, 6.92355632782, 7.06085157394, 7.70516061783, 6.83846187592, 6.75997972488, 5.53431463242, 4.07205486298, 1.52167284489, 0.0538394339383, 0.00255398871377, 0.000181683411938, 2.88203973469e-05, 1.04369819383e-05, 1.61013740581e-05],
        "dmean2": [0.349662870169, 3.48382306099, 11.1594190598, 8.33190155029, 5.7176194191, 8.1327457428, 10.0036144257, 12.1290340424, 13.5761594772, 15.3423137665, 15.6839380264, 22.7277679443, 16.2156791687, 23.5387611389, 28.4658966064, 27.3954238892, 27.6230545044, 27.1340255737, 27.2494869232, 30.3846054077, 32.7724723816, 33.1521453857, 27.4238014221, 30.2900047302, 23.4317378998, 18.2994441986, 11.1457386017, 11.2783975601, 12.6047868729, 10.9599475861, 10.5728769302, 8.64126110077, 6.20726728439, 2.33293437958, 0.0837499350309, 0.0039470102638, 0.000272027857136, 4.30639083788e-05, 1.50586311065e-05, 2.36105679505e-05],
        "dvar": [0.288727521896, 19.7442436218, 99.8771972656, 38.4269866943, 42.030380249, 108.591827393, 81.2537231445, 156.010971069, 262.321502686, 376.795562744, 356.958740234, 759.950317383, 462.960876465, 1631.12609863, 2031.59472656, 2072.63110352, 1503.37158203, 1191.44006348, 1261.01708984, 1579.92041016, 1172.9440918, 630.019348145, 389.975311279, 393.956939697, 322.590881348, 228.595993042, 91.4491195679, 77.2325363159, 127.895492554, 147.657455444, 107.095802307, 73.4824142456, 38.6502494812, 5.17950344086, 0.0077924542129, 1.72076124727e-05, 7.19187056575e-08, 1.81213599681e-09, 1.82682216576e-10, 4.41357395076e-10],
        "dvar2": [0.441758543253, 51.6290931702, 268.600799561, 97.9405899048, 106.22543335, 295.968719482, 217.1668396, 382.552581787, 607.52722168, 1004.88421631, 889.935913086, 1906.83605957, 1053.64819336, 3977.68579102, 4580.90039062, 4588.24804688, 2938.37939453, 2666.67651367, 2807.19165039, 3700.65087891, 2692.65478516, 1491.22729492, 971.626525879, 1033.76428223, 818.224975586, 589.760681152, 235.443756104, 191.900421143, 329.740203857, 345.135467529, 236.119903564, 154.516738892, 79.7304229736, 11.2735395432, 0.0173203796148, 3.81438585464e-05, 1.5188251723e-07, 3.76318443074e-09, 3.54120788248e-10, 9.95107218849e-10],
        "max": [4.83598947525, 37.4727287292, 100.441490173, 101.811408997, 74.2050857544, 103.877662659, 115.797462463, 223.705932617, 249.152038574, 349.629730225, 360.974304199, 503.218597412, 443.159759521, 883.041442871, 913.469421387, 1453.58154297, 1030.84509277, 718.962341309, 1049.53015137, 905.489196777, 848.296142578, 384.293243408, 252.476394653, 195.122787476, 262.716918945, 266.489685059, 119.557815552, 100.441596985, 128.730407715, 185.061355591, 161.702224731, 130.293945312, 131.131607056, 36.7360458374, 1.89260399342, 0.0873668119311, 0.00426910305396, 0.000587188405916, 0.000188816746231, 0.000243892383878],
        "mean": [0.413067609072, 2.86898088455, 13.538110733, 10.9102993011, 5.63632249832, 6.20450592041, 9.46435451508, 13.3516578674, 15.1244974136, 13.7576551437, 13.7508764267, 22.0002651215, 21.2024517059, 27.7536449432, 32.526927948, 33.3522338867, 33.3458595276, 32.2969551086, 32.3146934509, 36.1048622131, 46.0775680542, 49.9574508667, 38.5033226013, 42.5172805786, 35.8551216125, 24.1389770508, 15.1234474182, 16.747089386, 16.4024581909, 13.1755590439, 14.6316738129, 13.2168264389, 9.86994934082, 3.05081653595, 0.0971890836954, 0.00491326395422, 0.000437117356341, 7.75000153226e-05, 4.17162700614e-05, 5.89251649217e-05],
        "median": [0.0858031585813, 1.63249659538, 10.7950992584, 8.81750106812, 3.43684029579, 3.42961549759, 5.58319664001, 6.14810705185, 5.7496805191, 6.54401636124, 7.26719617844, 10.3672494888, 7.65228796005, 9.24075031281, 10.1753911972, 14.1175937653, 15.8497467041, 16.8280258179, 17.2313652039, 18.3190612793, 31.3762397766, 39.5730857849, 31.7279834747, 37.2187957764, 29.07670784, 17.872587204, 11.6752214432, 14.2546167374, 12.6094427109, 7.16794061661, 9.24911499023, 8.58936595917, 5.98389720917, 1.77276778221, 0.0529227294028, 0.00278548011556, 0.000270566291874, 5.05725947733e-05, 3.35586082656e-05, 5.15625761182e-05],
        "min": [3.05845992524e-21, 6.81902170712e-21, 8.49190079195e-21, 4.13009599637e-20, 1.56047570859e-19, 7.39961460919e-20, 3.24609479658e-19, 2.59396188676e-19, 3.8285460116e-19, 2.08265900947e-18, 9.70036979088e-19, 1.00566747378e-18, 2.19540310657e-18, 1.70028660291e-18, 2.0362628625e-18, 4.13538483411e-18, 5.37540467294e-18, 9.56937291958e-18, 7.68864379368e-18, 1.08032699675e-17, 1.24434698605e-17, 9.75269020539e-18, 1.05004623063e-17, 1.25370918166e-17, 9.62684791008e-18, 1.21345187289e-17, 2.01701457644e-17, 2.15575890407e-17, 2.71343249253e-17, 2.61593949661e-17, 1.93731274657e-17, 1.60751649809e-17, 1.4780195534e-17, 1.18454745259e-17, 7.97329401325e-18, 5.57021397901e-18, 3.22130745064e-18, 1.22423206287e-18, 3.24056535268e-19, 4.08358033473e-20],
        "var": [0.632745325565, 18.8983783722, 136.402069092, 73.8211288452, 53.6907653809, 98.705291748, 141.401901245, 333.157623291, 618.286071777, 543.609191895, 479.93572998, 1424.37536621, 1890.91235352, 3396.36083984, 5334.95507812, 7092.48291016, 3889.78491211, 2515.15673828, 3149.59692383, 3627.20385742, 3425.90258789, 1934.99304199, 940.909057617, 843.330444336, 849.760253906, 482.768890381, 152.263015747, 142.259780884, 195.29876709, 279.649047852, 236.728881836, 212.396224976, 136.301589966, 14.4402236938, 0.0177398920059, 4.09707172366e-05, 2.27835130318e-07, 6.07648109607e-09, 6.42554731645e-10, 1.06192188376e-09]
    },
    "gfcc": {
        "mean": [33.8829307556, 95.9596405029, -140.070159912, 81.4904022217, -68.124671936, 36.3915405273, -37.2034759521, 8.18325996399, -6.38265657425, -18.9458427429, 6.38969802856, -20.4441585541, 0.572270810604],
        "cov": [[3411.38671875, 164.330062866, -167.300827026, 54.1233596802, -129.646743774, 83.0765151978, -19.2628879547, -3.47153782845, -16.5785484314, 21.3503684998, 47.3896484375, 14.3735208511, 0.877774953842], [164.330062866, 405.06942749, -47.170337677, -26.0560398102, 69.7340316772, -38.5203742981, 72.7727661133, -62.4420585632, 19.7548770905, -34.0287742615, 54.1177368164, 1.31426930428, 26.3564567566], [-167.300827026, -47.170337677, 271.055847168, 72.4623794556, 20.3772449493, 49.6378135681, -25.1179065704, 16.2961921692, -0.980361938477, 11.6122808456, -12.5994586945, -2.74389362335, -12.9304904938], [54.1233596802, -26.0560398102, 72.4623794556, 177.260284424, 86.3025436401, -21.4415626526, -2.85229039192, 15.8334665298, 42.1751823425, 15.4057035446, 4.18262815475, -7.71626996994, 1.50146782398], [-129.646743774, 69.7340316772, 20.3772449493, 86.3025436401, 159.53477478, 27.9568862915, 52.4942932129, 12.1390714645, 30.2658214569, 10.9617433548, 22.9367046356, -16.6058959961, 12.8490037918], [83.0765151978, -38.5203742981, 49.6378135681, -21.4415626526, 27.9568862915, 128.236923218, 56.7848587036, 5.13602685928, -27.0624885559, 1.16030752659, 0.348213642836, -7.55819320679, -10.9558181763], [-19.2628879547, 72.7727661133, -25.1179065704, -2.85229039192, 52.4942932129, 56.7848587036, 129.386550903, 20.481048584, 5.50088214874, -12.8084144592, 24.0929584503, -5.09082841873, 2.64914560318], [-3.47153782845, -62.4420585632, 16.2961921692, 15.8334665298, 12.1390714645, 5.13602685928, 20.481048584, 88.6262283325, 32.4222717285, 14.6642923355, -4.85546636581, -3.14889264107, 1.75246119499], [-16.5785484314, 19.7548770905, -0.980361938477, 42.1751823425, 30.2658214569, -27.0624885559, 5.50088214874, 32.4222717285, 86.2390823364, 31.9694538116, 10.9762058258, -3.17280554771, 7.86817598343], [21.3503684998, -34.0287742615, 11.6122808456, 15.4057035446, 10.9617433548, 1.16030752659, -12.8084144592, 14.6642923355, 31.9694538116, 63.2009315491, 24.5001983643, 3.63149142265, 1.9914816618], [47.3896484375, 54.1177368164, -12.5994586945, 4.18262815475, 22.9367046356, 0.348213642836, 24.0929584503, -4.85546636581, 10.9762058258, 24.5001983643, 59.2804718018, 25.347864151, 7.93631982803], [14.3735208511, 1.31426930428, -2.74389362335, -7.71626996994, -16.6058959961, -7.55819320679, -5.09082841873, -3.14889264107, -3.17280554771, 3.63149142265, 25.347864151, 47.0010948181, 22.933216095], [0.877774953842, 26.3564567566, -12.9304904938, 1.50146782398, 12.8490037918, -10.9558181763, 2.64914560318, 1.75246119499, 7.86817598343, 1.9914816618, 7.93631982803, 22.933216095, 44.7411422729]],
        "icov": [[0.000663495389745, -0.00150894955732, 0.00140458845999, -0.00249182828702, 0.00252335355617, -0.00296095735393, 0.00178242963739, -0.00162385194562, 0.000711831031367, -0.000459056609543, -0.00066573364893, 0.00067938293796, -0.000461107032606], [-0.00150894955732, 0.0102154891938, -0.00504499161616, 0.00947764609009, -0.00832762010396, 0.0110854068771, -0.0073499600403, 0.00919467024505, -0.00539819383994, 0.00727155990899, -0.00627691810951, 0.00395835610107, -0.00287307146937], [0.00140458845999, -0.00504499161616, 0.00891586765647, -0.00923228170723, 0.00661208294332, -0.0112142646685, 0.00720287812874, -0.00599107285962, 0.00261467858218, -0.00230388110504, 0.000867033202667, -0.000961363315582, 0.000975896487944], [-0.00249182828702, 0.00947764609009, -0.00923228170723, 0.0225650705397, -0.0179126020521, 0.01783233881, -0.00891253072768, 0.00956098176539, -0.00700138136744, 0.00385590502992, 0.00174216576852, -0.00339152570814, 0.00319337123074], [0.00252335355617, -0.00832762010396, 0.00661208294332, -0.0179126020521, 0.0253448728472, -0.0174203850329, 0.00692675868049, -0.00846756622195, 0.0025679578539, -0.000995903392322, -0.00942580122501, 0.0133820194751, -0.00984923262149], [-0.00296095735393, 0.0110854068771, -0.0112142646685, 0.01783233881, -0.0174203850329, 0.0323326736689, -0.0189926680177, 0.0116675402969, 0.000477773137391, -0.0018340672832, 0.00584298651665, -0.00457567628473, 0.00458271196112], [0.00178242963739, -0.0073499600403, 0.00720287812874, -0.00891253072768, 0.00692675868049, -0.0189926680177, 0.0237432625145, -0.0117482664064, 0.000354735384462, 0.00678796134889, -0.0110550513491, 0.006563663017, -0.00267804716714], [-0.00162385194562, 0.00919467024505, -0.00599107285962, 0.00956098176539, -0.00846756622195, 0.0116675402969, -0.0117482664064, 0.023641789332, -0.0095759537071, 0.00158399401698, 0.00259589217603, -0.0012207828695, -0.000599724065978], [0.000711831031367, -0.00539819383994, 0.00261467858218, -0.00700138136744, 0.0025679578539, 0.000477773137391, 0.000354735384462, -0.0095759537071, 0.02380926162, -0.0141057781875, 0.00523201422766, -0.000687773630489, -0.000244514085352], [-0.000459056609543, 0.00727155990899, -0.00230388110504, 0.00385590502992, -0.000995903392322, -0.0018340672832, 0.00678796134889, 0.00158399401698, -0.0141057781875, 0.0379243083298, -0.0279913786799, 0.0157539602369, -0.00801419466734], [-0.00066573364893, -0.00627691810951, 0.000867033202667, 0.00174216576852, -0.00942580122501, 0.00584298651665, -0.0110550513491, 0.00259589217603, 0.00523201422766, -0.0279913786799, 0.0567296594381, -0.0402973741293, 0.0195118561387], [0.00067938293796, 0.00395835610107, -0.000961363315582, -0.00339152570814, 0.0133820194751, -0.00457567628473, 0.006563663017, -0.0012207828695, -0.000687773630489, 0.0157539602369, -0.0402973741293, 0.061398614198, -0.0327171981335], [-0.000461107032606, -0.00287307146937, 0.000975896487944, 0.00319337123074, -0.00984923262149, 0.00458271196112, -0.00267804716714, -0.000599724065978, -0.000244514085352, -0.00801419466734, 0.0195118561387, -0.0327171981335, 0.0420686788857]]
    },
    "melbands": {
        "dmean": [0.00226266589016, 0.00317756622098, 0.000824700924568, 0.000292384589557, 0.000202518174774, 0.0001696353429, 0.000127771054395, 9.9354692793e-05, 8.55961843627e-05, 8.34363308968e-05, 5.40817782166e-05, 6.34380703559e-05, 6.58358840155e-05, 4.79832160636e-05, 4.88799887535e-05, 3.94993694499e-05, 3.65820997104e-05, 3.02765965898e-05, 2.53578382399e-05, 3.07145710394e-05, 2.66914030362e-05, 2.46108720603e-05, 2.35721163335e-05, 1.34816500577e-05, 1.69190407178e-05, 1.33774710775e-05, 1.03621077869e-05, 7.32418766347e-06, 4.84346446683e-06, 4.24108020525e-06, 4.93248853672e-06, 4.79404616271e-06, 4.57705618828e-06, 3.88931039197e-06, 4.0121458369e-06, 4.09983840655e-06, 3.54085864274e-06, 3.37223832503e-06, 2.3974114356e-06, 9.28529345856e-07],
        "dmean2": [0.00320739368908, 0.00510752294213, 0.00133429269772, 0.000487958517624, 0.000337457517162, 0.000272308214335, 0.000203397401492, 0.000165492252563, 0.000140464733704, 0.000135932248668, 8.32659570733e-05, 9.77304080152e-05, 0.000102275706013, 7.20534371794e-05, 7.470582932e-05, 5.98628103035e-05, 5.67931929254e-05, 4.80319868075e-05, 4.07762927352e-05, 4.92235340062e-05, 4.31283442595e-05, 3.93718582927e-05, 3.82478938263e-05, 2.22422659135e-05, 2.80889162241e-05, 2.1950705559e-05, 1.68785300048e-05, 1.20925396914e-05, 7.95461437519e-06, 6.91348986948e-06, 8.07163269201e-06, 7.92273021943e-06, 7.58503529141e-06, 6.19525189904e-06, 6.33731860944e-06, 6.52762946629e-06, 5.62521472602e-06, 5.26957182956e-06, 3.65112146028e-06, 1.46953027524e-06],
        "dvar": [2.09696136153e-05, 2.49178210652e-05, 9.58463033385e-07, 4.16309688944e-07, 8.81939641317e-08, 7.11178813617e-08, 5.83300874268e-08, 4.08134681606e-08, 2.63694737157e-08, 2.85415779899e-08, 1.26138575141e-08, 2.86261592208e-08, 2.56352823413e-08, 1.74634795513e-08, 1.07853255216e-08, 9.5691499169e-09, 5.4547677486e-09, 4.09021838621e-09, 3.08408609762e-09, 3.8747089981e-09, 1.95888838483e-09, 9.62672386251e-10, 8.63077886937e-10, 2.8902844007e-10, 3.4128425086e-10, 2.57634774625e-10, 1.84156592753e-10, 9.86202161601e-11, 4.48943382469e-11, 3.32068539333e-11, 3.47355026686e-11, 4.48538602094e-11, 6.01285063406e-11, 4.68018679367e-11, 3.68865354927e-11, 4.38067151998e-11, 2.94878323148e-11, 3.02898366111e-11, 1.37477858958e-11, 2.20337658709e-12],
        "dvar2": [4.26917649747e-05, 6.64749532007e-05, 2.46389981839e-06, 1.09207633159e-06, 2.38314939338e-07, 1.76447215949e-07, 1.40314995178e-07, 1.07742010869e-07, 6.48062083997e-08, 7.04441447397e-08, 2.83093513076e-08, 6.96700368508e-08, 6.05465686476e-08, 3.48758497637e-08, 2.05449044444e-08, 1.8525694756e-08, 1.22047145723e-08, 9.00891716782e-09, 7.13543224506e-09, 9.11373732038e-09, 4.53971260583e-09, 2.32521557564e-09, 2.06546202364e-09, 7.71101904551e-10, 9.0473051273e-10, 6.82188416867e-10, 4.68204253146e-10, 2.55065718546e-10, 1.17413620493e-10, 8.59037563306e-11, 8.879325053e-11, 1.189920662e-10, 1.5260739894e-10, 1.08069928006e-10, 8.21350626401e-11, 9.96594473612e-11, 6.30809848801e-11, 6.83594639228e-11, 2.99910166146e-11, 5.03168383695e-12],
        "max": [0.043462049216, 0.0488612614572, 0.0143095599487, 0.00704205222428, 0.00321055483073, 0.00444782339036, 0.00358202192001, 0.00383036606945, 0.00287714693695, 0.00347000313923, 0.00220591155812, 0.00383126339875, 0.00325595075265, 0.0031966608949, 0.00336802355014, 0.00313822925091, 0.00165510037914, 0.00167936272919, 0.00169179565273, 0.00120494584553, 0.000974496360868, 0.000454889726825, 0.000474768952699, 0.000275323167443, 0.000182082978426, 0.000233376515098, 0.000194438107428, 0.000199198184418, 9.05445849639e-05, 8.45617687446e-05, 6.01668252784e-05, 7.97357279225e-05, 0.000105648439785, 0.00010025982192, 8.95487974049e-05, 0.000123469086247, 9.36460419325e-05, 0.000116284223623, 6.95569469826e-05, 2.7920366847e-05],
        "mean": [0.00353697105311, 0.00600135000423, 0.00184337515384, 0.000407109764637, 0.000322595355101, 0.000307442242047, 0.000223915281822, 0.000143470402691, 0.000120972574223, 0.000132451081299, 0.000103489379399, 0.00010975823534, 0.000109732231067, 8.13029691926e-05, 8.53327364894e-05, 6.52446833556e-05, 6.02282889304e-05, 5.29493445356e-05, 4.12784684158e-05, 5.40375112905e-05, 5.45480688743e-05, 5.21992624272e-05, 4.67032223241e-05, 2.7520740332e-05, 3.54991170752e-05, 2.92489075946e-05, 2.13973380596e-05, 1.44290042954e-05, 9.56081294134e-06, 8.19314118417e-06, 1.08542781163e-05, 1.00008855952e-05, 7.60101465858e-06, 7.07372555553e-06, 8.16356259747e-06, 8.5985111582e-06, 7.97666689323e-06, 7.48625916458e-06, 5.37257619726e-06, 1.43414251852e-06],
        "median": [0.00106814922765, 0.00471712881699, 0.00153668981511, 0.000228157179663, 0.000202768540476, 0.000140643212944, 8.65311740199e-05, 6.58043500152e-05, 6.12749208813e-05, 6.0549366026e-05, 3.37679412041e-05, 3.33950338245e-05, 3.04399600282e-05, 3.00193860312e-05, 3.72515823983e-05, 3.03603701468e-05, 2.97039732686e-05, 2.58904874499e-05, 2.2048030587e-05, 2.59067328443e-05, 3.7902223994e-05, 3.95486531488e-05, 3.64963962056e-05, 2.15817763092e-05, 2.99659750453e-05, 2.39609598793e-05, 1.56416990649e-05, 1.02334279291e-05, 7.18756109563e-06, 5.90743366047e-06, 9.39570509217e-06, 8.12422149465e-06, 4.15409704146e-06, 3.61542697647e-06, 5.2553000387e-06, 5.46944420421e-06, 5.14261000717e-06, 4.58313888885e-06, 3.22953496834e-06, 7.46049920508e-07],
        "min": [2.17517886987e-23, 5.26328035407e-24, 1.13983537715e-23, 8.54688981179e-24, 9.02958038906e-24, 6.53794192067e-24, 7.64346815933e-24, 2.08722324552e-23, 7.93686998467e-24, 6.15358916613e-24, 1.16020968218e-23, 7.73297231764e-24, 5.48120002369e-24, 9.27543125675e-24, 1.22229208878e-23, 1.10923199164e-23, 1.88342544828e-23, 9.03034085097e-24, 2.02564996975e-23, 1.20563789401e-23, 1.45060239759e-23, 1.01427585785e-23, 9.57054333254e-24, 8.24867830151e-24, 1.08572330558e-23, 7.44237962598e-24, 7.50475643548e-24, 7.56072532784e-24, 1.25693459989e-23, 1.12462361454e-23, 1.45824330432e-23, 1.6342085111e-23, 1.43450931958e-23, 1.48656719735e-23, 1.11901244692e-23, 9.85181721032e-24, 1.02366653695e-23, 1.17954592514e-23, 7.84688541007e-24, 1.08474993011e-23],
        "var": [3.75372292183e-05, 2.86715257971e-05, 1.85463306934e-06, 4.10988207022e-07, 1.42649852819e-07, 1.62007097515e-07, 1.31179163532e-07, 5.95651314939e-08, 3.72102135771e-08, 5.43485718651e-08, 4.95045746618e-08, 5.90824100755e-08, 6.22239255677e-08, 4.22558770197e-08, 3.25813651614e-08, 1.85916491091e-08, 1.09939364279e-08, 1.0262121819e-08, 5.46247136413e-09, 8.96603857825e-09, 4.965947209e-09, 2.50970400018e-09, 1.87618809377e-09, 5.72084712935e-10, 6.5546174044e-10, 5.82259518378e-10, 3.93633015072e-10, 1.96544544528e-10, 6.98658908505e-11, 5.29507271363e-11, 6.10121189681e-11, 6.7212825583e-11, 8.95168383863e-11, 9.19674128519e-11, 7.53644299745e-11, 9.60872562072e-11, 8.41188230183e-11, 8.73143987667e-11, 4.30270576113e-11, 4.43384695278e-12]
    },
    "mfcc": {
        "mean": [-579.016357422, 81.2755813599, 9.95666027069, 29.9645709991, 18.4187488556, 10.7142381668, 5.00699138641, 13.6613225937, -0.606198430061, 6.4433760643, 0.0805543139577, 6.43583440781, -3.38320922852],
        "cov": [[2546.49584961, 103.918701172, -69.1826248169, -17.8990077972, -74.7357254028, 22.5948238373, -12.0473976135, 3.02171635628, -45.7262382507, -0.469687044621, 7.63408184052, 14.2590246201, 7.07751655579], [103.918701172, 373.790374756, -59.9352912903, 6.99518871307, -22.3903827667, 31.8788089752, 29.3025741577, 13.576086998, -22.5227069855, -26.8592453003, -1.28716492653, 11.8783655167, -18.5821037292], [-69.1826248169, -59.9352912903, 236.23425293, -6.51457452774, 33.6363372803, 13.7152290344, -6.36974048615, 0.104045569897, -1.86532378197, -7.45046329498, 6.69839906693, -10.3382358551, 13.8175125122], [-17.8990077972, 6.99518871307, -6.51457452774, 195.444656372, 79.1171264648, -1.97866809368, -18.3713645935, 0.587542593479, 24.9871921539, 12.4327316284, 9.00322818756, 48.105430603, 9.48788547516], [-74.7357254028, -22.3903827667, 33.6363372803, 79.1171264648, 122.708053589, 22.1593112946, 2.95022010803, -6.72218608856, 22.8810634613, 21.7804069519, 7.97329378128, 14.8681488037, 15.7824544907], [22.5948238373, 31.8788089752, 13.7152290344, -1.97866809368, 22.1593112946, 108.305885315, 56.6917381287, 12.1324529648, -6.77482891083, 5.16585636139, 10.9635047913, 4.58640766144, -11.8247509003], [-12.0473976135, 29.3025741577, -6.36974048615, -18.3713645935, 2.95022010803, 56.6917381287, 121.187286377, 43.375617981, 5.91002893448, 4.03997898102, 18.0606498718, 1.1656550169, -11.7039985657], [3.02171635628, 13.576086998, 0.104045569897, 0.587542593479, -6.72218608856, 12.1324529648, 43.375617981, 71.5400085449, 21.78125, 6.92671012878, 3.36153650284, 2.3667178154, -6.50493812561], [-45.7262382507, -22.5227069855, -1.86532378197, 24.9871921539, 22.8810634613, -6.77482891083, 5.91002893448, 21.78125, 67.2814102173, 32.8410873413, 10.4216394424, 6.48950529099, 4.83002948761], [-0.469687044621, -26.8592453003, -7.45046329498, 12.4327316284, 21.7804069519, 5.16585636139, 4.03997898102, 6.92671012878, 32.8410873413, 70.6648864746, 21.3613986969, 3.40055751801, 6.5535826683], [7.63408184052, -1.28716492653, 6.69839906693, 9.00322818756, 7.97329378128, 10.9635047913, 18.0606498718, 3.36153650284, 10.4216394424, 21.3613986969, 56.3456344604, 26.7407112122, -0.93989944458], [14.2590246201, 11.8783655167, -10.3382358551, 48.105430603, 14.8681488037, 4.58640766144, 1.1656550169, 2.3667178154, 6.48950529099, 3.40055751801, 26.7407112122, 67.645690918, 16.8108730316], [7.07751655579, -18.5821037292, 13.8175125122, 9.48788547516, 15.7824544907, -11.8247509003, -11.7039985657, -6.50493812561, 4.83002948761, 6.5535826683, -0.93989944458, 16.8108730316, 62.7373695374]],
