{
"lowlevel": {
    "average_loudness": 0.961884319782,
    "barkbands_crest": {
        "dmean": 2.96570014954,
        "dmean2": 5.03509378433,
        "dvar": 6.76537656784,
        "dvar2": 18.1615772247,
        "max": 24.3213615417,
        "mean": 13.1168994904,
        "median": 12.6456279755,
        "min": 4.34836626053,
        "var": 16.6420001984
    },
    "barkbands_flatness_db": {
        "dmean": 0.026648003608,
        "dmean2": 0.043484095484,
        "dvar": 0.000720912765246,
        "dvar2": 0.00172394223046,
        "max": 0.463201642036,
        "mean": 0.259667336941,
        "median": 0.249270573258,
        "min": 0.108728386462,
        "var": 0.00358542101458
    },
    "barkbands_kurtosis": {
        "dmean": 13.8397607803,
        "dmean2": 22.6672821045,
        "dvar": 917.961914062,
        "dvar2": 2374.35131836,
        "max": 329.825164795,
        "mean": 24.1294002533,
        "median": 1.4197101593,
        "min": -1.94702899456,
        "var": 2146.16943359
    },
    "barkbands_skewness": {
        "dmean": 0.996394991875,
        "dmean2": 1.66375434399,
        "dvar": 1.30720186234,
        "dvar2": 3.49965977669,
        "max": 14.2962799072,
        "mean": 2.87703156471,
        "median": 1.77864587307,
        "min": -0.726743459702,
        "var": 7.31168413162
    },
    "barkbands_spread": {
        "dmean": 5.6419005394,
        "dmean2": 9.33425807953,
        "dvar": 37.4425125122,
        "dvar2": 100.923744202,
        "max": 57.8934898376,
        "mean": 23.0749359131,
        "median": 26.2027206421,
        "min": 0.307914704084,
        "var": 272.057373047
    },
    "dissonance": {
        "dmean": 0.0087372334674,
        "dmean2": 0.0146854165941,
        "dvar": 0.000143513389048,
        "dvar2": 0.000398290459998,
        "max": 0.499999910593,
        "mean": 0.481609046459,
        "median": 0.489188432693,
        "min": 0.380379885435,
        "var": 0.000336474942742
    },
    "dynamic_complexity": 3.01777601242,
    "erbbands_crest": {
        "dmean": 3.74532961845,
        "dmean2": 6.25451421738,
        "dvar": 8.86539173126,
        "dvar2": 24.403755188,
        "max": 28.6391887665,
        "mean": 15.8176898956,
        "median": 16.0341529846,
        "min": 3.79840898514,
        "var": 22.0761032104
    },
    "erbbands_flatness_db": {
        "dmean": 0.0185845755041,
        "dmean2": 0.0296158734709,
        "dvar": 0.000284464971628,
        "dvar2": 0.000742465723306,
        "max": 0.327017128468,
        "mean": 0.241096839309,
        "median": 0.249857246876,
        "min": 0.120962299407,
        "var": 0.00153133948334
    },
    "erbbands_kurtosis": {
        "dmean": 3.66512012482,
        "dmean2": 5.99324512482,
        "dvar": 17.1222553253,
        "dvar2": 44.9113235474,
        "max": 42.5953788757,
        "mean": 4.94060707092,
        "median": 3.49605989456,
        "min": -1.8453091383,
        "var": 34.0480079651
    },
    "erbbands_skewness": {
        "dmean": 0.668206989765,
        "dmean2": 1.06854069233,
        "dvar": 0.354694694281,
        "dvar2": 0.934645354748,
        "max": 5.97198152542,
        "mean": -0.655829489231,
        "median": -1.61555767059,
        "min": -5.06305885315,
        "var": 5.18769216537
    },
    "erbbands_spread": {
        "dmean": 12.3608579636,
        "dmean2": 19.9891757965,
        "dvar": 136.906433105,
        "dvar2": 351.117492676,
        "max": 113.755638123,
        "mean": 36.2646827698,
        "median": 32.6992645264,
        "min": 3.95009326935,
        "var": 351.134399414
    },
    "hfc": {
        "dmean": 4.99138641357,
        "dmean2": 8.04725456238,
        "dvar": 34.1119232178,
        "dvar2": 85.7813186646,
        "max": 73.8761825562,
        "mean": 20.2018508911,
        "median": 21.7328548431,
        "min": 2.91528940579e-05,
        "var": 209.901184082
    },
    "melbands_crest": {
        "dmean": 3.31758308411,
        "dmean2": 5.61155128479,
        "dvar": 9.62289619446,
        "dvar2": 26.1839523315,
        "max": 31.4947719574,
        "mean": 20.8130645752,
        "median": 20.7019786835,
        "min": 9.11012077332,
        "var": 24.9623031616
    },
    "melbands_flatness_db": {
        "dmean": 0.0330040939152,
        "dmean2": 0.0534218624234,
        "dvar": 0.000989645370282,
        "dvar2": 0.00238127843477,
        "max": 0.603826582432,
        "mean": 0.342070132494,
        "median": 0.327673226595,
        "min": 0.144342318177,
        "var": 0.00628375215456
    },
    "melbands_kurtosis": {
        "dmean": 23.8240776062,
        "dmean2": 40.5176849365,
        "dvar": 1597.03161621,
        "dvar2": 4342.62255859,
        "max": 524.506408691,
        "mean": 53.2295074463,
        "median": 15.8095245361,
        "min": -1.60535812378,
        "var": 6197.47119141
    },
    "melbands_skewness": {
        "dmean": 1.27653384209,
        "dmean2": 2.1126332283,
        "dvar": 1.47176587582,
        "dvar2": 4.19105911255,
        "max": 16.4543361664,
        "mean": 4.69934034348,
        "median": 3.89968419075,
        "min": 0.550173640251,
        "var": 7.19778680801
    },
    "melbands_spread": {
        "dmean": 8.44180202484,
        "dmean2": 14.2600250244,
        "dvar": 113.436630249,
        "dvar2": 309.251922607,
        "max": 85.2284393311,
        "mean": 20.2533168793,
        "median": 17.9850540161,
        "min": 0.319541364908,
        "var": 336.981018066
    },
    "pitch_salience": {
        "dmean": 0.0917030870914,
        "dmean2": 0.153940707445,
        "dvar": 0.00696109747514,
        "dvar2": 0.018353248015,
        "max": 0.772675991058,
        "mean": 0.45156416297,
        "median": 0.447628974915,
        "min": 0.115498058498,
        "var": 0.0181436613202
    },
    "silence_rate_20dB": {
        "dmean": 0,
        "dmean2": 0,
        "dvar": 0,
        "dvar2": 0,
        "max": 1,
        "mean": 1,
        "median": 1,
        "min": 1,
        "var": 0
    },
    "silence_rate_30dB": {
        "dmean": 0,
        "dmean2": 0,
        "dvar": 0,
        "dvar2": 0,
        "max": 1,
        "mean": 1,
        "median": 1,
        "min": 1,
        "var": 0
    },
    "silence_rate_60dB": {
        "dmean": 0.0347758904099,
        "dmean2": 0.0688321739435,
        "dvar": 0.0335664190352,
        "dvar2": 0.0733750090003,
        "max": 1,
        "mean": 0.0733590722084,
        "median": 0,
        "min": 0,
        "var": 0.0679751932621
    },
    "spectral_centroid": {
        "dmean": 213.109573364,
        "dmean2": 350.742645264,
        "dvar": 51472.9726562,
        "dvar2": 137900.75,
        "max": 2770.46484375,
        "mean": 1350.81030273,
        "median": 1632.28295898,
        "min": 128.958465576,
        "var": 611978.0625
    },
    "spectral_complexity": {
        "dmean": 2.33848524094,
        "dmean2": 3.81902551651,
        "dvar": 6.24555873871,
        "dvar2": 15.1582679749,
        "max": 45,
        "mean": 14.9305019379,
        "median": 17,
        "min": 0,
        "var": 82.0584487915
    },
    "spectral_decrease": {
        "dmean": 2.8463418289e-09,
        "dmean2": 4.75662131905e-09,
        "dvar": 9.27750968507e-18,
        "dvar2": 2.54655707575e-17,
        "max": -4.45857984051e-14,
        "mean": -8.58754756194e-09,
        "median": -8.62629612186e-09,
        "min": -2.54492320551e-08,
        "var": 2.45929498052e-17
    },
    "spectral_energy": {
        "dmean": 0.0109055116773,
        "dmean2": 0.018208572641,
        "dvar": 0.000134700283525,
        "dvar2": 0.000369117682567,
        "max": 0.0980465188622,
        "mean": 0.0342436730862,
        "median": 0.0348608680069,
        "min": 1.70920657183e-07,
        "var": 0.000379741890356
    },
    "spectral_energyband_high": {
        "dmean": 7.58988171583e-05,
        "dmean2": 0.000121243312606,
        "dvar": 2.53389025318e-08,
        "dvar2": 5.89014135244e-08,
        "max": 0.0027709826827,
        "mean": 0.000170843894011,
        "median": 7.43136333767e-05,
        "min": 9.56497658855e-10,
        "var": 9.9130694764e-08
    },
    "spectral_energyband_low": {
        "dmean": 0.0102463243529,
        "dmean2": 0.017222084105,
        "dvar": 0.000123044170323,
        "dvar2": 0.000338735553669,
        "max": 0.090941824019,
        "mean": 0.0223693326116,
        "median": 0.0200192127377,
        "min": 1.06344607786e-07,
        "var": 0.000249811157119
    },
    "spectral_energyband_middle_high": {
        "dmean": 0.00179770414252,
        "dmean2": 0.00287002092227,
        "dvar": 5.62707100471e-06,
        "dvar2": 1.4680903405e-05,
        "max": 0.027430837974,
        "mean": 0.00606884295121,
        "median": 0.00650746980682,
        "min": 2.47690179478e-09,
        "var": 2.65636190306e-05
    },
    "spectral_energyband_middle_low": {
        "dmean": 0.00409968476743,
        "dmean2": 0.00684886239469,
        "dvar": 3.75136041839e-05,
        "dvar2": 0.000108810483653,
        "max": 0.0756912529469,
        "mean": 0.00966185238212,
        "median": 0.00709333317354,
        "min": 5.38596758304e-08,
        "var": 8.13139267848e-05
    },
    "spectral_entropy": {
        "dmean": 0.193362846971,
        "dmean2": 0.305257827044,
        "dvar": 0.0552782900631,
        "dvar2": 0.127947241068,
        "max": 8.46031951904,
        "mean": 6.85603046417,
        "median": 7.00451421738,
        "min": 4.7336435318,
        "var": 0.231603607535
    },
    "spectral_flux": {
        "dmean": 0.0249131489545,
        "dmean2": 0.0404325053096,
        "dvar": 0.000681391044054,
        "dvar2": 0.00173518666998,
        "max": 0.238312497735,
        "mean": 0.0791341289878,
        "median": 0.0761329233646,
        "min": 0.000413425528677,
        "var": 0.00146494223736
    },
    "spectral_kurtosis": {
        "dmean": 4.05513143539,
        "dmean2": 7.04236984253,
        "dvar": 14.5073337555,
        "dvar2": 40.8634986877,
        "max": 51.733833313,
        "mean": 6.78744125366,
        "median": 5.68154430389,
        "min": -0.836069107056,
        "var": 28.1280498505
    },
    "spectral_rms": {
        "dmean": 0.000942435115576,
        "dmean2": 0.00154858606402,
        "dvar": 8.54414679452e-07,
        "dvar2": 2.15415707316e-06,
        "max": 0.00978034455329,
        "mean": 0.00543315056711,
        "median": 0.00583186093718,
        "min": 1.29132440634e-05,
        "var": 3.88930993722e-06
    },
    "spectral_rolloff": {
        "dmean": 427.18536377,
        "dmean2": 807.736999512,
        "dvar": 602327.8125,
        "dvar2": 1617054.625,
        "max": 3552.97851562,
        "mean": 1390.92932129,
        "median": 1937.98828125,
        "min": 107.666015625,
        "var": 1332517.5
    },
    "spectral_skewness": {
        "dmean": 0.420594662428,
        "dmean2": 0.720000982285,
        "dvar": 0.153863713145,
        "dvar2": 0.402106881142,
        "max": 5.84510135651,
        "mean": 1.17360591888,
        "median": 0.968429684639,
        "min": -0.0444545857608,
        "var": 0.559089064598
    },
    "spectral_spread": {
        "dmean": 284849.28125,
        "dmean2": 452591.21875,
        "dvar": 345608060928,
        "dvar2": 444064137216,
        "max": 19456008,
        "mean": 2756727.25,
        "median": 2438811.5,
        "min": 1340626.375,
        "var": 1.0254394327e+12
    },
    "spectral_strongpeak": {
        "dmean": 0.365073978901,
        "dmean2": 0.638024449348,
        "dvar": 0.895181894302,
        "dvar2": 2.32243275642,
        "max": 13.7330036163,
        "mean": 0.660637140274,
        "median": 0.518219530582,
        "min": 0,
        "var": 0.849571764469
    },
    "zerocrossingrate": {
        "dmean": 0.00647180201486,
        "dmean2": 0.00860439892858,
        "dvar": 3.7106587115e-05,
        "dvar2": 6.32080409559e-05,
        "max": 0.09912109375,
        "mean": 0.0398908816278,
        "median": 0.04345703125,
        "min": 0.0048828125,
        "var": 0.000546480761841
    },
    "barkbands": {
        "dmean": [4.40254043497e-05, 0.00205260771327, 0.00801609735936, 0.00338260550052, 0.00131179590244, 0.000300098472508, 7.18634037185e-05, 3.13774107781e-05, 4.02103469241e-05, 2.67314662779e-05, 2.27142918447e-05, 4.05266546295e-05, 3.93771006202e-05, 1.21443481476e-05, 7.29644743842e-05, 0.000210187310586, 0.00165424391162, 0.000401777972002, 0.000103623526229, 4.37558664999e-05, 4.5598102588e-05, 1.58324583026e-05, 2.794263537e-06, 5.97320422457e-07, 1.37528672894e-07, 5.60837882801e-08, 1.23832473164e-08],
        "dmean2": [6.38218043605e-05, 0.00348425493576, 0.0134546868503, 0.00581957260147, 0.00215654005297, 0.000475335837109, 0.000113597743621, 5.20548455825e-05, 6.20715436526e-05, 4.38540155301e-05, 3.94008347939e-05, 6.03199296165e-05, 6.38446726953e-05, 2.01018356165e-05, 0.000120010852697, 0.000350257410901, 0.00271219247952, 0.000659995945171, 0.000170674160472, 7.42801930755e-05, 7.43435666664e-05, 2.55087907135e-05, 4.51735559182e-06, 9.43052612001e-07, 2.10177304893e-07, 8.37121234554e-08, 1.93579285934e-08],
        "dvar": [8.37769142947e-09, 6.50192760077e-06, 8.30865756143e-05, 3.16684927384e-05, 2.66948450189e-06, 2.17893614263e-07, 2.2635978425e-08, 7.03806346536e-09, 1.5946005405e-08, 1.19140723953e-08, 1.01675849962e-08, 3.70000852179e-09, 4.69405359027e-09, 6.53393283923e-10, 1.31551054494e-08, 1.08510079144e-07, 5.11851476404e-06, 3.23182945294e-07, 1.78927255234e-08, 4.57681936794e-09, 9.94715865232e-09, 1.44912348787e-09, 5.74324546254e-11, 1.19121054167e-12, 1.02996617853e-13, 1.13352854325e-14, 2.92463986014e-16],
        "dvar2": [1.60477977573e-08, 1.81857467396e-05, 0.000228989942116, 9.45715873968e-05, 6.98726671544e-06, 5.77483262987e-07, 5.99071796614e-08, 1.7948163844e-08, 3.69957433577e-08, 3.31551106569e-08, 2.9501098453e-08, 8.24962675949e-09, 1.26405401701e-08, 1.78109804683e-09, 3.35560805809e-08, 2.93230016268e-07, 1.36186599775e-05, 8.70987491908e-07, 4.71205510166e-08, 1.1907704156e-08, 2.38651214346e-08, 3.1920126542e-09, 1.55108620392e-10, 2.74245253243e-12, 2.42694292397e-13, 2.37879885874e-14, 6.49249695279e-16],
        "max": [0.00140009471215, 0.0283039435744, 0.0811470896006, 0.0682670250535, 0.0195495560765, 0.00680650444701, 0.00318498560227, 0.00147049711086, 0.00202468782663, 0.00243978295475, 0.00143534550443, 0.000857992854435, 0.000743947864976, 0.000378043565433, 0.00144292076584, 0.00400636717677, 0.0214717499912, 0.00635855365545, 0.00146684795618, 0.000796158565208, 0.00170286046341, 0.000866147805937, 0.00015020473802, 2.43437243626e-05, 8.58022576722e-06, 2.32632669395e-06, 2.33009401995e-07],
        "mean": [5.83755172556e-05, 0.00390694942325, 0.0143852457404, 0.00626653200015, 0.00232267868705, 0.000776882341597, 0.000155925372383, 5.2100407629e-05, 7.52841733629e-05, 4.58534304926e-05, 2.62825215032e-05, 8.23626687634e-05, 8.34009842947e-05, 1.80035822268e-05, 0.000148678416735, 0.000412795314332, 0.0039015810471, 0.00103006442077, 0.000270528020337, 9.20850216062e-05, 9.25870917854e-05, 3.15510296787e-05, 5.99859595241e-06, 1.45445721955e-06, 3.66841589994e-07, 1.65481367276e-07, 2.35134418602e-08],
        "median": [1.73426305992e-05, 0.00290750875138, 0.0111071746796, 0.00327868200839, 0.00163017620798, 0.000493397936225, 6.22665829724e-05, 2.26564607146e-05, 1.76403755177e-05, 2.18573895836e-05, 9.42014230532e-06, 4.36475020251e-05, 4.50773186458e-05, 1.07731984826e-05, 0.000116174436698, 0.000327351881424, 0.00366388773546, 0.00091775477631, 0.000252488825936, 7.11131360731e-05, 3.97268449888e-05, 7.37535674489e-06, 1.42812689319e-06, 5.9802692931e-07, 1.61211687555e-07, 1.05132663464e-07, 1.71871352705e-08],
        "min": [4.57720350511e-09, 4.98195262821e-08, 2.71286353382e-08, 2.06561292515e-08, 2.4806404042e-08, 3.84834653033e-09, 9.70431623948e-10, 2.2274548872e-09, 1.28684130019e-09, 2.40273745344e-10, 1.4290489625e-10, 2.39459313489e-10, 3.93101357021e-10, 8.32578450627e-11, 1.54589507861e-10, 2.8998362045e-10, 2.52163734338e-10, 4.04127314946e-10, 1.19945192667e-10, 6.0339444552e-10, 2.82177753386e-10, 1.85731915958e-10, 4.21646155491e-11, 8.68056234532e-12, 2.09806499431e-12, 1.08876959098e-12, 1.23482062249e-12],
        "var": [1.47596805888e-08, 1.5252614503e-05, 0.000163775097462, 6.41426959191e-05, 5.52559777134e-06, 7.08456752818e-07, 5.23961602994e-08, 9.88442661054e-09, 3.5297176737e-08, 1.2291191176e-08, 7.11103442796e-09, 1.23198926616e-08, 9.94296289747e-09, 6.93369139881e-10, 2.9844940741e-08, 2.12049855008e-07, 1.41109076139e-05, 1.0680143987e-06, 6.29673948538e-08, 1.02469908114e-08, 3.14774908361e-08, 5.65905811101e-09, 2.20337817436e-10, 6.47713610177e-12, 4.67229662078e-13, 4.8709995049e-14, 5.91816890988e-16]
    },
    "erbbands": {
        "dmean": [0.028283951804, 0.634191632271, 6.81051540375, 11.5075368881, 6.03832197189, 4.42628908157, 2.76407384872, 2.26523947716, 1.15359437466, 0.816517591476, 0.663610637188, 0.9406067729, 0.817110776901, 0.934927761555, 0.796529471874, 1.83152520657, 1.87012732029, 0.543625473976, 2.12444448471, 4.0891122818, 15.8746910095, 98.4209060669, 30.6765480042, 7.30338716507, 3.44696974754, 1.89714789391, 2.13811683655, 1.50467836857, 0.648946464062, 0.222076669335, 0.0588125325739, 0.0229236986488, 0.00629052054137, 0.00204858998768, 0.000869283103384, 0.000308815098833, 9.45670763031e-05, 2.1325167836e-05, 5.86564510741e-06, 1.19555097626e-05],
        "dmean2": [0.0442254953086, 1.06467008591, 11.2983074188, 19.6712226868, 10.3499269485, 7.25935983658, 4.44882965088, 3.59268760681, 1.83454120159, 1.34659457207, 1.09441554546, 1.46183049679, 1.26701462269, 1.61896336079, 1.28919303417, 2.72086310387, 2.9858186245, 0.893342196941, 3.41836071014, 6.75580787659, 25.7794456482, 163.175537109, 48.4888114929, 11.696313858, 5.57795190811, 3.1530380249, 3.54696369171, 2.48069047928, 1.04102897644, 0.355125635862, 0.0933024957776, 0.0357471629977, 0.00998562946916, 0.00313390255906, 0.00128776929341, 0.000451694795629, 0.000145614292705, 3.28105306835e-05, 9.51126639848e-06, 1.99207206606e-05],
        "dvar": [0.0025776673574, 0.552067220211, 60.0534057617, 233.205825806, 76.7807693481, 31.1777744293, 14.8653507233, 13.5163431168, 6.11175012589, 2.60568261147, 4.12195396423, 9.89639663696, 6.09564781189, 29.3141212463, 7.23248529434, 7.28232860565, 10.0441303253, 2.42791032791, 13.5158977509, 40.0016555786, 539.983093262, 18429.3496094, 1645.41687012, 93.4961929321, 17.4783172607, 10.870557785, 20.5509929657, 11.4936790466, 2.8269276619, 0.384137332439, 0.0172518249601, 0.00172077922616, 0.000174881221028, 1.96185901586e-05, 4.84919428345e-06, 3.98338812602e-07, 2.95030080366e-08, 1.02055386364e-09, 3.34407466995e-11, 1.58589905097e-10],
        "dvar2": [0.00542938988656, 1.58483481407, 161.986175537, 668.251953125, 223.24697876, 79.8856277466, 35.5481567383, 35.8676986694, 16.0138721466, 6.66424608231, 10.5021810532, 24.2404270172, 14.8615560532, 85.7740859985, 19.1136703491, 16.126121521, 26.3108692169, 6.78868198395, 35.4150390625, 100.486968994, 1438.50622559, 49731.78125, 4257.86523438, 258.540374756, 46.2803573608, 28.2399044037, 50.7682113647, 28.6005744934, 6.34950590134, 0.909993231297, 0.0413529425859, 0.0040349541232, 0.000458423135569, 5.11012003699e-05, 1.11180188469e-05, 8.29215821341e-07, 6.18972322286e-08, 2.2906927466e-09, 8.6323018178e-11, 4.33255570309e-10],
        "max": [0.931593537331, 8.51376533508, 75.8788299561, 150.690658569, 109.21471405, 70.5608978271, 53.4271469116, 51.7043151855, 55.8343391418, 22.2927570343, 36.9821853638, 58.5776405334, 48.655040741, 100.719871521, 37.2446746826, 36.9046134949, 35.1021270752, 26.4517192841, 48.2363853455, 81.4276046753, 265.130523682, 1297.17590332, 471.515899658, 132.485443115, 53.0366897583, 52.2169075012, 67.8110656738, 60.0144844055, 44.0886764526, 14.0105686188, 2.77429771423, 0.814846515656, 0.269387334585, 0.112763524055, 0.0509102120996, 0.0137223200873, 0.00384228304029, 0.000723998469766, 7.87363969721e-05, 0.000108632950287],
        "mean": [0.0566405951977, 1.33060979843, 13.8979625702, 20.8455867767, 11.7346858978, 8.39188098907, 6.15743207932, 5.94762134552, 2.54017663002, 1.67063844204, 1.15312552452, 1.79676246643, 1.51093912125, 1.30329215527, 1.24320626259, 4.06357383728, 4.29995012283, 1.04437351227, 4.6425280571, 10.1866340637, 42.7509880066, 223.092498779, 94.2686080933, 23.0193252563, 10.7107057571, 4.26541519165, 4.04168128967, 2.95429325104, 1.29274010658, 0.480818241835, 0.140250310302, 0.0508254170418, 0.0157183371484, 0.00525335688144, 0.00220701494254, 0.000859194260556, 0.00029235589318, 6.17540281382e-05, 2.22155103984e-05, 3.98910742661e-05],
        "median": [0.0389203950763, 1.0363162756, 10.5524559021, 14.8542823792, 8.59979057312, 5.72471809387, 4.46994543076, 3.65203857422, 1.28365969658, 0.850226819515, 0.470547407866, 0.397615343332, 0.651036918163, 0.573671519756, 0.708947360516, 2.41260194778, 2.5143904686, 0.767132401466, 3.59194469452, 9.1166601181, 38.3882102966, 206.087005615, 99.4656677246, 24.361951828, 10.6054811478, 3.44013953209, 1.89234924316, 1.1078261137, 0.330787688494, 0.0934445336461, 0.0383768007159, 0.0198867805302, 0.00637240335345, 0.00219843303785, 0.00107018311974, 0.00048865377903, 0.000194793727132, 4.50393126812e-05, 2.22370963456e-05, 4.15399554186e-05],
        "min": [1.89508273252e-06, 9.77849322226e-06, 2.88698320219e-05, 5.59537293157e-05, 7.90552585386e-05, 8.15262974356e-05, 5.78079780098e-05, 2.37722797465e-05, 1.02646563391e-05, 3.12320189551e-05, 4.89803496748e-05, 3.10994291794e-05, 9.68353469943e-06, 9.09529171622e-06, 3.81842983188e-06, 1.25068690977e-05, 1.84584096132e-05, 6.31162492937e-06, 4.8848401093e-06, 1.30221087602e-05, 1.54597910296e-05, 1.46405081978e-05, 2.12791837839e-05, 1.31509132189e-05, 7.16405520507e-06, 2.99479615933e-05, 1.96101300389e-05, 8.82949188963e-06, 6.97459063304e-06, 3.03001911561e-06, 7.4806740713e-07, 3.44912336914e-07, 9.41422086953e-08, 3.36754553132e-08, 8.44853875748e-09, 3.89644849719e-09, 2.56887533467e-09, 8.83396966689e-10, 2.41906689125e-10, 2.02326766452e-10],
        "var": [0.00480397744104, 1.38804709911, 150.744491577, 435.325805664, 128.438583374, 81.8084869385, 44.663482666, 42.9724998474, 12.6028118134, 5.0677728653, 5.58472585678, 21.7042503357, 10.3446674347, 19.1389846802, 7.46567869186, 25.9818115234, 25.1882781982, 2.24233317375, 27.5280380249, 118.136947632, 1858.73999023, 47219.7695312, 6910.75585938, 404.055175781, 82.3043136597, 23.0798358917, 54.2487106323, 34.765914917, 10.1079845428, 1.56533622742, 0.0955125838518, 0.0079373633489, 0.000849497795571, 9.52116970439e-05, 1.65033743542e-05, 1.69127224581e-06, 1.25078784663e-07, 3.08131120619e-09, 1.11781681134e-10, 4.95820273727e-10]
    },
    "gfcc": {
        "mean": [-85.4602355957, 139.422683716, -115.003707886, 83.6604614258, -11.2704715729, -21.497674942, -26.2354946136, -5.57921075821, -18.6798686981, -18.7974472046, -16.9263534546, -0.522080779076, -10.220618248],
        "cov": [[6312.79833984, -339.398590088, -2517.13720703, 753.342651367, 658.934997559, -137.563323975, -604.399047852, 223.683425903, 176.740127563, -506.82409668, 292.091827393, 381.029632568, 92.9126968384], [-339.398590088, 335.33291626, 198.186950684, -186.056472778, 13.5707216263, -62.8394165039, 97.5342102051, -30.0232143402, 4.6726899147, 20.9481372833, 0.11496052146, -77.6319961548, -14.0123558044], [-2517.13720703, 198.186950684, 1359.46936035, -304.101898193, -474.694488525, 91.9124755859, 352.28237915, -150.419891357, -46.1407470703, 238.573486328, -174.729476929, -215.149612427, -43.8964004517], [753.342651367, -186.056472778, -304.101898193, 284.340911865, 99.6459503174, -12.7274770737, -94.5836029053, 2.42665076256, 28.9889335632, -72.3490982056, 44.2681884766, 77.8369903564, 24.7034397125], [658.934997559, 13.5707216263, -474.694488525, 99.6459503174, 466.987640381, -72.1260223389, -176.984375, 90.0626144409, 0.999146163464, -107.48286438, 123.429672241, 102.715415955, 16.5782928467], [-137.563323975, -62.8394165039, 91.9124755859, -12.7274770737, -72.1260223389, 98.3995666504, 51.6001625061, -8.85893535614, -1.3836735487, 25.8746776581, -23.9956264496, -6.16957378387, 3.6389541626], [-604.399047852, 97.5342102051, 352.28237915, -94.5836029053, -176.984375, 51.6001625061, 178.931976318, -45.1669921875, 1.77406024933, 68.0467453003, -61.876701355, -82.9792861938, -15.7316055298], [223.683425903, -30.0232143402, -150.419891357, 2.42665076256, 90.0626144409, -8.85893535614, -45.1669921875, 101.223480225, 24.2833328247, -26.5022697449, 25.9260959625, 34.955997467, 5.52939748764], [176.740127563, 4.6726899147, -46.1407470703, 28.9889335632, 0.999146163464, -1.3836735487, 1.77406024933, 24.2833328247, 46.3925895691, -2.12415194511, 8.28925609589, 4.30376529694, -0.0330248065293], [-506.82409668, 20.9481372833, 238.573486328, -72.3490982056, -107.48286438, 25.8746776581, 68.0467453003, -26.5022697449, -2.12415194511, 95.219329834, -14.889831543, -33.5825920105, -16.6372127533], [292.091827393, 0.11496052146, -174.729476929, 44.2681884766, 123.429672241, -23.9956264496, -61.876701355, 25.9260959625, 8.28925609589, -14.889831543, 77.3168563843, 53.510307312, 2.6286547184], [381.029632568, -77.6319961548, -215.149612427, 77.8369903564, 102.715415955, -6.16957378387, -82.9792861938, 34.955997467, 4.30376529694, -33.5825920105, 53.510307312, 92.8746948242, 29.8604927063], [92.9126968384, -14.0123558044, -43.8964004517, 24.7034397125, 16.5782928467, 3.6389541626, -15.7316055298, 5.52939748764, -0.0330248065293, -16.6372127533, 2.6286547184, 29.8604927063, 41.3580932617]],
        "icov": [[0.00119257159531, -0.00282206153497, 0.00199758540839, -0.002638629172, 0.00173812021967, -0.00241442746483, 0.00207013217732, -0.000938743760344, -0.000326549488818, 0.000898183032405, 0.000674048205838, -0.000782178365625, 0.0013725545723], [-0.00282206153497, 0.0337429828942, -0.00563030410558, 0.0270685981959, -0.0104187438264, 0.0247926488519, -0.0230041015893, 0.0185195486993, -0.0197391211987, 0.0132818566635, -0.0219112280756, 0.013355162926, -0.0165257807821], [0.00199758540839, -0.00563030410558, 0.00599434506148, -0.00480195693672, 0.00302907056175, -0.00408122548833, 0.00174182874616, -0.00147738622036, 0.00161162891891, -0.00316896499135, 0.00420551514253, -0.000730700034183, 0.00182697549462], [-0.002638629172, 0.0270685981959, -0.00480195693672, 0.0286336448044, -0.00872378237545, 0.019231909886, -0.0174078308046, 0.0191372316331, -0.0209116451442, 0.0133171146736, -0.0165134575218, 0.0057278056629, -0.0122217452154], [0.00173812021967, -0.0104187438264, 0.00302907056175, -0.00872378237545, 0.0100637376308, -0.00760392751545, 0.00901378504932, -0.00799848325551, 0.00701094325632, 0.00203442526981, -0.00276491511613, -0.00141072936822, 0.00414232816547], [-0.00241442746483, 0.0247926488519, -0.00408122548833, 0.019231909886, -0.00760392751545, 0.0326189994812, -0.0225106738508, 0.0123378830031, -0.0120034646243, 0.00585885858163, -0.0104837724939, 0.00324388151057, -0.0113575607538], [0.00207013217732, -0.0230041015893, 0.00174182874616, -0.0174078308046, 0.00901378504932, -0.0225106738508, 0.0332985967398, -0.0114777619019, 0.00832018721849, -0.00857950840145, 0.0119935423136, 0.000633880961686, 0.00770534854382], [-0.000938743760344, 0.0185195486993, -0.00147738622036, 0.0191372316331, -0.00799848325551, 0.0123378830031, -0.0114777619019, 0.0286816935986, -0.0238155983388, 0.0100685777143, -0.00823870580643, -6.36185286567e-05, -0.00609439658001], [-0.000326549488818, -0.0197391211987, 0.00161162891891, -0.0209116451442, 0.00701094325632, -0.0120034646243, 0.00832018721849, -0.0238155983388, 0.0488912798464, -0.0154756149277, 0.00918505247682, -0.00151063501835, 0.00716225430369], [0.000898183032405, 0.0132818566635, -0.00316896499135, 0.0133171146736, 0.00203442526981, 0.00585885858163, -0.00857950840145, 0.0100685777143, -0.0154756149277, 0.0371381007135, -0.0235230829567, 0.00360607309267, -0.00095746468287], [0.000674048205838, -0.0219112280756, 0.00420551514253, -0.0165134575218, -0.00276491511613, -0.0104837724939, 0.0119935423136, -0.00823870580643, 0.00918505247682, -0.0235230829567, 0.0578981153667, -0.0307260677218, 0.0221324767917], [-0.000782178365625, 0.013355162926, -0.000730700034183, 0.0057278056629, -0.00141072936822, 0.00324388151057, 0.000633880961686, -6.36185286567e-05, -0.00151063501835, 0.00360607309267, -0.0307260677218, 0.0496891327202, -0.0298582855612], [0.0013725545723, -0.0165257807821, 0.00182697549462, -0.0122217452154, 0.00414232816547, -0.0113575607538, 0.00770534854382, -0.00609439658001, 0.00716225430369, -0.00095746468287, 0.0221324767917, -0.0298582855612, 0.0475918501616]]
    },
    "melbands": {
        "dmean": [0.000377207499696, 0.00258561060764, 0.00176186405588, 0.000352295464836, 0.000106243714981, 5.09101955686e-05, 1.67301295733e-05, 8.20235982246e-06, 5.49180822418e-06, 5.90130412093e-06, 4.10233542425e-06, 3.81351037504e-06, 2.99712496599e-06, 3.41438112628e-06, 5.76847833145e-06, 2.65625521934e-06, 9.41559449075e-07, 2.91438959721e-06, 6.62874799673e-06, 6.53938923278e-06, 2.45045393967e-05, 0.000110883556772, 6.251486775e-05, 1.69465220097e-05, 6.00820249019e-06, 4.0444165279e-06, 2.00665999728e-06, 1.25873657453e-06, 1.55069187713e-06, 1.2138089005e-06, 8.66651816978e-07, 4.37326889369e-07, 2.59552081161e-07, 9.04432368998e-08, 3.6038017015e-08, 2.46378650814e-08, 1.08867954651e-08, 5.26697396808e-09, 2.54462162452e-09, 1.63986668689e-09],
        "dmean2": [0.000623587227892, 0.00432024104521, 0.00301063316874, 0.00058263214305, 0.000171661842614, 8.08737022453e-05, 2.64704976871e-05, 1.35766276799e-05, 8.91734725883e-06, 9.19008743949e-06, 6.34144953437e-06, 6.54083487461e-06, 5.0562175602e-06, 5.23019571119e-06, 8.86627822183e-06, 4.34129833593e-06, 1.56197540946e-06, 4.69866472486e-06, 1.09783850348e-05, 1.07468267743e-05, 4.02667646995e-05, 0.000185251090443, 9.90949920379e-05, 2.7702171792e-05, 9.82938399829e-06, 6.65476454742e-06, 3.39411576533e-06, 2.12453142012e-06, 2.58521549767e-06, 2.06379081646e-06, 1.43962358834e-06, 7.21827120742e-07, 4.13040936564e-07, 1.45858962242e-07, 5.93895634893e-08, 4.00300308456e-08, 1.73886434141e-08, 8.49402237435e-09, 4.09964640014e-09, 2.59106491818e-09],
        "dvar": [2.68357069899e-07, 8.31914348964e-06, 5.27419797436e-06, 1.87650911698e-07, 2.04028118844e-08, 6.68159927386e-09, 1.25103682969e-09, 2.78920192498e-10, 3.06462910604e-10, 3.66870783752e-10, 1.48914033882e-10, 4.59594334812e-10, 1.2833015206e-10, 3.09895997752e-11, 6.92390172974e-11, 3.1894188679e-11, 6.59989597696e-12, 2.9143607666e-11, 1.16907053482e-10, 9.72086300344e-11, 1.36681432839e-09, 2.5097325107e-08, 7.62852891967e-09, 5.84264803205e-10, 6.51821166486e-11, 2.53373658859e-11, 7.15181993488e-12, 6.4931805592e-12, 1.13787573114e-11, 7.31513981334e-12, 4.4829613112e-12, 1.27372006171e-12, 7.1156096423e-13, 6.85211978303e-14, 6.88206095776e-15, 2.59908904667e-15, 3.67215622991e-16, 1.26409529452e-16, 4.3209873718e-17, 1.31425929881e-17],
        "dvar2": [6.88296665885e-07, 2.24623254326e-05, 1.53040018631e-05, 5.06957007929e-07, 5.00340036069e-08, 1.77082739583e-08, 3.25204596585e-09, 7.04933944551e-10, 7.7503120588e-10, 8.79668282661e-10, 3.5939118348e-10, 1.3374390484e-09, 3.57501944714e-10, 7.28262034011e-11, 1.65045407896e-10, 8.60784082901e-11, 1.83498494177e-11, 7.68498875647e-11, 2.99107599799e-10, 2.5995794406e-10, 3.71298813917e-09, 6.85972310066e-08, 1.91778148917e-08, 1.61618196604e-09, 1.80508594183e-10, 6.72300964899e-11, 1.94867091213e-11, 1.69298429442e-11, 2.83818211988e-11, 1.86205686287e-11, 1.19077239388e-11, 3.218484073e-12, 1.63713281213e-12, 1.90581410245e-13, 1.69123680446e-14, 6.59945942634e-15, 8.75027703798e-16, 3.37454405705e-16, 1.2205615068e-16, 3.38665245921e-17],
        "max": [0.0069661536254, 0.0272287484258, 0.0231858398765, 0.00547456089407, 0.00151245458983, 0.00117806100752, 0.00080319569679, 0.000219713634579, 0.000328474852722, 0.000342223647749, 0.000234540173551, 0.000410320382798, 0.000133920402732, 6.00141029281e-05, 0.000102402671473, 8.28598203952e-05, 3.99047457904e-05, 6.70954177622e-05, 0.000130625063321, 0.0001191597039, 0.000394642760511, 0.00156120467, 0.00116077053826, 0.000277652259683, 0.000105048653495, 6.0134792875e-05, 2.84257021121e-05, 4.34149005741e-05, 4.9579924962e-05, 4.73348991363e-05, 3.94142989535e-05, 2.75489655905e-05, 1.98758352781e-05, 5.35145045433e-06, 1.69480449586e-06, 7.27889528207e-07, 3.66093473758e-07, 2.10978839732e-07, 1.35078636276e-07, 9.31139538807e-08],
        "mean": [0.000752260209993, 0.00534308608621, 0.00341537292115, 0.000703261408489, 0.000234853112488, 0.000134798989166, 3.56533892045e-05, 1.63843433256e-05, 9.55817813519e-06, 1.10147393571e-05, 7.44713952372e-06, 5.38048880117e-06, 3.82581401936e-06, 6.83134976498e-06, 1.40408319567e-05, 5.50301228941e-06, 1.34282856834e-06, 5.65066875424e-06, 1.25118667711e-05, 1.3530774595e-05, 5.30349825567e-05, 0.000232718724874, 0.00016715406673, 4.21970653406e-05, 1.54222561832e-05, 1.04408591142e-05, 4.6693889999e-06, 2.25034750656e-06, 2.6606087431e-06, 2.09366839954e-06, 1.57666966061e-06, 7.47848048377e-07, 4.89612034471e-07, 1.76175291244e-07, 8.14676823779e-08, 4.70336090075e-08, 2.3737039001e-08, 1.19393508413e-08, 5.76239456151e-09, 3.81607856426e-09],
        "median": [0.000549442251213, 0.00418278900906, 0.00260984757915, 0.000531893048901, 0.000183488024049, 8.41381624923e-05, 1.59274532052e-05, 8.38746655063e-06, 3.28104329128e-06, 2.47169737122e-06, 3.18471688843e-06, 2.2917363367e-06, 1.53993016738e-06, 4.03534522775e-06, 9.95791651803e-06, 2.82080281977e-06, 7.67551171066e-07, 3.75246463591e-06, 9.33962110139e-06, 1.12667876238e-05, 3.98421034333e-05, 0.000204802461667, 0.00015391150373, 3.76901698473e-05, 1.48311664816e-05, 9.87243038253e-06, 3.9672904677e-06, 1.52949712628e-06, 1.2413464674e-06, 8.8967811962e-07, 5.38841163689e-07, 1.91369707636e-07, 8.48844763368e-08, 3.46685951058e-08, 1.99861229788e-08, 1.62181805763e-08, 9.81203829298e-09, 4.62564075931e-09, 2.17163043104e-09, 1.6315155893e-09],
        "min": [1.71408931493e-08, 1.46352761021e-08, 1.04790807143e-08, 5.96366334094e-09, 2.34695973766e-09, 5.51199197396e-10, 1.64292815463e-10, 3.83223619504e-10, 3.92073318256e-10, 1.73789108104e-10, 4.25948859517e-11, 3.67945673929e-11, 1.52493417199e-11, 1.76527022167e-11, 5.1014061031e-11, 3.03234243271e-11, 9.4616823057e-12, 6.24561253409e-12, 1.38251337461e-11, 2.04495431005e-11, 1.75435794364e-11, 1.46110172572e-11, 1.71200571081e-11, 1.96878034708e-11, 9.99032367249e-12, 2.68725016198e-12, 9.78345356117e-12, 2.31670949785e-11, 1.54812430236e-11, 4.53874438033e-12, 5.64769064848e-12, 4.85864126709e-12, 2.16634392716e-12, 1.36304173243e-12, 3.44826977302e-13, 4.09322369836e-13, 1.25332768252e-13, 6.8040462587e-14, 4.30739496263e-14, 2.21668369831e-14],
        "var": [6.25142774879e-07, 2.03493673325e-05, 9.60532088357e-06, 4.44006047928e-07, 4.99997128145e-08, 2.18135127739e-08, 2.76303269153e-09, 5.20509635393e-10, 4.52991782973e-10, 7.85854326057e-10, 2.54898463448e-10, 3.1131885958e-10, 1.09746406407e-10, 7.61884930145e-11, 2.5087831812e-10, 5.23867581259e-11, 5.65494612942e-12, 5.24828687454e-11, 2.35855890374e-10, 2.09514322558e-10, 3.51224915818e-09, 5.70119276233e-08, 2.66537885096e-08, 1.78617454161e-09, 2.04827516059e-10, 8.72887248593e-11, 1.93260372983e-11, 1.0618970113e-11, 2.6463532754e-11, 1.61827582584e-11, 1.16408939779e-11, 3.36965026194e-12, 1.99783722551e-12, 2.20324707914e-13, 3.37811138925e-14, 7.70682075015e-15, 1.66561998704e-15, 4.90625199972e-16, 1.47205220629e-16, 4.89735259512e-17]
    },
    "mfcc": {
        "mean": [-726.582946777, 150.8097229, -19.134803772, 95.9760284424, 26.1976051331, 10.1058683395, -0.140657305717, 14.2357778549, 2.15240526199, -15.2408123016, -6.66808795929, 6.45170259476, -6.27034330368],
        "cov": [[7704.54541016, -838.121826172, -2798.95996094, 649.801208496, 660.052185059, -197.177581787, -538.885131836, 688.01385498, -325.852020264, -515.603942871, -183.879852295, 345.007080078, 56.643535614], [-838.121826172, 579.751281738, 227.531829834, -111.468994141, -71.1800689697, -42.608127594, 90.564453125, -96.3079071045, 44.0239830017, 79.8748397827, 38.7101783752, -44.3828010559, -25.0160369873], [-2798.95996094, 227.531829834, 1530.97741699, -288.034393311, -558.225646973, 189.770004272, 155.311416626, -306.109985352, 178.137619019, 259.909118652, 100.721282959, -178.14805603, -54.8919906616], [649.801208496, -111.468994141, -288.034393311, 230.973754883, 140.949172974, -15.5889263153, -56.7176933289, 66.8960800171, -49.9162902832, -74.8209381104, -24.6651954651, 38.0308532715, 18.4203014374], [660.052185059, -71.1800689697, -558.225646973, 140.949172974, 395.082824707, -94.3999710083, -21.8839950562, 120.306236267, -76.6132278442, -116.573570251, -44.313243866, 91.3182449341, 39.2290267944], [-197.177581787, -42.608127594, 189.770004272, -15.5889263153, -94.3999710083, 127.692802429, 28.9824523926, -38.4720306396, 16.2042331696, 22.0771713257, 5.76802778244, -32.886138916, 5.89151620865], [-538.885131836, 90.564453125, 155.311416626, -56.7176933289, -21.8839950562, 28.9824523926, 89.4648132324, -31.2502784729, 22.0429916382, 32.8880310059, 10.7939758301, -19.4619693756, 4.91797924042], [688.01385498, -96.3079071045, -306.109985352, 66.8960800171, 120.306236267, -38.4720306396, -31.2502784729, 128.535491943, -16.064666748, -57.9161529541, -26.4174098969, 39.9670639038, 17.8873195648], [-325.852020264, 44.0239830017, 178.137619019, -49.9162902832, -76.6132278442, 16.2042331696, 22.0429916382, -16.064666748, 69.6249923706, 51.0701026917, 12.3495750427, -28.3379592896, -5.57330083847], [-515.603942871, 79.8748397827, 259.909118652, -74.8209381104, -116.573570251, 22.0771713257, 32.8880310059, -57.9161529541, 51.0701026917, 93.3415298462, 31.5908527374, -36.2694969177, -17.0485916138], [-183.879852295, 38.7101783752, 100.721282959, -24.6651954651, -44.313243866, 5.76802778244, 10.7939758301, -26.4174098969, 12.3495750427, 31.5908527374, 54.0242233276, 12.1515388489, -7.20191001892], [345.007080078, -44.3828010559, -178.14805603, 38.0308532715, 91.3182449341, -32.886138916, -19.4619693756, 39.9670639038, -28.3379592896, -36.2694969177, 12.1515388489, 76.740196228, 18.5362167358], [56.643535614, -25.0160369873, -54.8919906616, 18.4203014374, 39.2290267944, 5.89151620865, 4.91797924042, 17.8873195648, -5.57330083847, -17.0485916138, -7.20191001892, 18.5362167358, 43.9314041138]],
