{
"lowlevel": {
    "average_loudness": 0.944652736187,
    "barkbands_crest": {
        "dmean": 3.51397633553,
        "dmean2": 5.8810801506,
        "dvar": 10.039355278,
        "dvar2": 27.7296352386,
        "max": 23.4169616699,
        "mean": 8.6366519928,
        "median": 7.49119520187,
        "min": 2.20224308968,
        "var": 19.7153606415
    },
    "barkbands_flatness_db": {
        "dmean": 0.0228038895875,
        "dmean2": 0.038365598768,
        "dvar": 0.000398936739657,
        "dvar2": 0.00112810113933,
        "max": 0.242888778448,
        "mean": 0.124179974198,
        "median": 0.119181528687,
        "min": 0.0609771683812,
        "var": 0.000803041853942
    },
    "barkbands_kurtosis": {
        "dmean": 1.81563651562,
        "dmean2": 3.06428050995,
        "dvar": 7.83390283585,
        "dvar2": 20.8782291412,
        "max": 38.071598053,
        "mean": 0.595675766468,
        "median": -0.565360546112,
        "min": -1.8401260376,
        "var": 10.4572591782
    },
    "barkbands_skewness": {
        "dmean": 0.633419513702,
        "dmean2": 1.01097047329,
        "dvar": 0.322629153728,
        "dvar2": 0.799590408802,
        "max": 5.90688514709,
        "mean": 0.883262336254,
        "median": 0.808095693588,
        "min": -2.37945270538,
        "var": 1.08471727371
    },
    "barkbands_spread": {
        "dmean": 8.79644107819,
        "dmean2": 14.2801895142,
        "dvar": 62.6652488708,
        "dvar2": 153.065567017,
        "max": 94.7128143311,
        "mean": 38.7982444763,
        "median": 38.55128479,
        "min": 6.54993724823,
        "var": 161.342849731
    },
    "dissonance": {
        "dmean": 0.00671005761251,
        "dmean2": 0.0114484494552,
        "dvar": 3.89116139559e-05,
        "dvar2": 0.000107666506665,
        "max": 0.5,
        "mean": 0.4897826612,
        "median": 0.491867721081,
        "min": 0.426925867796,
        "var": 6.16821344011e-05
    },
    "dynamic_complexity": 2.4187734127,
    "erbbands_crest": {
        "dmean": 1.4975092411,
        "dmean2": 2.4760093689,
        "dvar": 2.07203865051,
        "dvar2": 5.19643831253,
        "max": 19.6613121033,
        "mean": 5.72263145447,
        "median": 5.18697547913,
        "min": 2.3697822094,
        "var": 5.03082370758
    },
    "erbbands_flatness_db": {
        "dmean": 0.011850355193,
        "dmean2": 0.0177899692208,
        "dvar": 0.0001008661784,
        "dvar2": 0.000209785692277,
        "max": 0.267760008574,
        "mean": 0.166814878583,
        "median": 0.166621685028,
        "min": 0.107122071087,
        "var": 0.000655560579617
    },
    "erbbands_kurtosis": {
        "dmean": 0.682285249233,
        "dmean2": 1.09526729584,
        "dvar": 0.555085062981,
        "dvar2": 1.30825185776,
        "max": 11.6354637146,
        "mean": 0.343665063381,
        "median": 0.153405666351,
        "min": -1.64728486538,
        "var": 1.3487046957
    },
    "erbbands_skewness": {
        "dmean": 0.265521764755,
        "dmean2": 0.416144371033,
        "dvar": 0.0510652884841,
        "dvar2": 0.114646710455,
        "max": 1.31885254383,
        "mean": -0.662563741207,
        "median": -0.643632531166,
        "min": -2.97920131683,
        "var": 0.189077988267
    },
    "erbbands_spread": {
        "dmean": 7.2965836525,
        "dmean2": 11.4814052582,
        "dvar": 42.2964057922,
        "dvar2": 97.7645874023,
        "max": 86.7170639038,
        "mean": 38.4494247437,
        "median": 36.6198158264,
        "min": 10.3475589752,
        "var": 168.9972229
    },
    "hfc": {
        "dmean": 7.27808952332,
        "dmean2": 11.0923309326,
        "dvar": 110.155464172,
        "dvar2": 272.347595215,
        "max": 117.374595642,
        "mean": 24.4789276123,
        "median": 20.1603412628,
        "min": 0.000117573013995,
        "var": 289.772064209
    },
    "melbands_crest": {
        "dmean": 4.71447706223,
        "dmean2": 7.70124816895,
        "dvar": 14.9320402145,
        "dvar2": 40.5331420898,
        "max": 35.1625595093,
        "mean": 14.273349762,
        "median": 13.8029785156,
        "min": 2.73593974113,
        "var": 32.9007987976
    },
    "melbands_flatness_db": {
        "dmean": 0.0337087139487,
        "dmean2": 0.0551150478423,
        "dvar": 0.000836668768898,
        "dvar2": 0.00215585739352,
        "max": 0.303955703974,
        "mean": 0.139577075839,
        "median": 0.137729749084,
        "min": 0.0239742677659,
        "var": 0.00253183022141
    },
    "melbands_kurtosis": {
        "dmean": 7.16575479507,
        "dmean2": 12.0102291107,
        "dvar": 109.032737732,
        "dvar2": 296.871551514,
        "max": 128.346328735,
        "mean": 9.01425552368,
        "median": 4.83879089355,
        "min": -1.75802052021,
        "var": 163.962127686
    },
    "melbands_skewness": {
        "dmean": 0.956768393517,
        "dmean2": 1.55042827129,
        "dvar": 0.819287836552,
        "dvar2": 2.1030755043,
        "max": 10.3355903625,
        "mean": 2.50184941292,
        "median": 2.29675960541,
        "min": -0.819543659687,
        "var": 2.41780424118
    },
    "melbands_spread": {
        "dmean": 15.2335214615,
        "dmean2": 24.5334472656,
        "dvar": 216.598052979,
        "dvar2": 480.342681885,
        "max": 194.174957275,
        "mean": 44.4402694702,
        "median": 39.2817230225,
        "min": 3.8329873085,
        "var": 701.785461426
    },
    "pitch_salience": {
        "dmean": 0.0973656997085,
        "dmean2": 0.159918755293,
        "dvar": 0.00750845531002,
        "dvar2": 0.020990666002,
        "max": 0.894517540932,
        "mean": 0.605613052845,
        "median": 0.623313605785,
        "min": 0.151880979538,
        "var": 0.013417089358
    },
    "silence_rate_20dB": {
        "dmean": 0,
        "dmean2": 0,
        "dvar": 0,
        "dvar2": 0,
        "max": 1,
        "mean": 1,
        "median": 1,
        "min": 1,
        "var": 0
    },
    "silence_rate_30dB": {
        "dmean": 0.00774593325332,
        "dmean2": 0.0154978688806,
        "dvar": 0.00768587272614,
        "dvar2": 0.0222317762673,
        "max": 1,
        "mean": 0.99574136734,
        "median": 1,
        "min": 0,
        "var": 0.00424047233537
    },
    "silence_rate_60dB": {
        "dmean": 0.0216886140406,
        "dmean2": 0.0433940328658,
        "dvar": 0.0212177094072,
        "dvar2": 0.0469363480806,
        "max": 1,
        "mean": 0.0631049200892,
        "median": 0,
        "min": 0,
        "var": 0.0591229684651
    },
    "spectral_centroid": {
        "dmean": 296.945465088,
        "dmean2": 455.234893799,
        "dvar": 71476.9609375,
        "dvar2": 158011.34375,
        "max": 4169.20751953,
        "mean": 2419.2265625,
        "median": 2426.63085938,
        "min": 516.396606445,
        "var": 295434.9375
    },
    "spectral_complexity": {
        "dmean": 5.8698682785,
        "dmean2": 8.59899234772,
        "dvar": 29.6313266754,
        "dvar2": 55.9879875183,
        "max": 66,
        "mean": 32.2667427063,
        "median": 33,
        "min": 0,
        "var": 185.687332153
    },
    "spectral_decrease": {
        "dmean": 3.02372016314e-09,
        "dmean2": 4.93755925035e-09,
        "dvar": 1.64524850717e-17,
        "dvar2": 3.93395816587e-17,
        "max": -4.83135565246e-14,
        "mean": -6.50581322148e-09,
        "median": -4.7146433424e-09,
        "min": -4.06690539023e-08,
        "var": 3.44193161606e-17
    },
    "spectral_energy": {
        "dmean": 0.0117458552122,
        "dmean2": 0.0191134791821,
        "dvar": 0.000241934540099,
        "dvar2": 0.000575245299842,
        "max": 0.157768622041,
        "mean": 0.026774764061,
        "median": 0.0201728381217,
        "min": 1.93010677663e-07,
        "var": 0.000530108751263
    },
    "spectral_energyband_high": {
        "dmean": 0.000614428776316,
        "dmean2": 0.000952983798925,
        "dvar": 8.68655433806e-07,
        "dvar2": 1.93686514649e-06,
        "max": 0.011436752975,
        "mean": 0.00156271294691,
        "median": 0.00112679041922,
        "min": 3.78972542237e-09,
        "var": 2.19623757403e-06
    },
    "spectral_energyband_low": {
        "dmean": 0.0101884435862,
        "dmean2": 0.0170644912869,
        "dvar": 0.000219785622903,
        "dvar2": 0.000548570766114,
        "max": 0.137771978974,
        "mean": 0.0148660670966,
        "median": 0.00719008548185,
        "min": 3.19438342444e-08,
        "var": 0.000348534260411
    },
    "spectral_energyband_middle_high": {
        "dmean": 0.00187077804003,
        "dmean2": 0.00295339198783,
        "dvar": 7.37144864615e-06,
        "dvar2": 1.91408180399e-05,
        "max": 0.0309558156878,
        "mean": 0.00611623143777,
        "median": 0.00451381737366,
        "min": 2.09079864533e-08,
        "var": 2.25277253776e-05
    },
    "spectral_energyband_middle_low": {
        "dmean": 0.00257991300896,
        "dmean2": 0.004275418818,
        "dvar": 1.17633799164e-05,
        "dvar2": 2.9679536965e-05,
        "max": 0.0402028858662,
        "mean": 0.00516744842753,
        "median": 0.00436616316438,
        "min": 1.48361507968e-07,
        "var": 1.7647358618e-05
    },
    "spectral_entropy": {
        "dmean": 0.0739261955023,
        "dmean2": 0.11281748116,
        "dvar": 0.00470917485654,
        "dvar2": 0.0103436633945,
        "max": 8.47576618195,
        "mean": 7.96626138687,
        "median": 7.95731210709,
        "min": 7.21798038483,
        "var": 0.0198584850878
    },
    "spectral_flux": {
        "dmean": 0.0238812211901,
        "dmean2": 0.0371130332351,
        "dvar": 0.000714899331797,
        "dvar2": 0.00159415660892,
        "max": 0.319791316986,
        "mean": 0.0966981574893,
        "median": 0.0895186662674,
        "min": 0.000439329800429,
        "var": 0.00205532903783
    },
    "spectral_kurtosis": {
        "dmean": 1.04293060303,
        "dmean2": 1.82174086571,
        "dvar": 0.999281406403,
        "dvar2": 2.8919737339,
        "max": 16.4878692627,
        "mean": 1.7670737505,
        "median": 1.51159381866,
        "min": -0.611060380936,
        "var": 1.57061028481
    },
    "spectral_rms": {
        "dmean": 0.00103059294634,
        "dmean2": 0.00164622056764,
        "dvar": 1.20385084301e-06,
        "dvar2": 2.7996316021e-06,
        "max": 0.0124064749107,
        "mean": 0.00467425398529,
        "median": 0.00443630665541,
        "min": 1.37223578349e-05,
        "var": 4.2730516725e-06
    },
    "spectral_rolloff": {
        "dmean": 860.586181641,
        "dmean2": 1394.3861084,
        "dvar": 850926.4375,
        "dvar2": 1989098.75,
        "max": 9151.61132812,
        "mean": 2540.62084961,
        "median": 2540.91796875,
        "min": 64.599609375,
        "var": 2298233
    },
    "spectral_skewness": {
        "dmean": 0.160525366664,
        "dmean2": 0.264618128538,
        "dvar": 0.019965801388,
        "dvar2": 0.0536074414849,
        "max": 3.10613918304,
        "mean": 0.729679226875,
        "median": 0.729909062386,
        "min": -0.0950952395797,
        "var": 0.0517428480089
    },
    "spectral_spread": {
        "dmean": 308984.6875,
        "dmean2": 456543.46875,
        "dvar": 89236807680,
        "dvar2": 191402131456,
        "max": 6524824.5,
        "mean": 3638244.75,
        "median": 3534440,
        "min": 2033917.375,
        "var": 482590949376
    },
    "spectral_strongpeak": {
        "dmean": 0.30147510767,
        "dmean2": 0.539023220539,
        "dvar": 0.449469804764,
        "dvar2": 1.3075221777,
        "max": 9.42067432404,
        "mean": 0.359004735947,
        "median": 0.200614869595,
        "min": 0,
        "var": 0.396756291389
    },
    "zerocrossingrate": {
        "dmean": 0.0125799551606,
        "dmean2": 0.0150523427874,
        "dvar": 0.000150762178237,
        "dvar2": 0.000175262670382,
        "max": 0.2568359375,
        "mean": 0.0844460055232,
        "median": 0.078125,
        "min": 0.01708984375,
        "var": 0.00110400922131
    },
    "barkbands": {
        "dmean": [0.000791939150076, 0.00799782108516, 0.00279919290915, 0.00125558674335, 0.00121478387155, 0.00049261469394, 0.000284773850581, 0.000275381898973, 0.000327265268425, 0.000249671837082, 0.000241962057771, 0.00029671707307, 0.000295979669318, 0.000297513062833, 0.000386416533729, 0.000372664770111, 0.000312928517815, 0.000324725173414, 0.000412054709159, 0.000411117624026, 0.000275304861134, 0.000132845176267, 7.04269696143e-05, 6.89980515745e-05, 2.02541068575e-05, 1.81793460285e-08, 1.56957091768e-09],
        "dmean2": [0.00123652082402, 0.0134850908071, 0.00474264845252, 0.00216634850949, 0.00206153071485, 0.00083662068937, 0.000486280332552, 0.000459575501736, 0.000553149846382, 0.00041695960681, 0.000410500826547, 0.000483301118948, 0.000500615860801, 0.000495759653859, 0.000623051717412, 0.000641601043753, 0.00052457198035, 0.000532741833013, 0.000646820000838, 0.000676192110404, 0.000450689462014, 0.000206576412893, 0.000106198043795, 0.000100817989733, 3.0022687497e-05, 2.86592047871e-08, 2.90836732475e-09],
        "dvar": [1.7585242631e-06, 0.000151539585204, 2.49726690527e-05, 2.68825010608e-06, 3.47908030562e-06, 6.62890329295e-07, 1.66678361779e-07, 1.46268433809e-07, 2.25238238727e-07, 1.46316708083e-07, 1.19182161029e-07, 2.08931865586e-07, 1.91110331116e-07, 1.42458148389e-07, 3.73711088741e-07, 3.91694584323e-07, 1.61604418736e-07, 2.21634664399e-07, 3.94987665686e-07, 4.63894451741e-07, 1.53617619958e-07, 5.01662213992e-08, 2.4578106661e-08, 3.25277262903e-08, 3.31634075756e-09, 3.31587881983e-15, 4.50549530139e-17],
        "dvar2": [4.25038160756e-06, 0.000406794104492, 6.56386546325e-05, 7.2643679232e-06, 9.22545950743e-06, 1.82116775704e-06, 4.51412063285e-07, 3.85327183494e-07, 5.86527164614e-07, 3.87713583905e-07, 3.15038818144e-07, 5.14283044595e-07, 4.94796267958e-07, 3.57213821189e-07, 9.23773484374e-07, 1.07817209027e-06, 4.23125584348e-07, 5.61759179618e-07, 9.26055861328e-07, 1.17972854241e-06, 3.88390418493e-07, 1.13405214108e-07, 5.00665819914e-08, 6.40625685833e-08, 7.03481717323e-09, 7.8088162225e-15, 1.27523642476e-16],
        "max": [0.0230914074928, 0.100942969322, 0.0760636925697, 0.0123290531337, 0.0223951358348, 0.00989716500044, 0.00536101311445, 0.00412653619424, 0.00585533399135, 0.00535197881982, 0.00575571227819, 0.00666800420731, 0.00618459889665, 0.00498223723844, 0.015774037689, 0.00598994735628, 0.00444660708308, 0.0069044046104, 0.00870876852423, 0.00927469693124, 0.0045937304385, 0.0031760756392, 0.00249497871846, 0.00316049112007, 0.00104231084697, 1.07917753667e-06, 1.53958708893e-07],
        "mean": [0.00103371764999, 0.00990105047822, 0.00308098178357, 0.0015187751269, 0.0015636732569, 0.000672857277095, 0.000400866148993, 0.000415610993514, 0.000465277233161, 0.000393932423322, 0.000384555896744, 0.000569941708818, 0.000474271189887, 0.000507941585965, 0.00070444290759, 0.000574086909182, 0.000571363256313, 0.000669255037792, 0.000923002662603, 0.000768910860643, 0.00056693633087, 0.00029008751153, 0.000148904160596, 0.000141214011819, 3.3075993997e-05, 2.56802348275e-08, 1.16466636335e-09],
        "median": [0.000353631417966, 0.00369569286704, 0.00139295938425, 0.00093085388653, 0.000971450062934, 0.000375346338842, 0.000257175124716, 0.000264859001618, 0.000289135525236, 0.000246835901635, 0.000221321708523, 0.000285842979793, 0.00029428221751, 0.000372946989955, 0.000392972084228, 0.000356234901119, 0.000407172075938, 0.000388894521166, 0.000494660809636, 0.00045729035628, 0.000391686073272, 0.000210409445572, 9.92151399259e-05, 7.24905767129e-05, 1.19852929856e-05, 9.34575794531e-09, 2.8882155001e-10],
        "min": [4.17033158007e-10, 2.41551845193e-09, 1.72184009273e-08, 2.92653208334e-08, 6.1426611353e-08, 5.09792608128e-09, 2.16786375518e-08, 2.60262709162e-08, 4.83017537078e-09, 7.76724240481e-10, 5.54691459431e-10, 6.13619377532e-10, 2.49404874531e-09, 4.04550837274e-09, 9.0885710069e-10, 2.24486695899e-09, 6.78769085383e-09, 1.01910546668e-09, 8.142158614e-10, 9.24016030357e-10, 8.0520518031e-10, 5.35844757454e-10, 5.41181155445e-10, 1.22695564819e-09, 1.65648536554e-10, 8.02689512081e-12, 1.00293618896e-11],
        "var": [2.41489192376e-06, 0.000202334413189, 2.54401984421e-05, 3.2119505704e-06, 3.73299826606e-06, 8.07315529983e-07, 2.31648712656e-07, 2.13099440316e-07, 3.16284285873e-07, 2.53393523053e-07, 2.54307394698e-07, 6.40476969238e-07, 3.09022993861e-07, 2.37913837964e-07, 9.67495338955e-07, 4.65023276774e-07, 2.81882364561e-07, 5.6688912764e-07, 1.19047660974e-06, 7.78589935635e-07, 3.15980571486e-07, 9.95748834498e-08, 4.93481593367e-08, 8.50399217711e-08, 6.49015063914e-09, 4.93223134725e-15, 2.76172544736e-17]
    },
    "erbbands": {
        "dmean": [0.315802037716, 1.57612287998, 3.22784280777, 3.67151498795, 3.99354219437, 4.28878879547, 3.47509241104, 4.17541217804, 4.37513160706, 4.43646764755, 6.09123277664, 6.87423372269, 8.06255531311, 7.83767652512, 11.0001659393, 10.6565647125, 12.9290933609, 13.8614578247, 18.6017112732, 17.2409229279, 19.9190864563, 17.4887676239, 17.1849575043, 18.5108718872, 22.6806335449, 18.0533447266, 14.6540031433, 8.47514820099, 4.99684810638, 2.90433287621, 2.05954575539, 1.52682459354, 1.09987056255, 0.423354357481, 0.0223900340497, 0.00102209951729, 6.35028627585e-05, 1.04594828372e-05, 7.12024620952e-06, 1.34681713462e-05],
        "dmean2": [0.530611991882, 2.70032000542, 5.53516244888, 6.273665905, 6.90307044983, 7.34508562088, 6.0021777153, 7.00319957733, 7.37587928772, 7.50244426727, 10.2064933777, 11.5968208313, 13.5774497986, 12.9649295807, 18.2865600586, 17.4547767639, 21.8109359741, 23.0958023071, 30.3075180054, 28.2842731476, 34.2350158691, 29.4133453369, 28.1712779999, 29.525478363, 36.0592536926, 29.261505127, 24.363079071, 13.7152967453, 7.70802259445, 4.53103494644, 3.12668085098, 2.2737185955, 1.62256896496, 0.621019601822, 0.0325776822865, 0.00148398976307, 9.14788033697e-05, 1.52155853357e-05, 1.12076986625e-05, 2.17600045289e-05],
        "dvar": [0.277882575989, 5.62691450119, 33.1960678101, 23.1330242157, 35.3987503052, 43.7798118591, 37.6562995911, 49.8041915894, 42.3390197754, 41.1989555359, 84.5077438354, 97.4512176514, 204.701416016, 123.99874115, 278.007904053, 221.323410034, 364.872924805, 318.92175293, 793.4296875, 741.377502441, 1242.63244629, 540.916992188, 607.417724609, 725.845031738, 1492.26611328, 822.080871582, 493.748840332, 141.404342651, 64.3553237915, 37.9205589294, 24.041727066, 15.0772676468, 8.37951564789, 1.51437675953, 0.00660581514239, 1.31213537315e-05, 3.3083551898e-08, 6.15341555488e-10, 8.32681285035e-11, 2.97607855027e-10],
        "dvar2": [0.740395486355, 15.5122451782, 87.0565643311, 61.4145240784, 92.9537734985, 116.843772888, 104.664894104, 132.904006958, 115.083442688, 112.9845047, 220.869766235, 254.477462769, 538.334289551, 328.992889404, 738.835510254, 545.222900391, 962.458374023, 801.210266113, 1986.05932617, 1902.76599121, 3426.36035156, 1411.12268066, 1538.4263916, 1800.26196289, 3698.80810547, 2053.10839844, 1266.23217773, 344.178131104, 143.960861206, 85.8394470215, 50.6532859802, 27.6784439087, 17.1272544861, 3.17186689377, 0.0132514601573, 2.62208959612e-05, 6.45509032893e-08, 1.20007936921e-09, 1.81597431537e-10, 6.99741320442e-10],
        "max": [4.45003700256, 19.0582122803, 76.5608596802, 57.3234672546, 60.1436538696, 81.0171279907, 75.4783096313, 91.4590911865, 88.8650283813, 123.130996704, 110.04158783, 105.807937622, 260.665313721, 173.305023193, 229.521347046, 192.992355347, 235.763580322, 187.230163574, 749.539123535, 428.536987305, 304.623687744, 249.769256592, 357.406890869, 409.497619629, 612.528076172, 384.853240967, 275.515472412, 179.030517578, 122.702453613, 111.190635681, 86.8735809326, 70.8355865479, 43.0245780945, 23.0423755646, 1.77949011326, 0.0788606330752, 0.00360961793922, 0.00041422090726, 0.000124392958242, 0.000178572809091],
        "mean": [0.342064589262, 1.96653389931, 3.79565119743, 4.73875236511, 4.90018606186, 5.44848299026, 4.48307991028, 5.76408100128, 6.1203956604, 7.15535163879, 9.07438373566, 10.0237913132, 12.5037441254, 13.526055336, 20.5577697754, 20.7766780853, 21.790763855, 25.4295902252, 34.2078552246, 32.8958015442, 32.2598114014, 33.6102905273, 36.3128547668, 42.3183250427, 46.6829910278, 35.8259277344, 27.290102005, 19.0680141449, 11.0818414688, 6.15574598312, 4.19119930267, 3.18637490273, 2.17953014374, 0.741278886795, 0.032333727926, 0.00157656392548, 0.000129959284095, 2.52619392995e-05, 2.05524956982e-05, 3.42956154782e-05],
        "median": [0.109000749886, 0.763063549995, 1.764965415, 2.98972773552, 2.9726228714, 3.1994562149, 2.63414525986, 2.97620487213, 3.54642319679, 4.60456514359, 6.05821704865, 6.36361074448, 7.66669511795, 8.80399894714, 10.2688703537, 12.2056722641, 13.929312706, 18.736656189, 21.1853370667, 19.5166568756, 20.6334857941, 24.0749759674, 22.2241325378, 22.9939975739, 24.9457054138, 22.3196849823, 17.7710990906, 13.9205980301, 7.99202775955, 4.32772016525, 2.62985086441, 1.76204943657, 1.03653824329, 0.283520907164, 0.00830990727991, 0.000482955743792, 6.72651731293e-05, 1.6663745555e-05, 1.66831778188e-05, 2.75064776361e-05],
        "min": [5.93998272791e-08, 8.42289466618e-07, 1.44097148222e-05, 6.45635300316e-05, 0.000215484586079, 0.000178986985702, 2.53815633187e-05, 5.78378239879e-05, 0.000260874920059, 0.000594629382249, 0.000298971921438, 0.000117119132483, 3.18001257256e-05, 2.68050389423e-05, 2.10427297134e-05, 2.7355423299e-05, 0.000122661993373, 0.000253960781265, 4.83852127218e-05, 6.89646694809e-05, 0.000291827600449, 0.000239732864429, 6.72497480991e-05, 3.89742817788e-05, 5.15406027262e-05, 4.52684507763e-05, 3.83778096875e-05, 2.37507847487e-05, 2.21203572437e-05, 1.06365150714e-05, 1.63734475791e-05, 2.00760314328e-05, 2.27821510634e-05, 7.06208538759e-06, 3.00573617551e-07, 4.47363852629e-08, 1.64853144469e-08, 6.05299899092e-09, 1.87023929676e-09, 4.29293656179e-10],
        "var": [0.311939924955, 7.73321056366, 35.628364563, 29.5729236603, 36.7777671814, 47.3100242615, 37.9790840149, 67.5976409912, 62.258808136, 64.3245239258, 109.967887878, 128.729232788, 287.397949219, 280.605865479, 747.875366211, 596.255554199, 581.797302246, 574.276733398, 1804.99926758, 1818.60119629, 1357.30957031, 948.69744873, 1484.62341309, 2430.30102539, 3112.09765625, 1559.02294922, 857.093566895, 356.334442139, 139.990066528, 62.6566734314, 45.6554641724, 39.9874229431, 20.803150177, 3.07678937912, 0.0108516728505, 2.23230017582e-05, 7.04680971353e-08, 1.48770107344e-09, 2.47432158096e-10, 7.23482107556e-10]
    },
    "gfcc": {
        "mean": [0.0479161888361, 106.731674194, -162.942245483, 83.5902023315, -64.1915740967, 26.8563899994, -25.3112392426, -0.0244143307209, -6.24761343002, -14.434797287, 5.58444738388, -21.4511737823, 5.84359788895],
        "cov": [[2953.75219727, 244.625869751, 100.406616211, 159.360198975, 115.034164429, 46.3992271423, 154.909332275, 67.4852828979, 0.336057782173, -29.4003505707, 98.0064697266, 39.0961151123, 73.1131362915], [244.625869751, 610.565124512, -7.6267375946, 4.70938539505, 171.463577271, -81.202583313, 126.308311462, -83.3089447021, 79.2264022827, -89.6829376221, 54.7544593811, -8.77023792267, 40.255115509], [100.406616211, -7.6267375946, 362.505523682, 110.115364075, -18.0631008148, 75.8978805542, -40.4563941956, 38.037361145, 6.59520864487, 42.1911811829, -3.14429569244, 11.8897781372, 18.6096782684], [159.360198975, 4.70938539505, 110.115364075, 127.319396973, 42.3882904053, 7.70370960236, 26.0312194824, -1.29405319691, 14.1914806366, 11.7454319, 17.5922298431, 8.24524974823, 9.86758613586], [115.034164429, 171.463577271, -18.0631008148, 42.3882904053, 167.121749878, 38.8715705872, 73.7084121704, -2.95291566849, 30.2160301208, -33.7408676147, 20.9612865448, -4.94812250137, 14.950756073], [46.3992271423, -81.202583313, 75.8978805542, 7.70370960236, 38.8715705872, 135.609054565, 13.9736347198, 43.2243041992, -7.58225059509, 8.75059223175, -14.8201293945, 7.22006988525, 1.44207084179], [154.909332275, 126.308311462, -40.4563941956, 26.0312194824, 73.7084121704, 13.9736347198, 134.946380615, 7.82378911972, 25.8783531189, -22.9965305328, 33.3179359436, 6.53803443909, 5.4093542099], [67.4852828979, -83.3089447021, 38.037361145, -1.29405319691, -2.95291566849, 43.2243041992, 7.82378911972, 78.0050735474, 10.1442747116, 20.3668270111, 0.21643127501, 4.0215549469, -1.29601609707], [0.336057782173, 79.2264022827, 6.59520864487, 14.1914806366, 30.2160301208, -7.58225059509, 25.8783531189, 10.1442747116, 75.0601730347, 16.589422226, 14.7852058411, 3.17363595963, 11.4163284302], [-29.4003505707, -89.6829376221, 42.1911811829, 11.7454319, -33.7408676147, 8.75059223175, -22.9965305328, 20.3668270111, 16.589422226, 70.1032867432, 12.4147748947, 6.55421495438, 3.47733020782], [98.0064697266, 54.7544593811, -3.14429569244, 17.5922298431, 20.9612865448, -14.8201293945, 33.3179359436, 0.21643127501, 14.7852058411, 12.4147748947, 61.9569816589, 25.5130958557, 6.61811208725], [39.0961151123, -8.77023792267, 11.8897781372, 8.24524974823, -4.94812250137, 7.22006988525, 6.53803443909, 4.0215549469, 3.17363595963, 6.55421495438, 25.5130958557, 43.8310890198, 20.5056037903], [73.1131362915, 40.255115509, 18.6096782684, 9.86758613586, 14.950756073, 1.44207084179, 5.4093542099, -1.29601609707, 11.4163284302, 3.47733020782, 6.61811208725, 20.5056037903, 47.2971992493]],
        "icov": [[0.000498048379086, -0.00103374978062, 0.000924743071664, -0.00183405796997, 0.00122737698257, -0.00112979428377, 0.000475218024803, -0.00150551274419, 0.00101751554757, -0.000187776706298, -0.000548563548364, 0.000415374262957, -0.000655530253425], [-0.00103374978062, 0.0159581322223, -0.0126377670094, 0.0189886726439, -0.0148825217038, 0.0141347711906, -0.00992759410292, 0.0152558935806, -0.0114272702485, 0.0113028967753, -0.00575837492943, 0.004593802616, -0.00440498813987], [0.000924743071664, -0.0126377670094, 0.0161514133215, -0.0214745886624, 0.0150824841112, -0.0157619621605, 0.0107647860423, -0.0133634451777, 0.00767728034407, -0.00736913410947, 0.00177336961497, -0.000333282892825, 0.00015255791368], [-0.00183405796997, 0.0189886726439, -0.0214745886624, 0.0392817333341, -0.0243977643549, 0.0223479699343, -0.015627399087, 0.0208684373647, -0.0119537068531, 0.00751192728058, -0.00252310582437, -0.000590901181567, -0.000739992246963], [0.00122737698257, -0.0148825217038, 0.0150824841112, -0.0243977643549, 0.0293677356094, -0.0220042262226, 0.00850668456405, -0.0131216458976, 0.0051547489129, -0.000957268406637, -0.00454215938225, 0.00749580655247, -0.00380778871477], [-0.00112979428377, 0.0141347711906, -0.0157619621605, 0.0223479699343, -0.0220042262226, 0.0292280483991, -0.0123361740261, 0.00853109359741, -0.00482932804152, 0.00315530202352, 0.00644900463521, -0.00720024527982, 0.00211756513454], [0.000475218024803, -0.00992759410292, 0.0107647860423, -0.015627399087, 0.00850668456405, -0.0123361740261, 0.0199044104666, -0.0115296170115, 0.00335163902491, -0.00097300746711, -0.004449037835, 0.000474962900626, 0.00151357543655], [-0.00150551274419, 0.0152558935806, -0.0133634451777, 0.0208684373647, -0.0131216458976, 0.00853109359741, -0.0115296170115, 0.0331371352077, -0.013696548529, 0.00642610620707, -0.00428843125701, 0.00314934225753, -0.00157040543854], [0.00101751554757, -0.0114272702485, 0.00767728034407, -0.0119537068531, 0.0051547489129, -0.00482932804152, 0.00335163902491, -0.013696548529, 0.0274542681873, -0.0158347766846, 0.00597167992964, -0.00446928339079, 0.00102480559144], [-0.000187776706298, 0.0113028967753, -0.00736913410947, 0.00751192728058, -0.000957268406637, 0.00315530202352, -0.00097300746711, 0.00642610620707, -0.0158347766846, 0.0350040346384, -0.0181030221283, 0.0127119477838, -0.00923328101635], [-0.000548563548364, -0.00575837492943, 0.00177336961497, -0.00252310582437, -0.00454215938225, 0.00644900463521, -0.004449037835, -0.00428843125701, 0.00597167992964, -0.0181030221283, 0.0412431210279, -0.0295294076204, 0.014129081741], [0.000415374262957, 0.004593802616, -0.000333282892825, -0.000590901181567, 0.00749580655247, -0.00720024527982, 0.000474962900626, 0.00314934225753, -0.00446928339079, 0.0127119477838, -0.0295294076204, 0.0524975173175, -0.0248995274305], [-0.000655530253425, -0.00440498813987, 0.00015255791368, -0.000739992246963, -0.00380778871477, 0.00211756513454, 0.00151357543655, -0.00157040543854, 0.00102480559144, -0.00923328101635, 0.014129081741, -0.0248995274305, 0.036172259599]]
    },
    "melbands": {
        "dmean": [0.00242423079908, 0.00171456648968, 0.000601603882387, 0.000311277544824, 0.000120647542644, 9.25161148189e-05, 6.30555368843e-05, 5.05328971485e-05, 5.08074372192e-05, 4.60619667138e-05, 4.07990482927e-05, 3.24857792293e-05, 3.38320569426e-05, 3.45486878359e-05, 2.92813128908e-05, 2.96381240332e-05, 2.75236216112e-05, 3.07787522615e-05, 2.89206091111e-05, 2.34293729591e-05, 2.49510048889e-05, 1.91005638044e-05, 1.8365581127e-05, 1.55963753059e-05, 1.65407855093e-05, 1.69796057889e-05, 1.7914289856e-05, 1.19814112622e-05, 1.08063213702e-05, 6.72229953125e-06, 4.91569380756e-06, 3.21877314491e-06, 2.32038405557e-06, 1.45959370457e-06, 1.26228235331e-06, 1.11454176022e-06, 9.62275862548e-07, 8.41395376483e-07, 6.77912964875e-07, 2.57469054077e-07],
        "dmean2": [0.00405103527009, 0.0029194848612, 0.00102578976657, 0.000532927399036, 0.000205754768103, 0.00015555373102, 0.000106763145595, 8.50232390803e-05, 8.54597092257e-05, 7.79943584348e-05, 6.88843065291e-05, 5.36703955731e-05, 5.73316137888e-05, 5.63627254451e-05, 4.89630729135e-05, 4.99200978084e-05, 4.62680691271e-05, 5.05132265971e-05, 4.69605838589e-05, 3.95128445234e-05, 4.32760680269e-05, 3.24821339746e-05, 3.08072776534e-05, 2.576069528e-05, 2.67036866717e-05, 2.64794816758e-05, 2.94137498713e-05, 1.94780168385e-05, 1.81916038855e-05, 1.09386446638e-05, 7.96859239927e-06, 5.00744727105e-06, 3.63513026969e-06, 2.32802813116e-06, 1.96539804165e-06, 1.69745351286e-06, 1.45444710142e-06, 1.26823215396e-06, 1.01806278963e-06, 3.89621817476e-07],
        "dvar": [1.50404612214e-05, 7.4050431067e-06, 6.31850355148e-07, 2.23074735572e-07, 3.91438064185e-08, 2.29405170415e-08, 8.48935766129e-09, 5.23424992238e-09, 6.02651706316e-09, 4.55366233609e-09, 5.1604343021e-09, 2.14195039483e-09, 2.43485764884e-09, 3.22128079766e-09, 1.74821190857e-09, 1.936761862e-09, 1.2589096432e-09, 1.99731831074e-09, 2.47257481156e-09, 1.27266042149e-09, 2.03032635149e-09, 6.41040276417e-10, 6.75586975252e-10, 5.98888050263e-10, 5.99455485251e-10, 7.43167860584e-10, 1.04078079488e-09, 3.77035791477e-10, 2.89954088517e-10, 9.10077360694e-11, 4.68781020946e-11, 2.46491681233e-11, 2.14422143235e-11, 9.21381113766e-12, 8.85392887479e-12, 7.14071510255e-12, 6.27362745087e-12, 4.82535582672e-12, 3.39263079435e-12, 7.29424116594e-13],
        "dvar2": [4.01983270422e-05, 1.95011580217e-05, 1.65416849995e-06, 5.92199057792e-07, 1.07295853979e-07, 6.17855633323e-08, 2.28390444335e-08, 1.43162504074e-08, 1.58273643081e-08, 1.18912772962e-08, 1.35880497965e-08, 5.68823210756e-09, 6.47669695653e-09, 8.0181106199e-09, 4.56829862827e-09, 4.88221374439e-09, 3.16460768701e-09, 5.07767916602e-09, 6.08485350995e-09, 3.31443450463e-09, 5.59007728995e-09, 1.68685121427e-09, 1.68843550252e-09, 1.49593393228e-09, 1.5199450587e-09, 1.76640402305e-09, 2.74227196506e-09, 9.33897403854e-10, 7.49603101813e-10, 2.27616397952e-10, 1.16342997736e-10, 5.73468494913e-11, 5.09066504228e-11, 2.03536857507e-11, 1.94943557824e-11, 1.46913141374e-11, 1.18335289484e-11, 1.00944851436e-11, 7.2981117677e-12, 1.53356027963e-12],
        "max": [0.0335313230753, 0.0299144238234, 0.00911463983357, 0.00563498400152, 0.0023268959485, 0.00178850686643, 0.00123579625506, 0.0013028945541, 0.000961801270023, 0.000770262035076, 0.001263098442, 0.000699530239217, 0.000876938807778, 0.000961066456512, 0.00057939987164, 0.000676527619362, 0.000413772766478, 0.000956199946813, 0.00103390426375, 0.000522294256371, 0.000388511136407, 0.000247084302828, 0.000341444450896, 0.000406387844123, 0.000346791290212, 0.000435925117927, 0.000405750295613, 0.000336986355251, 0.000233115715673, 0.000157982693054, 0.000101137826277, 7.02827237546e-05, 8.51314835018e-05, 5.96356403548e-05, 5.3194235079e-05, 4.22491393692e-05, 4.65347475256e-05, 3.45751759596e-05, 3.2882373489e-05, 1.87814184756e-05],
        "mean": [0.00291094696149, 0.00225183949806, 0.000820626330096, 0.000387242849683, 0.000168152706465, 0.000129784704768, 9.01463645278e-05, 8.02655122243e-05, 7.35197245376e-05, 6.50856381981e-05, 6.21612198302e-05, 5.31369405508e-05, 6.03657390457e-05, 6.61107624182e-05, 4.77945613966e-05, 4.82915929751e-05, 4.63974138256e-05, 5.26415060449e-05, 5.17245498486e-05, 3.92513247789e-05, 3.70063862647e-05, 3.35869190167e-05, 3.44886539096e-05, 3.12374686473e-05, 3.428259879e-05, 3.51752751158e-05, 3.04335826513e-05, 2.2300886485e-05, 1.79097223736e-05, 1.35797936309e-05, 1.01625882962e-05, 6.59298984829e-06, 4.5207830226e-06, 2.93101174975e-06, 2.41823522629e-06, 2.12820759771e-06, 1.89143986518e-06, 1.60654963111e-06, 1.23011261621e-06, 3.89578048043e-07],
        "median": [0.00107122748159, 0.00106839719228, 0.000550273107365, 0.000238385910052, 0.000106525236333, 7.03735277057e-05, 5.35149774805e-05, 5.20829744346e-05, 4.8156012781e-05, 3.92463916796e-05, 3.76209900423e-05, 3.37458077411e-05, 3.1552692235e-05, 3.21005973092e-05, 3.10648647428e-05, 3.02704975184e-05, 3.31084629579e-05, 3.33183415933e-05, 2.76259288512e-05, 2.42170044658e-05, 2.32904803852e-05, 2.36700798268e-05, 2.21778282139e-05, 1.82228322956e-05, 1.79485468834e-05, 1.83147094504e-05, 1.59479968715e-05, 1.35736499942e-05, 1.09705360956e-05, 9.19553440326e-06, 7.29985686121e-06, 4.63676815343e-06, 3.07362870444e-06, 2.06228287425e-06, 1.52321729274e-06, 1.22151561754e-06, 9.8077146049e-07, 7.66622235915e-07, 5.35251842848e-07, 1.11664810731e-07],
        "min": [5.66422297954e-10, 5.29420329798e-09, 1.54243711137e-08, 1.65478866165e-08, 1.61439350777e-09, 1.47232714909e-09, 3.87444210048e-09, 6.88011514427e-09, 1.98068295099e-09, 6.55612619749e-10, 1.44511153044e-10, 1.14534402795e-10, 7.04255820327e-11, 5.93423227224e-11, 7.14994799478e-11, 4.56162080331e-10, 4.35597447002e-10, 5.42910230661e-11, 7.60494375807e-11, 9.34269120401e-11, 4.62964444559e-10, 3.29846067126e-10, 8.10855965705e-11, 4.94779599236e-11, 2.73418510055e-11, 3.23831725324e-11, 4.60344054543e-11, 2.32699345903e-11, 2.68573583512e-11, 1.52467274916e-11, 1.37592194582e-11, 1.63278800203e-11, 4.00389617294e-12, 6.39728331073e-12, 6.730590911e-12, 1.54949334613e-11, 1.02730584456e-11, 1.7360890503e-11, 1.40722494421e-11, 1.10076260173e-12],
        "var": [1.88316007552e-05, 9.83498375717e-06, 8.12819621387e-07, 2.32998687011e-07, 4.33099351937e-08, 3.13676480346e-08, 1.26367822872e-08, 8.21629431158e-09, 7.72570540875e-09, 6.12716322124e-09, 7.37614902491e-09, 4.6810466614e-09, 6.0175886496e-09, 9.32809296472e-09, 3.00894997807e-09, 3.38799277522e-09, 2.07331352087e-09, 4.07767508648e-09, 5.96103877371e-09, 2.22400542427e-09, 2.04367323065e-09, 1.0315341914e-09, 1.31132238401e-09, 1.366618263e-09, 1.78454429012e-09, 1.97161686977e-09, 1.48233592068e-09, 6.86924905846e-10, 4.48266840314e-10, 2.09127534734e-10, 1.0600730016e-10, 5.20417910155e-11, 3.35717252609e-11, 1.52457543118e-11, 1.51071221505e-11, 1.54728608398e-11, 1.61594158193e-11, 1.1543252465e-11, 7.18155960047e-12, 1.24681992161e-12]
    },
    "mfcc": {
        "mean": [-605.737731934, 89.3104400635, -14.4572143555, 39.5434532166, 4.97789001465, 16.7780361176, 7.01766824722, 7.39550971985, 2.34526896477, 7.35318279266, -0.596979320049, 4.2648768425, -3.35371232033],
        "cov": [[2859.94799805, 221.449752808, -50.2928657532, 163.648849487, -0.975911974907, 34.1593437195, 134.615219116, 115.3306427, -4.98954534531, 47.2040290833, -14.3425340652, -3.91742682457, 25.9939880371], [221.449752808, 538.459411621, -101.004341125, 83.297416687, 21.1211585999, 44.6640548706, 12.7642774582, 60.150138855, -0.162964448333, 2.94942259789, -17.8471679688, -3.18450641632, -3.49862551689], [-50.2928657532, -101.004341125, 371.476409912, 26.2086658478, 56.0320320129, 9.97492599487, -9.00185394287, -28.1027183533, 21.8805847168, -2.20080852509, 20.8606872559, 12.4848203659, -0.880827963352], [163.648849487, 83.297416687, 26.2086658478, 161.918182373, 9.88345432281, 21.2663345337, 8.78191375732, 7.32360887527, -10.7969102859, 12.0468759537, -1.02224588394, 10.5946311951, 10.9295454025], [-0.975911974907, 21.1211585999, 56.0320320129, 9.88345432281, 119.229232788, 36.8917884827, 15.2240467072, 16.075012207, 24.4426612854, 9.68989849091, 4.5386300087, -3.98827552795, -1.40123426914], [34.1593437195, 44.6640548706, 9.97492599487, 21.2663345337, 36.8917884827, 87.3192672729, 33.7917823792, 27.1219501495, 18.7060565948, 0.860465228558, 7.45392751694, 4.31867408752, -5.38057851791], [134.615219116, 12.7642774582, -9.00185394287, 8.78191375732, 15.2240467072, 33.7917823792, 97.0603256226, 47.9064674377, 7.02080154419, 4.44698524475, 9.80739307404, 2.50869631767, 5.23433923721], [115.3306427, 60.150138855, -28.1027183533, 7.32360887527, 16.075012207, 27.1219501495, 47.9064674377, 89.9967346191, 16.133272171, 8.47072887421, 7.17254829407, -3.51506686211, 4.82202672958], [-4.98954534531, -0.162964448333, 21.8805847168, -10.7969102859, 24.4426612854, 18.7060565948, 7.02080154419, 16.133272171, 67.1841583252, 18.4515800476, 6.53820943832, 0.858109951019, -1.84730732441], [47.2040290833, 2.94942259789, -2.20080852509, 12.0468759537, 9.68989849091, 0.860465228558, 4.44698524475, 8.47072887421, 18.4515800476, 51.727519989, 13.6564712524, 2.62800264359, 5.86699390411], [-14.3425340652, -17.8471679688, 20.8606872559, -1.02224588394, 4.5386300087, 7.45392751694, 9.80739307404, 7.17254829407, 6.53820943832, 13.6564712524, 49.3144950867, 17.9505176544, 5.88366031647], [-3.91742682457, -3.18450641632, 12.4848203659, 10.5946311951, -3.98827552795, 4.31867408752, 2.50869631767, -3.51506686211, 0.858109951019, 2.62800264359, 17.9505176544, 44.0344467163, 15.2169160843], [25.9939880371, -3.49862551689, -0.880827963352, 10.9295454025, -1.40123426914, -5.38057851791, 5.23433923721, 4.82202672958, -1.84730732441, 5.86699390411, 5.88366031647, 15.2169160843, 42.4743804932]],
