{
"lowlevel": {
    "average_loudness": 0.747609078884,
    "barkbands_crest": {
        "dmean": 2.13959765434,
        "dmean2": 3.4760966301,
        "dvar": 3.90535616875,
        "dvar2": 10.1045742035,
        "max": 21.3663597107,
        "mean": 8.14812755585,
        "median": 7.51014471054,
        "min": 2.53228521347,
        "var": 9.78200531006
    },
    "barkbands_flatness_db": {
        "dmean": 0.020754372701,
        "dmean2": 0.0303590223193,
        "dvar": 0.000352725881385,
        "dvar2": 0.000723563251086,
        "max": 0.232966527343,
        "mean": 0.116042524576,
        "median": 0.117041833699,
        "min": 0.0158360842615,
        "var": 0.00162407709286
    },
    "barkbands_kurtosis": {
        "dmean": 0.820877611637,
        "dmean2": 1.31589484215,
        "dvar": 1.5393422842,
        "dvar2": 3.89991927147,
        "max": 14.0087337494,
        "mean": -0.0722592547536,
        "median": -0.458313941956,
        "min": -1.9150236845,
        "var": 2.32611322403
    },
    "barkbands_skewness": {
        "dmean": 0.390460133553,
        "dmean2": 0.579991340637,
        "dvar": 0.159688442945,
        "dvar2": 0.325521081686,
        "max": 3.6348900795,
        "mean": 0.474642604589,
        "median": 0.507166743279,
        "min": -1.71301090717,
        "var": 0.615956068039
    },
    "barkbands_spread": {
        "dmean": 6.30449819565,
        "dmean2": 9.20703887939,
        "dvar": 64.5773162842,
        "dvar2": 120.926185608,
        "max": 118.499046326,
        "mean": 31.7088718414,
        "median": 27.8152656555,
        "min": 5.65507507324,
        "var": 285.569488525
    },
    "dissonance": {
        "dmean": 0.0115349413827,
        "dmean2": 0.0195268765092,
        "dvar": 0.000143067387398,
        "dvar2": 0.000387404521462,
        "max": 0.499974817038,
        "mean": 0.477572351694,
        "median": 0.482131868601,
        "min": 0.402561038733,
        "var": 0.000268343341304
    },
    "dynamic_complexity": 3.46216273308,
    "erbbands_crest": {
        "dmean": 2.15576553345,
        "dmean2": 3.44004845619,
        "dvar": 4.21588754654,
        "dvar2": 9.86886119843,
        "max": 26.5739517212,
        "mean": 8.68283653259,
        "median": 7.74828720093,
        "min": 2.96280288696,
        "var": 13.551692009
    },
    "erbbands_flatness_db": {
        "dmean": 0.0214900244027,
        "dmean2": 0.0269506257027,
        "dvar": 0.000391267822124,
        "dvar2": 0.000605412060395,
        "max": 0.308095067739,
        "mean": 0.16952560842,
        "median": 0.171525657177,
        "min": 0.0576425269246,
        "var": 0.00243626022711
    },
    "erbbands_kurtosis": {
        "dmean": 0.779112756252,
        "dmean2": 1.18001818657,
        "dvar": 0.651644051075,
        "dvar2": 1.45235574245,
        "max": 11.3034543991,
        "mean": 0.71900165081,
        "median": 0.327010631561,
        "min": -1.54387068748,
        "var": 2.64085531235
    },
    "erbbands_skewness": {
        "dmean": 0.297919332981,
        "dmean2": 0.440227538347,
        "dvar": 0.0650380626321,
        "dvar2": 0.125894352794,
        "max": 1.73597085476,
        "mean": -0.369941085577,
        "median": -0.388132125139,
        "min": -2.29990029335,
        "var": 0.380390375853
    },
    "erbbands_spread": {
        "dmean": 5.64532995224,
        "dmean2": 8.13878631592,
        "dvar": 35.1313667297,
        "dvar2": 70.9517669678,
        "max": 87.9686813354,
        "mean": 29.3344631195,
        "median": 27.5578193665,
        "min": 4.52779769897,
        "var": 178.515304565
    },
    "hfc": {
        "dmean": 7.91931962967,
        "dmean2": 9.98317432404,
        "dvar": 265.391052246,
        "dvar2": 286.247406006,
        "max": 362.90057373,
        "mean": 30.843454361,
        "median": 17.7080535889,
        "min": 1.21441019472e-16,
        "var": 2162.87231445
    },
    "melbands_crest": {
        "dmean": 3.03968238831,
        "dmean2": 4.7861790657,
        "dvar": 7.4845366478,
        "dvar2": 20.1575126648,
        "max": 25.9091186523,
        "mean": 12.1879425049,
        "median": 11.9613199234,
        "min": 1.79094684124,
        "var": 17.6765422821
    },
    "melbands_flatness_db": {
        "dmean": 0.0249147228897,
        "dmean2": 0.0376800000668,
        "dvar": 0.000543494825251,
        "dvar2": 0.00116039579734,
        "max": 0.307393074036,
        "mean": 0.163679867983,
        "median": 0.165162503719,
        "min": 0.00690632965416,
        "var": 0.00249489257112
    },
    "melbands_kurtosis": {
        "dmean": 2.45286536217,
        "dmean2": 3.92232060432,
        "dvar": 16.725851059,
        "dvar2": 40.8783493042,
        "max": 45.5427474976,
        "mean": 3.2880961895,
        "median": 1.62662220001,
        "min": -1.63537597656,
        "var": 26.5902118683
    },
    "melbands_skewness": {
        "dmean": 0.523814916611,
        "dmean2": 0.783241033554,
        "dvar": 0.318059802055,
        "dvar2": 0.697009384632,
        "max": 6.03199100494,
        "mean": 1.5383708477,
        "median": 1.4521420002,
        "min": -1.46732079983,
        "var": 1.22580349445
    },
    "melbands_spread": {
        "dmean": 9.78990268707,
        "dmean2": 15.0406188965,
        "dvar": 192.182800293,
        "dvar2": 389.940765381,
        "max": 172.358795166,
        "mean": 40.3563652039,
        "median": 34.488494873,
        "min": 6.34430789948,
        "var": 626.132324219
    },
    "pitch_salience": {
        "dmean": 0.0594056136906,
        "dmean2": 0.0934508368373,
        "dvar": 0.00267805089243,
        "dvar2": 0.00635474361479,
        "max": 0.855002999306,
        "mean": 0.573424696922,
        "median": 0.571642935276,
        "min": 0.282919168472,
        "var": 0.00816205702722
    },
    "silence_rate_20dB": {
        "dmean": 0,
        "dmean2": 0,
        "dvar": 0,
        "dvar2": 0,
        "max": 1,
        "mean": 1,
        "median": 1,
        "min": 1,
        "var": 0
    },
    "silence_rate_30dB": {
        "dmean": 0,
        "dmean2": 0,
        "dvar": 0,
        "dvar2": 0,
        "max": 1,
        "mean": 1,
        "median": 1,
        "min": 1,
        "var": 0
    },
    "silence_rate_60dB": {
        "dmean": 0.00154798757285,
        "dmean2": 0.00309837330133,
        "dvar": 0.00154557975475,
        "dvar2": 0.00308882305399,
        "max": 1,
        "mean": 0.078886307776,
        "median": 0,
        "min": 0,
        "var": 0.0726620405912
    },
    "spectral_centroid": {
        "dmean": 218.562423706,
        "dmean2": 318.30480957,
        "dvar": 110193.546875,
        "dvar2": 146904.921875,
        "max": 11504.9746094,
        "mean": 1746.51660156,
        "median": 1620.30053711,
        "min": 796.606445312,
        "var": 369906.21875
    },
    "spectral_complexity": {
        "dmean": 3.1857585907,
        "dmean2": 4.96824169159,
        "dvar": 9.18995761871,
        "dvar2": 21.6279296875,
        "max": 52,
        "mean": 22.7849960327,
        "median": 23,
        "min": 0,
        "var": 72.7458877563
    },
    "spectral_decrease": {
        "dmean": 1.54588841728e-09,
        "dmean2": 2.4194704018e-09,
        "dvar": 5.76411876307e-18,
        "dvar2": 1.44308854331e-17,
        "max": 2.4701623878e-29,
        "mean": -5.13742426378e-09,
        "median": -4.36345493071e-09,
        "min": -2.80288485754e-08,
        "var": 1.49895648732e-17
    },
    "spectral_energy": {
        "dmean": 0.00620336923748,
        "dmean2": 0.00963352899998,
        "dvar": 8.57405684656e-05,
        "dvar2": 0.000213503313717,
        "max": 0.108167268336,
        "mean": 0.0221874099225,
        "median": 0.0187246855348,
        "min": 1.09218238129e-20,
        "var": 0.000266048155027
    },
    "spectral_energyband_high": {
        "dmean": 0.000610302144196,
        "dmean2": 0.000714051944669,
        "dvar": 2.76044033853e-06,
        "dvar2": 2.6916789011e-06,
        "max": 0.0360028147697,
        "mean": 0.00157008366659,
        "median": 0.000246058596531,
        "min": 7.5544450484e-21,
        "var": 2.15780746657e-05
    },
    "spectral_energyband_low": {
        "dmean": 0.00418024649844,
        "dmean2": 0.00677568232641,
        "dvar": 6.00337443757e-05,
        "dvar2": 0.000155697372975,
        "max": 0.094818495214,
        "mean": 0.0071014217101,
        "median": 0.00441779801622,
        "min": 4.40435337544e-23,
        "var": 7.66255325289e-05
    },
    "spectral_energyband_middle_high": {
        "dmean": 0.00188327790238,
        "dmean2": 0.0028107825201,
        "dvar": 9.53286053118e-06,
        "dvar2": 2.07728044188e-05,
        "max": 0.0643931552768,
        "mean": 0.0079248091206,
        "median": 0.00505679380149,
        "min": 1.80019017826e-21,
        "var": 7.20718089724e-05
    },
    "spectral_energyband_middle_low": {
        "dmean": 0.00222151563503,
        "dmean2": 0.00345390406437,
        "dvar": 1.22280725918e-05,
        "dvar2": 3.00315714412e-05,
        "max": 0.0396246351302,
        "mean": 0.00623966380954,
        "median": 0.00534210493788,
        "min": 4.45280451805e-22,
        "var": 2.52497920883e-05
    },
    "spectral_entropy": {
        "dmean": 0.150274693966,
        "dmean2": 0.192596778274,
        "dvar": 0.025817817077,
        "dvar2": 0.0370467267931,
        "max": 9.80261421204,
        "mean": 7.71341180801,
        "median": 7.61869955063,
        "min": 6.97835540771,
        "var": 0.162622019649
    },
    "spectral_flux": {
        "dmean": 0.0205395910889,
        "dmean2": 0.0321980640292,
        "dvar": 0.000523595779669,
        "dvar2": 0.00112626608461,
        "max": 0.251917690039,
        "mean": 0.0799222588539,
        "median": 0.0724532455206,
        "min": 1.04507527632e-10,
        "var": 0.00180692411959
    },
    "spectral_kurtosis": {
        "dmean": 2.10196256638,
        "dmean2": 3.33412742615,
        "dvar": 4.63787317276,
        "dvar2": 12.4653024673,
        "max": 23.8986110687,
        "mean": 6.02785778046,
        "median": 5.63893699646,
        "min": -1.27846229076,
        "var": 13.5023126602
    },
    "spectral_rms": {
        "dmean": 0.000590771378484,
        "dmean2": 0.00089180865325,
        "dvar": 5.30412023636e-07,
        "dvar2": 1.25377891891e-06,
        "max": 0.0102727329358,
        "mean": 0.00431381445378,
        "median": 0.00427410611883,
        "min": 3.26426689498e-12,
        "var": 3.0372909805e-06
    },
    "spectral_rolloff": {
        "dmean": 581.080566406,
        "dmean2": 835.208862305,
        "dvar": 1595672.5,
        "dvar2": 2063570.375,
        "max": 18820.0195312,
        "mean": 2659.21972656,
        "median": 1959.52148438,
        "min": 150.732421875,
        "var": 6769345
    },
    "spectral_skewness": {
        "dmean": 0.229094341397,
        "dmean2": 0.359926074743,
        "dvar": 0.0425739921629,
        "dvar2": 0.105249807239,
        "max": 2.92123699188,
        "mean": 1.70269417763,
        "median": 1.72275876999,
        "min": -0.0410055071115,
        "var": 0.17815734446
    },
    "spectral_spread": {
        "dmean": 758823.625,
        "dmean2": 896934.1875,
        "dvar": 1.77407223398e+12,
        "dvar2": 1.87703112499e+12,
        "max": 40930964,
        "mean": 4386323.5,
        "median": 3623625.25,
        "min": 1545028.125,
        "var": 7.04446621286e+12
    },
    "spectral_strongpeak": {
        "dmean": 0.658281326294,
        "dmean2": 1.13842344284,
        "dvar": 1.52605342865,
        "dvar2": 3.88362598419,
        "max": 14.2493038177,
        "mean": 1.05789518356,
        "median": 0.374347269535,
        "min": 0,
        "var": 2.30144524574
    },
    "zerocrossingrate": {
        "dmean": 0.0150369461626,
        "dmean2": 0.0146053200588,
        "dvar": 0.0005934505607,
        "dvar2": 0.000386336032534,
        "max": 0.4970703125,
        "mean": 0.0871455520391,
        "median": 0.06689453125,
        "min": 0.0185546875,
        "var": 0.00455678487197
    },
    "barkbands": {
        "dmean": [0.000165528254001, 0.00293567520566, 0.00162068335339, 0.000739067327231, 0.000714820402209, 0.000597955193371, 0.000303941284074, 0.000269654236035, 0.000671470304951, 0.000317828380503, 0.000528981792741, 0.000454087508842, 0.000382483151043, 0.00066198623972, 0.000464379874757, 0.000414308509789, 0.000380117242457, 0.000275657250313, 0.000104946673673, 8.47811606945e-05, 6.18340782239e-05, 9.74639769993e-05, 0.0001016804963, 0.000202872048249, 0.000146575679537, 0.000127313178382, 6.55674284644e-06],
        "dmean2": [0.000243277274421, 0.00503701902926, 0.00264368765056, 0.00130090641323, 0.00118032575119, 0.000922621169593, 0.000479485752294, 0.000421178963734, 0.00102054828312, 0.000500603113323, 0.000824147544336, 0.000658693606965, 0.000606866029557, 0.00101091852412, 0.000707191356923, 0.000672943831887, 0.000615813885815, 0.000411281711422, 0.000163348056958, 0.000129875566927, 9.32261536946e-05, 0.000148241146235, 0.000141860335134, 0.000265653070528, 0.00018707694835, 0.000152997163241, 1.00429460872e-05],
        "dvar": [1.05432469866e-07, 3.22188716382e-05, 1.05542894744e-05, 3.65912569578e-06, 1.91540743799e-06, 1.16526723559e-06, 4.50538749419e-07, 5.39057793958e-07, 1.27872192479e-06, 7.37805521567e-07, 3.27169937009e-06, 1.2750207361e-06, 8.25055565201e-07, 1.33417927373e-06, 8.53003996326e-07, 6.43041175863e-07, 5.38662902727e-07, 5.07953416218e-07, 3.68510661986e-08, 3.13514014749e-08, 1.45819640807e-08, 9.8464624898e-08, 8.38542035808e-08, 4.46902703288e-07, 2.39855523887e-07, 2.2433962954e-07, 9.1796181767e-10],
        "dvar2": [2.28113236744e-07, 9.21180471778e-05, 2.68390103884e-05, 1.03720049083e-05, 5.05814705321e-06, 2.28773933486e-06, 9.88912802313e-07, 1.19989124414e-06, 2.84433212983e-06, 1.60218758083e-06, 8.17775708128e-06, 2.83940630652e-06, 2.15220143218e-06, 2.92805930258e-06, 1.83427539469e-06, 1.59992816862e-06, 1.1984802768e-06, 9.97625875243e-07, 7.74969706185e-08, 7.6863628351e-08, 3.4851264985e-08, 2.22306397291e-07, 1.48118701304e-07, 6.93114884598e-07, 3.48473832901e-07, 2.8789395401e-07, 2.14935602649e-09],
        "max": [0.00476728891954, 0.0533929131925, 0.0347664542496, 0.0269692055881, 0.0157409626991, 0.0122119691223, 0.0118067599833, 0.0132850278169, 0.0160975456238, 0.0160694569349, 0.0444015227258, 0.0201818682253, 0.0145062813535, 0.0257714185864, 0.016881050542, 0.012875970453, 0.0135591849685, 0.0149039821699, 0.00384455616586, 0.00339173409157, 0.00180159159936, 0.00637246808037, 0.00557751068845, 0.0159628093243, 0.0087068406865, 0.00935852620751, 0.000553065561689],
        "mean": [0.000260370870819, 0.0039932266809, 0.00226688198745, 0.00113097997382, 0.0011082662968, 0.00139669561759, 0.000592080061324, 0.000423776480602, 0.00142525020055, 0.000505237316247, 0.00100544944871, 0.0010255019879, 0.000676389667206, 0.00131704926025, 0.000909406458959, 0.000902072293684, 0.000834867358208, 0.000534685619641, 0.000229076569667, 0.000165035977261, 0.000105751256342, 0.000167545294971, 0.000205538643058, 0.00043685422861, 0.00030024908483, 0.000260974542471, 8.2117439888e-06],
        "median": [0.000135840004077, 0.00238414434716, 0.000860065047164, 0.000369793793652, 0.000448966457043, 0.000388918677345, 0.000310821749736, 0.000137631490361, 0.000603009713814, 0.000111122448288, 0.000153100903844, 0.000321291823639, 0.000213918508962, 0.000833800295368, 0.000589848263189, 0.000642456987407, 0.000610850343946, 0.000260667613475, 0.000126292055938, 8.3606762928e-05, 3.62310529454e-05, 2.4847473469e-05, 2.73917939921e-05, 4.10316279158e-05, 2.20886431634e-05, 5.80857431487e-06, 1.35481572627e-08],
        "min": [2.81004935379e-24, 1.85452304411e-24, 1.25266804569e-23, 3.33859187953e-23, 8.43358698215e-23, 8.49559334257e-23, 6.27162595006e-23, 6.50073892484e-23, 7.9470068473e-23, 8.27930345957e-23, 4.94569150117e-23, 1.3367112986e-22, 9.50815437458e-23, 1.31852950624e-22, 1.78511574056e-22, 1.51810248002e-22, 3.05734163602e-22, 1.21460749494e-22, 3.3911206757e-22, 3.53379973882e-22, 3.67554201383e-22, 5.33979568091e-22, 5.56029808114e-22, 8.36304035047e-22, 1.12786227983e-21, 1.56371769922e-21, 2.691098837e-21],
        "var": [1.65906968164e-07, 3.2670024666e-05, 1.18729585665e-05, 3.4026618323e-06, 2.61305649474e-06, 4.89818057758e-06, 9.93074195321e-07, 9.44018609061e-07, 4.10777465731e-06, 1.94673793885e-06, 9.51901893131e-06, 6.48811464998e-06, 2.30773503063e-06, 3.67532743439e-06, 1.81357120255e-06, 1.54931524321e-06, 1.02420790427e-06, 1.63035815604e-06, 1.03117798744e-07, 7.37518561778e-08, 3.53159101962e-08, 2.87701112711e-07, 3.7468720393e-07, 2.54931524069e-06, 1.1004077578e-06, 1.00915030998e-06, 1.651958903e-09]
    },
    "erbbands": {
        "dmean": [0.0865371823311, 0.677983403206, 1.76553142071, 2.1706829071, 1.99113988876, 2.83367967606, 3.76730799675, 5.33749628067, 4.02027750015, 5.45829820633, 7.68003845215, 14.156662941, 12.0404396057, 10.7541656494, 20.5807628632, 18.1992874146, 17.7644729614, 27.8045444489, 23.5838890076, 26.3359947205, 21.1407928467, 21.1542854309, 13.2857217789, 8.73970508575, 4.42777585983, 4.01116514206, 2.70409655571, 2.61906766891, 3.36565494537, 3.5124938488, 2.92280745506, 3.8123254776, 3.49189639091, 1.34331297874, 1.32439994812, 0.737940847874, 0.197477251291, 0.0287687070668, 0.000636690761894, 2.69069350907e-05],
        "dmean2": [0.140533491969, 1.18191695213, 2.88237214088, 3.64471459389, 3.42961120605, 4.70767211914, 6.07837629318, 8.03213405609, 6.08206415176, 8.38315200806, 12.1082143784, 20.9758148193, 17.7057743073, 16.1758823395, 31.4587955475, 26.5585517883, 27.1934299469, 41.9968528748, 36.7047042847, 40.8065032959, 34.9979133606, 34.0672111511, 19.514339447, 13.5638828278, 6.73787069321, 6.08156824112, 4.08062028885, 4.17250823975, 5.10326766968, 5.15051603317, 4.11813354492, 5.03524494171, 4.60236024857, 1.74872934818, 1.6918451786, 0.894201755524, 0.229746356606, 0.0364180058241, 0.000792936712969, 3.33162570314e-05],
        "dvar": [0.023121971637, 1.85135960579, 12.4038829803, 23.2243537903, 20.2735977173, 33.8192977905, 47.5145339966, 117.418655396, 81.6761856079, 159.743377686, 363.817687988, 619.014892578, 598.966491699, 890.267333984, 3882.52099609, 2241.4699707, 1688.97888184, 3674.54882812, 3142.05981445, 1760.94250488, 1904.84558105, 1694.52514648, 1110.40527344, 415.620697021, 71.061706543, 71.489112854, 28.5429897308, 35.7702903748, 101.649795532, 130.484985352, 83.8253479004, 130.789367676, 172.890869141, 19.2774353027, 20.2924156189, 6.88967037201, 0.570002138615, 0.0148441279307, 6.78053493175e-06, 6.79889300415e-09],
        "dvar2": [0.0608892329037, 5.33577060699, 31.5206260681, 62.9895057678, 56.5279350281, 88.9170913696, 112.030715942, 227.107040405, 166.310836792, 311.928405762, 832.67779541, 1323.14648438, 1105.24987793, 1877.96728516, 8730.72558594, 4607.59082031, 4182.56738281, 8115.39355469, 6936.12548828, 3433.03051758, 5085.94873047, 3597.08642578, 1667.5390625, 949.323852539, 146.110824585, 156.478851318, 63.2234992981, 93.7341537476, 229.464294434, 287.131774902, 159.026367188, 213.479568481, 299.90145874, 28.9550228119, 30.4094390869, 9.70586204529, 0.76589769125, 0.0227700974792, 1.09042493932e-05, 8.64323634886e-09],
        "max": [1.74684035778, 12.5513458252, 38.867893219, 72.8821868896, 49.4078826904, 56.7932434082, 70.7987594604, 150.335891724, 130.048965454, 279.375091553, 275.54385376, 474.240570068, 393.630310059, 625.446716309, 1599.46081543, 941.559570312, 680.078186035, 1424.48925781, 1122.57299805, 837.23638916, 813.032958984, 843.973876953, 1020.24963379, 469.847442627, 207.934616089, 155.531021118, 107.431060791, 108.040435791, 195.904708862, 233.077255249, 196.278244019, 238.215530396, 329.43737793, 83.7650146484, 80.2237625122, 49.1676864624, 14.9590778351, 2.42414212227, 0.0523575246334, 0.00154070637655],
        "mean": [0.115240573883, 0.880977571011, 2.43536758423, 3.51557064056, 3.21095252037, 4.32369852066, 6.84539270401, 12.2469387054, 7.4912147522, 11.5360689163, 14.002532959, 29.4815597534, 23.824716568, 21.711971283, 39.8630752563, 41.4854393005, 36.3706893921, 54.818359375, 51.8741798401, 53.8622398376, 49.799495697, 48.2281227112, 32.0714607239, 18.3153934479, 9.74254322052, 8.13655757904, 5.02796554565, 4.17757463455, 5.67089223862, 6.40730142593, 5.98245382309, 7.93706512451, 7.3598947525, 2.80169892311, 2.589230299, 1.46955931187, 0.397961676121, 0.0525582320988, 0.00113647396211, 7.18382652849e-05],
        "median": [0.0599056445062, 0.473834097385, 1.06216669083, 1.62216901779, 1.40401732922, 1.68167793751, 2.52612948418, 3.18619775772, 2.78139042854, 5.83179044724, 5.50839662552, 13.0292949677, 8.64430809021, 4.86640548706, 9.53201389313, 13.2288103104, 12.9068660736, 30.9637870789, 34.914691925, 36.3184967041, 36.8377418518, 35.0956687927, 17.8293762207, 9.93463420868, 5.09707641602, 3.99959111214, 2.0580971241, 1.19105827808, 0.910517930984, 0.773413956165, 0.851953208447, 0.880816698074, 0.600861012936, 0.240280523896, 0.168795317411, 0.0502281971276, 0.00578119978309, 0.000459433736978, 2.68508483714e-05, 2.72456854873e-05],
        "min": [1.33520981231e-22, 3.1547431124e-22, 9.00032767858e-21, 9.12812934504e-20, 9.7557041672e-20, 2.8078395154e-19, 5.18022272202e-19, 8.39614688123e-19, 5.36088930756e-19, 1.68599467968e-18, 1.51211997075e-18, 1.65838018551e-18, 3.10461584086e-18, 1.82860971627e-18, 3.17224013068e-18, 4.52149578685e-18, 3.55291278448e-18, 6.26917663353e-18, 7.25008669498e-18, 1.08387965476e-17, 9.30201077481e-18, 1.47945090673e-17, 8.73501816957e-18, 9.97432332436e-18, 2.15815077953e-17, 1.57682842824e-17, 1.45719213819e-17, 1.44078798859e-17, 1.90609610831e-17, 2.15586908453e-17, 1.33784635398e-17, 1.3717892141e-17, 1.5821170902e-17, 1.12373644268e-17, 9.62236210962e-18, 4.755041961e-18, 3.45507200047e-18, 1.56960695538e-18, 3.47858011159e-19, 3.60894733042e-20],
        "var": [0.0287198610604, 1.75874531269, 13.719367981, 25.4144248962, 22.01679039, 51.4313201904, 119.872390747, 446.964813232, 184.539245605, 422.265045166, 663.852783203, 2166.6472168, 1780.05236816, 3067.77929688, 11045.7470703, 10770.4990234, 5662.13378906, 9057.1484375, 6296.3828125, 4439.88378906, 4106.515625, 3529.75097656, 5453.85693359, 831.390014648, 214.148391724, 197.19744873, 66.5408096313, 72.4081497192, 303.408294678, 471.658752441, 319.613952637, 683.416137695, 841.28125, 94.210647583, 86.5824661255, 30.6422595978, 2.4676129818, 0.0503596253693, 2.28203844017e-05, 3.32321477003e-08]
    },
    "gfcc": {
        "mean": [-8.4084405899, 86.309928894, -137.241897583, 29.5055828094, -40.6560249329, 24.415845871, -46.9469413757, 19.2828807831, -16.7203979492, 3.58394503593, -14.0297708511, -2.61873459816, -7.87093067169],
        "cov": [[12578.9609375, -1192.21240234, 703.562683105, 428.993774414, -367.501220703, 537.526977539, -270.373199463, 171.683227539, -192.443099976, 136.788223267, -237.748931885, 158.624069214, -160.858261108], [-1192.21240234, 2129.06225586, -967.665039062, 155.710449219, 268.931365967, -295.638183594, 183.7993927, -148.582641602, 181.529464722, -266.800750732, 279.468292236, -271.301269531, 319.732910156], [703.562683105, -967.665039062, 971.854614258, 103.746780396, 29.9929256439, 238.423202515, -105.453681946, 102.060119629, -94.1457748413, 125.902183533, -229.962509155, 114.02696991, -229.762680054], [428.993774414, 155.710449219, 103.746780396, 319.083770752, 56.5955886841, 28.3124961853, -22.6892242432, 1.96160793304, 69.8702316284, -24.6236858368, -4.34151315689, -28.5214004517, 18.921541214], [-367.501220703, 268.931365967, 29.9929256439, 56.5955886841, 253.362808228, 15.018450737, 66.1753616333, 12.3646335602, 7.18438053131, -20.3050498962, -1.89910304546, -45.7880706787, -13.2122116089], [537.526977539, -295.638183594, 238.423202515, 28.3124961853, 15.018450737, 243.702804565, 46.7760887146, 42.6205482483, -31.3049602509, 28.2597694397, -45.2144584656, -0.195359632373, -58.0822906494], [-270.373199463, 183.7993927, -105.453681946, -22.6892242432, 66.1753616333, 46.7760887146, 190.228546143, 9.12550067902, 15.3105211258, -18.2869510651, 23.8154907227, -44.8151435852, 6.68431997299], [171.683227539, -148.582641602, 102.060119629, 1.96160793304, 12.3646335602, 42.6205482483, 9.12550067902, 126.667243958, -6.94931936264, 36.1536865234, -28.1451835632, 12.2372894287, -19.5345630646], [-192.443099976, 181.529464722, -94.1457748413, 69.8702316284, 7.18438053131, -31.3049602509, 15.3105211258, -6.94931936264, 146.506759644, -12.8483867645, 53.0354232788, -18.2079982758, 64.9774398804], [136.788223267, -266.800750732, 125.902183533, -24.6236858368, -20.3050498962, 28.2597694397, -18.2869510651, 36.1536865234, -12.8483867645, 108.394752502, -17.6253318787, 59.0294494629, -45.6511116028], [-237.748931885, 279.468292236, -229.962509155, -4.34151315689, -1.89910304546, -45.2144584656, 23.8154907227, -28.1451835632, 53.0354232788, -17.6253318787, 149.601165771, -3.79049777985, 92.2348098755], [158.624069214, -271.301269531, 114.02696991, -28.5214004517, -45.7880706787, -0.195359632373, -44.8151435852, 12.2372894287, -18.2079982758, 59.0294494629, -3.79049777985, 131.965652466, -14.9722824097], [-160.858261108, 319.732910156, -229.762680054, 18.921541214, -13.2122116089, -58.0822906494, 6.68431997299, -19.5345630646, 64.9774398804, -45.6511116028, 92.2348098755, -14.9722824097, 142.263977051]],
        "icov": [[0.000109435488412, -3.07777918351e-05, 9.2404850875e-05, -0.000204542593565, 0.000177042573341, -0.000306023197481, 0.00016182368563, -0.000105726539914, 0.000149199986481, -5.67285896977e-05, 0.000139175986988, -0.000137768511195, 4.76535096823e-05], [-3.07777918351e-05, 0.00234274752438, 0.000829829019494, -0.000884414301254, -0.00196645292453, 0.00155824504327, -0.000882287102286, 0.000742523581721, 0.000219472654862, 0.00135861511808, -0.00109084963333, 0.00206268229522, -0.00198518042453], [9.2404850875e-05, 0.000829829019494, 0.00401880173013, -0.0014883853728, -0.00134983845055, -0.00215556635521, 0.0016259632539, -0.000576369289774, -0.000235487779719, -0.000115132126666, 0.0024453480728, -0.00174119847361, 0.00206897780299], [-0.000204542593565, -0.000884414301254, -0.0014883853728, 0.0051372856833, -0.000376664771466, -0.000360478617949, 0.00091473950306, 0.000101815938251, -0.00256868381985, 0.000539577391464, 4.63680626126e-05, 0.000378479686333, -0.00018569349777], [0.000177042573341, -0.00196645292453, -0.00134983845055, -0.000376664771466, 0.00689417077228, -0.000749525323045, -0.00108498136979, -0.00118674046826, 0.000417754083173, -0.000647821347229, 7.66737284721e-05, -0.000436817208538, 0.00221767718904], [-0.000306023197481, 0.00155824504327, -0.00215556635521, -0.000360478617949, -0.000749525323045, 0.00875154323876, -0.00393175566569, 0.000109323023935, 0.000967963424046, 0.000636769109406, -0.00247599370778, 0.00333007168956, -0.00186040066183], [0.00016182368563, -0.000882287102286, 0.0016259632539, 0.00091473950306, -0.00108498136979, -0.00393175566569, 0.00860798172653, -0.00126234837808, -0.00117926928215, -0.000169371458469, 0.000438364309957, -0.000342565181199, 0.00255045923404], [-0.000105726539914, 0.000742523581721, -0.000576369289774, 0.000101815938251, -0.00118674046826, 0.000109323023935, -0.00126234837808, 0.0100634051487, 5.27857855559e-06, -0.0029913529288, 0.00115416862536, 0.0014412375167, -0.00291609973647], [0.000149199986481, 0.000219472654862, -0.000235487779719, -0.00256868381985, 0.000417754083173, 0.000967963424046, -0.00117926928215, 5.27857855559e-06, 0.0105327693745, -0.00186708359979, -0.0014601489529, 0.00143725925591, -0.0041850367561], [-5.67285896977e-05, 0.00135861511808, -0.000115132126666, 0.000539577391464, -0.000647821347229, 0.000636769109406, -0.000169371458469, -0.0029913529288, -0.00186708359979, 0.0171010959893, -0.00331904180348, -0.00442430283874, 0.00444830022752], [0.000139175986988, -0.00109084963333, 0.0024453480728, 4.63680626126e-05, 7.66737284721e-05, -0.00247599370778, 0.000438364309957, 0.00115416862536, -0.0014601489529, -0.00331904180348, 0.0151593526825, -0.00328377098776, -0.00488576712087], [-0.000137768511195, 0.00206268229522, -0.00174119847361, 0.000378479686333, -0.000436817208538, 0.00333007168956, -0.000342565181199, 0.0014412375167, 0.00143725925591, -0.00442430283874, -0.00328377098776, 0.014744178392, -0.00451648840681], [4.76535096823e-05, -0.00198518042453, 0.00206897780299, -0.00018569349777, 0.00221767718904, -0.00186040066183, 0.00255045923404, -0.00291609973647, -0.0041850367561, 0.00444830022752, -0.00488576712087, -0.00451648840681, 0.0198682080954]]
    },
    "melbands": {
        "dmean": [0.000784814532381, 0.000863358436618, 0.000364323932445, 0.0001572661713, 0.000131704553496, 0.000115629249194, 6.12387811998e-05, 5.770907228e-05, 7.61339542805e-05, 8.90335941222e-05, 6.08604823356e-05, 4.37388953287e-05, 7.92521459516e-05, 5.07160621055e-05, 6.01320207352e-05, 3.92206420656e-05, 5.7002511312e-05, 4.60774899693e-05, 3.23109743476e-05, 3.44091640727e-05, 2.71457756753e-05, 2.55433096754e-05, 1.60296895046e-05, 1.61613679666e-05, 7.00551072441e-06, 4.16924012825e-06, 2.8361519071e-06, 2.91890319204e-06, 2.01374382414e-06, 1.3849522702e-06, 1.68171447967e-06, 1.87573948551e-06, 2.35388642977e-06, 1.98738575818e-06, 1.76410458153e-06, 1.96013979803e-06, 2.69436873168e-06, 2.88738988274e-06, 1.70571888702e-06, 1.06650861653e-06],
        "dmean2": [0.00131723051891, 0.00140267983079, 0.000608984671999, 0.000266075978288, 0.000212087266846, 0.000174781220267, 9.31484682951e-05, 8.8574255642e-05, 0.000119283082313, 0.000131644366775, 9.03583422769e-05, 6.74349284964e-05, 0.00012320150563, 7.01364915585e-05, 8.84715627762e-05, 6.11983268755e-05, 8.63228851813e-05, 7.22916447558e-05, 4.94624946441e-05, 5.43927999388e-05, 4.49873878097e-05, 4.15591493947e-05, 2.51144883805e-05, 2.49281674769e-05, 1.11813806143e-05, 6.57045347907e-06, 4.32384013038e-06, 4.45687146566e-06, 3.16871000905e-06, 2.07841753763e-06, 2.69820247922e-06, 2.85969099423e-06, 3.6587653085e-06, 2.94113897326e-06, 2.62771322923e-06, 2.9154934964e-06, 3.54974940819e-06, 3.83895940104e-06, 2.37058225139e-06, 1.42361068356e-06],
        "dvar": [2.15712771023e-06, 2.81937855107e-06, 6.557912684e-07, 9.64705222373e-08, 5.80248986637e-08, 4.92044236466e-08, 1.68839111581e-08, 1.72553917821e-08, 3.12283674475e-08, 2.30776784349e-08, 1.54682613385e-08, 1.52363917039e-08, 6.90765702416e-08, 1.81998291993e-08, 2.19821227887e-08, 1.02764463605e-08, 1.3365196061e-08, 1.02148627334e-08, 2.82036505261e-09, 3.88027077136e-09, 2.96264524025e-09, 2.95565372177e-09, 1.20801912917e-09, 1.99860350492e-09, 2.55903548352e-10, 6.87351495166e-11, 2.97196919852e-11, 4.29470140006e-11, 1.72393366943e-11, 7.03572096417e-12, 1.63582394158e-11, 2.66949032324e-11, 7.54160414673e-11, 3.94389694514e-11, 3.51001033794e-11, 2.68958744165e-11, 7.5308606573e-11, 1.20710538787e-10, 3.52764518985e-11, 1.23942410155e-11],
        "dvar2": [6.03901571594e-06, 7.2872239798e-06, 1.76443882083e-06, 2.58904066186e-07, 1.43206932535e-07, 9.44597573493e-08, 3.4512101621e-08, 3.41819621497e-08, 7.45940340607e-08, 4.76808104111e-08, 2.89784480856e-08, 3.08365351032e-08, 1.65553899478e-07, 3.14350607766e-08, 4.70938346098e-08, 2.56471555105e-08, 2.9856504824e-08, 2.22776019854e-08, 5.42094591438e-09, 8.48106296303e-09, 7.83740450316e-09, 6.87998991111e-09, 2.58315235868e-09, 3.71088848539e-09, 6.24182427966e-10, 1.51171131169e-10, 6.46681111438e-11, 9.6227165125e-11, 4.13464644466e-11, 1.50917577046e-11, 4.44207552686e-11, 6.04930480708e-11, 1.82079185063e-10, 8.63753651936e-11, 7.16545017765e-11, 5.65403834862e-11, 1.22578308615e-10, 2.13077402944e-10, 6.79994602293e-11, 2.0723740432e-11],
        "max": [0.0153576042503, 0.0194844678044, 0.0118366731331, 0.00356162828393, 0.00284814694896, 0.00295438244939, 0.00186088471673, 0.00249024387449, 0.00244349776767, 0.0026281371247, 0.00195544725284, 0.00232909549959, 0.00711354333907, 0.00255011767149, 0.0031079929322, 0.00209058122709, 0.00244451570325, 0.00211414718069, 0.000823260692414, 0.00116399151739, 0.00107345753349, 0.00110615696758, 0.000820420507807, 0.00094714993611, 0.000332102616085, 0.000165002784343, 0.000114623187983, 0.000122661600471, 8.38126288727e-05, 4.77212051919e-05, 7.17937291483e-05, 0.000100631761597, 0.000179510607268, 0.000142707445775, 0.000122014782391, 8.16264437162e-05, 0.00019812953542, 0.000255892402492, 0.000111726600153, 6.32941155345e-05],
        "mean": [0.00106616469566, 0.0012932238169, 0.000624509702902, 0.000254614104051, 0.000237505169935, 0.000272513309028, 0.00011705263023, 0.000117035313451, 0.00013996065536, 0.000186044242582, 0.000115968992759, 8.0293029896e-05, 0.000151248983457, 9.93350331555e-05, 0.000116905328468, 6.86482962919e-05, 0.000106569692434, 9.20738457353e-05, 6.37625271338e-05, 6.69884029776e-05, 5.58622596145e-05, 5.21064466739e-05, 3.31728369929e-05, 2.89638246613e-05, 1.30114449348e-05, 8.48215040605e-06, 5.52399569642e-06, 5.30145689481e-06, 3.42782095686e-06, 2.27116288443e-06, 2.410474508e-06, 2.95082122648e-06, 3.70567749997e-06, 3.51259041054e-06, 3.3811643334e-06, 3.52621054844e-06, 5.47806121176e-06, 5.7587021729e-06, 3.31757223648e-06, 2.05013725463e-06],
        "median": [0.000630774709862, 0.000648244516924, 0.000306370086037, 0.000115709590318, 9.07001303858e-05, 7.48592501623e-05, 4.94793639518e-05, 5.78210856474e-05, 5.35014441994e-05, 8.16822357592e-05, 3.71068745153e-05, 1.5984998754e-05, 2.98652284982e-05, 2.5439361707e-05, 3.48791436409e-05, 2.58307500189e-05, 6.3136962126e-05, 5.70298361708e-05, 3.97819239879e-05, 4.37980597781e-05, 4.13867928728e-05, 3.7746365706e-05, 2.16228563659e-05, 1.22422443383e-05, 7.07268873157e-06, 4.14701298723e-06, 2.6540772069e-06, 2.50382458944e-06, 1.27967098251e-06, 8.12330313238e-07, 6.04520437264e-07, 5.2168405773e-07, 4.06935271258e-07, 3.79739162781e-07, 4.18277636527e-07, 5.84223073474e-07, 4.97305791214e-07, 4.29434948046e-07, 2.89720958335e-07, 1.61270889976e-07],
        "min": [1.13882602962e-24, 3.06074363023e-24, 1.43941587664e-23, 1.1397806302e-23, 1.97348086259e-23, 1.76531956014e-23, 9.93255554625e-24, 1.71068526265e-23, 1.28121581744e-23, 1.06773380595e-23, 1.56387256839e-23, 7.31325571757e-24, 7.83561968748e-24, 1.72205337938e-23, 6.30468521733e-24, 1.13399047004e-23, 1.15429330427e-23, 1.1060800979e-23, 1.47632604731e-23, 1.42192998581e-23, 1.08672697331e-23, 1.62529454065e-23, 1.29279542778e-23, 4.7974938827e-24, 7.92971028309e-24, 1.43617444718e-23, 1.56959133664e-23, 8.81525871402e-24, 8.97841802619e-24, 9.10782276908e-24, 7.61613807327e-24, 1.03647479815e-23, 1.23771155847e-23, 1.23432347977e-23, 7.71672257185e-24, 7.45151069096e-24, 8.19009749069e-24, 1.11414375518e-23, 9.36736274007e-24, 9.31784988535e-24],
        "var": [2.34970480051e-06, 3.28428427565e-06, 7.55000542085e-07, 1.28597164917e-07, 1.19966657053e-07, 2.02109873726e-07, 3.87488903186e-08, 4.42725642813e-08, 6.17057622776e-08, 7.75664688035e-08, 4.70224428284e-08, 4.79276600629e-08, 2.05809527642e-07, 6.78398279774e-08, 8.77428121271e-08, 2.19279030489e-08, 3.17976507347e-08, 2.04481569455e-08, 7.44319050838e-09, 9.79722969419e-09, 5.09360020828e-09, 4.70410865816e-09, 3.02274472119e-09, 5.8915290424e-09, 4.03030081531e-10, 1.86689663728e-10, 7.54174223072e-11, 9.7572352975e-11, 3.3653503595e-11, 1.70971171248e-11, 2.85578279774e-11, 7.61973192875e-11, 1.82583420605e-10, 1.44816825198e-10, 1.14244523564e-10, 9.54086323834e-11, 3.781442659e-10, 5.43747824544e-10, 1.53624127308e-10, 5.00380362145e-11]
    },
    "mfcc": {
        "mean": [-642.449279785, 115.436698914, -24.3405838013, 11.7398023605, 24.015619278, 3.33575177193, -2.25100421906, 6.15891122818, 3.4814479351, 7.49726009369, 0.778693079948, 4.91730308533, -3.35826921463],
        "cov": [[8347.34179688, -168.509429932, 344.868896484, 72.595703125, 167.859817505, 139.0262146, 50.3166618347, 103.922431946, 18.6658535004, 85.8673858643, -57.3853340149, 5.80657482147, 15.8849802017], [-168.509429932, 1460.52612305, -713.036010742, 247.943527222, 31.4508972168, -83.8499450684, 56.6499252319, -14.7083206177, 10.9739513397, 12.2946662903, -26.1710853577, -30.6635131836, -42.4023323059], [344.868896484, -713.036010742, 707.571899414, -57.8907203674, 123.30065155, 124.047431946, -8.45357322693, 45.0772972107, 41.2752876282, -3.09316682816, 29.9053707123, 10.5297899246, 14.3065423965], [72.595703125, 247.943527222, -57.8907203674, 282.969696045, 91.6830444336, 5.9991736412, -31.8857975006, 11.6854867935, 26.6067352295, -9.44482135773, 16.7426357269, 9.00280380249, -12.4453029633], [167.859817505, 31.4508972168, 123.30065155, 91.6830444336, 220.52835083, 40.7132797241, 8.17800235748, 25.3941192627, 29.1583366394, 18.9463500977, 0.1515121907, 10.1831264496, -15.4812545776], [139.0262146, -83.8499450684, 124.047431946, 5.9991736412, 40.7132797241, 166.652770996, 46.2957229614, 37.1309814453, 23.1556034088, 13.3108205795, 24.9014987946, -3.13605880737, 14.6778736115], [50.3166618347, 56.6499252319, -8.45357322693, -31.8857975006, 8.17800235748, 46.2957229614, 179.312652588, 41.815612793, 22.3855190277, 43.8700942993, -6.86477851868, 3.57979154587, 9.59778785706], [103.922431946, -14.7083206177, 45.0772972107, 11.6854867935, 25.3941192627, 37.1309814453, 41.815612793, 86.9185409546, 33.2288017273, 22.1984062195, 1.74640500546, 2.43644285202, 4.89327669144], [18.6658535004, 10.9739513397, 41.2752876282, 26.6067352295, 29.1583366394, 23.1556034088, 22.3855190277, 33.2288017273, 103.140769958, 29.10795784, 22.8947143555, -2.18621230125, -3.51723527908], [85.8673858643, 12.2946662903, -3.09316682816, -9.44482135773, 18.9463500977, 13.3108205795, 43.8700942993, 22.1984062195, 29.10795784, 91.8422698975, 11.8220272064, 1.98401260376, -6.05988693237], [-57.3853340149, -26.1710853577, 29.9053707123, 16.7426357269, 0.1515121907, 24.9014987946, -6.86477851868, 1.74640500546, 22.8947143555, 11.8220272064, 75.3014755249, 16.0922336578, 11.0259399414], [5.80657482147, -30.6635131836, 10.5297899246, 9.00280380249, 10.1831264496, -3.13605880737, 3.57979154587, 2.43644285202, -2.18621230125, 1.98401260376, 16.0922336578, 57.1506385803, 13.6043119431], [15.8849802017, -42.4023323059, 14.3065423965, -12.4453029633, -15.4812545776, 14.6778736115, 9.59778785706, 4.89327669144, -3.51723527908, -6.05988693237, 11.0259399414, 13.6043119431, 61.823589325]],
