{
"lowlevel": {
    "average_loudness": 0.86372423172,
    "barkbands_crest": {
        "dmean": 1.84570980072,
        "dmean2": 3.00203919411,
        "dvar": 2.87041759491,
        "dvar2": 7.01594352722,
        "max": 20.782623291,
        "mean": 9.15539360046,
        "median": 8.45676136017,
        "min": 3.41797423363,
        "var": 11.4986524582
    },
    "barkbands_flatness_db": {
        "dmean": 0.0191725045443,
        "dmean2": 0.0278276614845,
        "dvar": 0.00030892380164,
        "dvar2": 0.000593715813011,
        "max": 0.403924971819,
        "mean": 0.229677587748,
        "median": 0.228714317083,
        "min": 0.0414543673396,
        "var": 0.00344493915327
    },
    "barkbands_kurtosis": {
        "dmean": 1.76683986187,
        "dmean2": 2.79890155792,
        "dvar": 7.15126943588,
        "dvar2": 17.0541992188,
        "max": 40.5011329651,
        "mean": 3.35539674759,
        "median": 1.1811580658,
        "min": -1.79123234749,
        "var": 31.1719017029
    },
    "barkbands_skewness": {
        "dmean": 0.398694455624,
        "dmean2": 0.61015689373,
        "dvar": 0.140018180013,
        "dvar2": 0.338732898235,
        "max": 4.61359024048,
        "mean": 1.29006242752,
        "median": 1.16725230217,
        "min": -1.42387139797,
        "var": 0.664216697216
    },
    "barkbands_spread": {
        "dmean": 3.02275586128,
        "dmean2": 4.54576969147,
        "dvar": 17.7688617706,
        "dvar2": 33.7430458069,
        "max": 63.9565811157,
        "mean": 13.1393985748,
        "median": 12.0529403687,
        "min": 1.19688439369,
        "var": 80.8133392334
    },
    "dissonance": {
        "dmean": 0.0243217591196,
        "dmean2": 0.0391281619668,
        "dvar": 0.000514528015628,
        "dvar2": 0.00123809545767,
        "max": 0.497410982847,
        "mean": 0.437145739794,
        "median": 0.44576254487,
        "min": 0.210247397423,
        "var": 0.00171894184314
    },
    "dynamic_complexity": 4.50883197784,
    "erbbands_crest": {
        "dmean": 2.06949830055,
        "dmean2": 3.32319808006,
        "dvar": 3.60343551636,
        "dvar2": 9.39300060272,
        "max": 20.6688289642,
        "mean": 9.02251625061,
        "median": 8.55611801147,
        "min": 3.58690261841,
        "var": 8.74349594116
    },
    "erbbands_flatness_db": {
        "dmean": 0.013914170675,
        "dmean2": 0.0188985224813,
        "dvar": 0.000167095640791,
        "dvar2": 0.000287306786049,
        "max": 0.361030191183,
        "mean": 0.264839500189,
        "median": 0.26872125268,
        "min": 0.12086571008,
        "var": 0.00188855465967
    },
    "erbbands_kurtosis": {
        "dmean": 0.840165615082,
        "dmean2": 1.28102946281,
        "dvar": 1.42393708229,
        "dvar2": 3.04967045784,
        "max": 28.6020622253,
        "mean": 0.693951785564,
        "median": -0.178064107895,
        "min": -1.6486055851,
        "var": 6.63053846359
    },
    "erbbands_skewness": {
        "dmean": 0.308233380318,
        "dmean2": 0.470232546329,
        "dvar": 0.0899271592498,
        "dvar2": 0.207255661488,
        "max": 4.72304439545,
        "mean": 0.518225550652,
        "median": 0.360194653273,
        "min": -1.93390011787,
        "var": 0.572435975075
    },
    "erbbands_spread": {
        "dmean": 5.14373493195,
        "dmean2": 7.72556257248,
        "dvar": 36.2549476624,
        "dvar2": 82.9660415649,
        "max": 73.0729446411,
        "mean": 25.3919200897,
        "median": 24.1437091827,
        "min": 3.87424707413,
        "var": 135.157089233
    },
    "hfc": {
        "dmean": 3.92895770073,
        "dmean2": 5.3831486702,
        "dvar": 76.9125900269,
        "dvar2": 149.398269653,
        "max": 161.854156494,
        "mean": 12.7078638077,
        "median": 8.15672111511,
        "min": 0.0364489965141,
        "var": 250.918762207
    },
    "melbands_crest": {
        "dmean": 2.32501339912,
        "dmean2": 3.82298445702,
        "dvar": 4.93003082275,
        "dvar2": 12.6210927963,
        "max": 25.2127513885,
        "mean": 11.5002260208,
        "median": 10.7141370773,
        "min": 3.71443319321,
        "var": 17.3769645691
    },
    "melbands_flatness_db": {
        "dmean": 0.022490253672,
        "dmean2": 0.0303480830044,
        "dvar": 0.000516276573762,
        "dvar2": 0.000858498446178,
        "max": 0.49722674489,
        "mean": 0.259711503983,
        "median": 0.258664876223,
        "min": 0.0384814068675,
        "var": 0.00786811020225
    },
    "melbands_kurtosis": {
        "dmean": 2.69919610023,
        "dmean2": 4.21678829193,
        "dvar": 12.1339616776,
        "dvar2": 29.99842453,
        "max": 54.0439720154,
        "mean": 6.0165348053,
        "median": 4.05466938019,
        "min": -1.60900080204,
        "var": 41.3215446472
    },
    "melbands_skewness": {
        "dmean": 0.434567928314,
        "dmean2": 0.661776721478,
        "dvar": 0.16049066186,
        "dvar2": 0.398858010769,
        "max": 4.9850525856,
        "mean": 1.79129183292,
        "median": 1.69315803051,
        "min": -0.255351930857,
        "var": 0.653035163879
    },
    "melbands_spread": {
        "dmean": 4.76707792282,
        "dmean2": 7.03701972961,
        "dvar": 56.375453949,
        "dvar2": 96.6553649902,
        "max": 114.314819336,
        "mean": 18.1622829437,
        "median": 16.5199165344,
        "min": 1.88086950779,
        "var": 220.393478394
    },
    "pitch_salience": {
        "dmean": 0.049772568047,
        "dmean2": 0.078577503562,
        "dvar": 0.00173087220173,
        "dvar2": 0.00436073495075,
        "max": 0.860672295094,
        "mean": 0.630586802959,
        "median": 0.637873649597,
        "min": 0.261724829674,
        "var": 0.00651446543634
    },
    "silence_rate_20dB": {
        "dmean": 0,
        "dmean2": 0,
        "dvar": 0,
        "dvar2": 0,
        "max": 1,
        "mean": 1,
        "median": 1,
        "min": 1,
        "var": 0
    },
    "silence_rate_30dB": {
        "dmean": 0,
        "dmean2": 0,
        "dvar": 0,
        "dvar2": 0,
        "max": 1,
        "mean": 1,
        "median": 1,
        "min": 1,
        "var": 0
    },
    "silence_rate_60dB": {
        "dmean": 0.0202177297324,
        "dmean2": 0.0396887175739,
        "dvar": 0.0198085401207,
        "dvar2": 0.0427830256522,
        "max": 1,
        "mean": 0.210567206144,
        "median": 0,
        "min": 0,
        "var": 0.166231304407
    },
    "spectral_centroid": {
        "dmean": 193.365859985,
        "dmean2": 279.381225586,
        "dvar": 68748.7109375,
        "dvar2": 122058.5,
        "max": 3763.69897461,
        "mean": 975.292236328,
        "median": 891.943847656,
        "min": 247.297180176,
        "var": 341259.5
    },
    "spectral_complexity": {
        "dmean": 2.45412135124,
        "dmean2": 3.60077810287,
        "dvar": 8.81861114502,
        "dvar2": 15.5052022934,
        "max": 49,
        "mean": 15.4483289719,
        "median": 15,
        "min": 0,
        "var": 82.0920639038
    },
    "spectral_decrease": {
        "dmean": 1.0535818884e-09,
        "dmean2": 1.51973500451e-09,
        "dvar": 3.06763921312e-18,
        "dvar2": 6.51180194208e-18,
        "max": -2.2461588145e-11,
        "mean": -3.71491237772e-09,
        "median": -2.75065903388e-09,
        "min": -2.9581881833e-08,
        "var": 1.31563266678e-17
    },
    "spectral_energy": {
        "dmean": 0.00425840588287,
        "dmean2": 0.00614395970479,
        "dvar": 4.98786066601e-05,
        "dvar2": 0.000104935752461,
        "max": 0.119297996163,
        "mean": 0.0151735972613,
        "median": 0.0112280193716,
        "min": 8.808124403e-05,
        "var": 0.000218253684579
    },
    "spectral_energyband_high": {
        "dmean": 0.000255254213698,
        "dmean2": 0.000354301912012,
        "dvar": 1.03458921785e-06,
        "dvar2": 2.27521513807e-06,
        "max": 0.0210996177047,
        "mean": 0.000385967461625,
        "median": 4.40455114585e-05,
        "min": 9.14571245403e-08,
        "var": 1.80861559329e-06
    },
    "spectral_energyband_low": {
        "dmean": 0.000294872646919,
        "dmean2": 0.000506826676428,
        "dvar": 1.67067653933e-07,
        "dvar2": 4.80185121887e-07,
        "max": 0.00464684190229,
        "mean": 0.000573729979806,
        "median": 0.000394254544517,
        "min": 3.77524179385e-06,
        "var": 3.67252397382e-07
    },
    "spectral_energyband_middle_high": {
        "dmean": 0.00133593135979,
        "dmean2": 0.00184630043805,
        "dvar": 5.12575206812e-06,
        "dvar2": 1.0309661775e-05,
        "max": 0.0418407730758,
        "mean": 0.00433216337115,
        "median": 0.00344558991492,
        "min": 1.22196627217e-06,
        "var": 2.14122501347e-05
    },
    "spectral_energyband_middle_low": {
        "dmean": 0.00354806473479,
        "dmean2": 0.00526873860508,
        "dvar": 3.86951433029e-05,
        "dvar2": 8.65738184075e-05,
        "max": 0.092899248004,
        "mean": 0.0103754140437,
        "median": 0.00673190085217,
        "min": 3.91712455894e-05,
        "var": 0.000125074526295
    },
    "spectral_entropy": {
        "dmean": 0.177346438169,
        "dmean2": 0.233904927969,
        "dvar": 0.0386617034674,
        "dvar2": 0.0678555890918,
        "max": 8.85835456848,
        "mean": 6.9313325882,
        "median": 6.98904085159,
        "min": 5.2175693512,
        "var": 0.350667595863
    },
    "spectral_flux": {
        "dmean": 0.0123280733824,
        "dmean2": 0.0190362799913,
        "dvar": 0.000234107559663,
        "dvar2": 0.000494260224514,
        "max": 0.20560669899,
        "mean": 0.0503143854439,
        "median": 0.0442721135914,
        "min": 0.00199183775112,
        "var": 0.00128296320327
    },
    "spectral_kurtosis": {
        "dmean": 6.50613069534,
        "dmean2": 11.1359958649,
        "dvar": 60.5876083374,
        "dvar2": 169.305099487,
        "max": 90.5237350464,
        "mean": 10.9474458694,
        "median": 6.72656917572,
        "min": -1.04299235344,
        "var": 154.54826355
    },
    "spectral_rms": {
        "dmean": 0.000460637762444,
        "dmean2": 0.000658289063722,
        "dvar": 3.53425633648e-07,
        "dvar2": 7.01709325313e-07,
        "max": 0.0107883401215,
        "mean": 0.00340607995167,
        "median": 0.00330970762298,
        "min": 0.000293143180897,
        "var": 3.20210529026e-06
    },
    "spectral_rolloff": {
        "dmean": 306.136016846,
        "dmean2": 497.66003418,
        "dvar": 322380.96875,
        "dvar2": 591841.625,
        "max": 8333.34960938,
        "mean": 1241.56164551,
        "median": 990.52734375,
        "min": 236.865234375,
        "var": 1007431.9375
    },
    "spectral_skewness": {
        "dmean": 0.576831936836,
        "dmean2": 0.935436606407,
        "dvar": 0.347050011158,
        "dvar2": 0.910137832165,
        "max": 7.61900901794,
        "mean": 1.98191952705,
        "median": 1.68712031841,
        "min": -0.195743843913,
        "var": 1.32213675976
    },
    "spectral_spread": {
        "dmean": 338995.25,
        "dmean2": 483820.5625,
        "dvar": 347290107904,
        "dvar2": 280201363456,
        "max": 26688380,
        "mean": 2520902.25,
        "median": 2331762,
        "min": 828384.25,
        "var": 1.31215838413e+12
    },
    "spectral_strongpeak": {
        "dmean": 0.39712023735,
        "dmean2": 0.650889992714,
        "dvar": 0.282623320818,
        "dvar2": 0.703170001507,
        "max": 5.08598804474,
        "mean": 0.866468906403,
        "median": 0.589055001736,
        "min": 0.00768172135577,
        "var": 0.595709979534
    },
    "zerocrossingrate": {
        "dmean": 0.00626108702272,
        "dmean2": 0.00699895108119,
        "dvar": 9.36314172577e-05,
        "dvar2": 9.02475294424e-05,
        "max": 0.2158203125,
        "mean": 0.0439536608756,
        "median": 0.04150390625,
        "min": 0.0078125,
        "var": 0.000730185303837
    },
    "barkbands": {
        "dmean": [5.04661613832e-07, 4.48509563284e-05, 0.000165288467542, 0.000295079924399, 0.0013593561016, 0.0017122249119, 0.000968265580013, 0.000561203167308, 0.000250495650107, 0.000435658876086, 0.000648217333946, 0.00026068824809, 7.37341761123e-05, 9.66440493357e-05, 0.000255249353359, 0.000176722620381, 0.000181498486199, 0.000159449860803, 0.000154865527293, 0.000160657582455, 7.45646320865e-05, 4.04111451644e-05, 1.93483501789e-05, 2.99553230434e-05, 6.49629237159e-06, 6.46830589091e-09, 2.52547716073e-09],
        "dmean2": [8.70471353664e-07, 7.66582234064e-05, 0.000286036345642, 0.000492642226163, 0.00218088622205, 0.00262142345309, 0.00149703095667, 0.000842117122374, 0.000409381900681, 0.000657603610307, 0.000932525726967, 0.00038640195271, 0.000113330344902, 0.0001504203683, 0.000404702790547, 0.000269623415079, 0.000268977048108, 0.000243832808337, 0.000251142395427, 0.000248244847171, 0.000106599043647, 5.8349873143e-05, 2.66798251687e-05, 4.25638754677e-05, 9.18211935641e-06, 9.83626424755e-09, 4.20962553704e-09],
        "dvar": [9.70444319522e-13, 9.7032266666e-09, 5.9872839131e-08, 3.36449119231e-07, 5.30677652932e-06, 1.47654036482e-05, 4.17382307205e-06, 3.03456931761e-06, 8.41834832954e-07, 3.66308199773e-07, 1.08414496935e-06, 1.67295510778e-07, 4.34759641621e-08, 7.59759473112e-08, 2.69489191851e-07, 1.34494001713e-07, 1.50696777723e-07, 3.04815472418e-07, 7.41500684853e-07, 5.31262969616e-07, 9.68309876725e-08, 1.83891195604e-08, 6.72165034743e-09, 1.86914164146e-08, 8.13528966415e-10, 2.37357774765e-15, 2.13940193686e-15],
        "dvar2": [2.43168831425e-12, 2.77597713705e-08, 1.77441748406e-07, 8.67234177804e-07, 1.25742835735e-05, 3.33733005391e-05, 9.55741506914e-06, 6.82590507495e-06, 2.14788110497e-06, 8.70203507475e-07, 2.17970659833e-06, 3.35647001748e-07, 1.03424959264e-07, 1.84344600029e-07, 6.69205917347e-07, 3.05572513071e-07, 3.0714136301e-07, 6.57000214233e-07, 2.01466218641e-06, 1.27621046886e-06, 2.11003424511e-07, 3.68315689059e-08, 1.47851535459e-08, 3.23216937659e-08, 1.62477242771e-09, 6.05340862546e-15, 5.59015910683e-15],
        "max": [1.08611347969e-05, 0.00150631461293, 0.00311016989872, 0.00817945040762, 0.0370814837515, 0.0638323575258, 0.0297245699912, 0.0465219281614, 0.0175135396421, 0.0077751702629, 0.0154718551785, 0.00947469938546, 0.00352271739393, 0.00415446190163, 0.00871691852808, 0.00519819045439, 0.00842991657555, 0.0110862758011, 0.0164921227843, 0.0117619661614, 0.00653488049284, 0.00255263806321, 0.00166167353746, 0.00328304199502, 0.000719053670764, 1.28742101424e-06, 1.36006394769e-06],
        "mean": [4.67188698394e-07, 9.1366484412e-05, 0.000290843861876, 0.000462773343315, 0.00321601610631, 0.00295227812603, 0.00179637456313, 0.000962317513768, 0.000381660996936, 0.000951072725002, 0.00125020882115, 0.000500921683852, 0.000128445317387, 0.000173389926204, 0.000395054201363, 0.000400913442718, 0.000345716864103, 0.000228632678045, 0.000186083459994, 0.000196750785108, 0.000112013687612, 6.7328386649e-05, 2.88158680632e-05, 4.58438589703e-05, 8.28743759484e-06, 6.97571778119e-09, 1.9646084759e-09],
        "median": [1.73721218744e-07, 2.54152237176e-05, 0.000181317649549, 0.000203260628041, 0.00194351258688, 0.00129962561186, 0.00087378610624, 0.000419995514676, 0.000120980657812, 0.000584561552387, 0.00063754763687, 0.00027763666003, 4.44542893092e-05, 7.31896579964e-05, 0.000195045009605, 0.000209312755032, 0.000172445288626, 4.1155188228e-05, 3.27683301293e-05, 2.37939548242e-05, 1.53581495397e-05, 2.85014925794e-06, 2.19377895405e-07, 1.38969738828e-07, 1.01440447153e-08, 3.52805978876e-10, 1.70882363815e-10],
        "min": [5.46934830759e-10, 7.00950195665e-08, 4.53130546418e-08, 5.60858666177e-07, 3.62366563422e-06, 1.25386522996e-05, 4.81537472297e-06, 7.03160139892e-07, 9.10193477921e-07, 2.99438028151e-07, 1.87718995903e-07, 3.26810152274e-08, 6.79145806259e-09, 1.57291002445e-09, 2.20978026988e-08, 1.06066835315e-08, 1.48825023416e-08, 1.26185835114e-08, 1.90057853899e-08, 2.88590165098e-08, 2.36628689976e-08, 1.33110891198e-08, 4.13717143877e-10, 2.74436517955e-09, 6.03527297582e-11, 2.53654423854e-11, 3.36986792637e-11],
        "var": [8.48828277632e-13, 2.17113900192e-08, 1.1925084209e-07, 6.25234804374e-07, 1.50476562339e-05, 2.49256245297e-05, 8.92532443686e-06, 4.91949958814e-06, 1.30288913169e-06, 1.25111398575e-06, 3.32500439981e-06, 5.03901503635e-07, 1.00383566348e-07, 1.51222565137e-07, 4.19321281697e-07, 3.56220283493e-07, 3.84558347832e-07, 4.47204257625e-07, 7.78612559316e-07, 6.60255807361e-07, 1.86007198977e-07, 4.36832259254e-08, 1.06354525187e-08, 3.92876131627e-08, 1.56000212748e-09, 2.07545603154e-15, 1.56438779726e-15]
    },
    "erbbands": {
        "dmean": [0.000418830284616, 0.0142719941214, 0.139561444521, 0.595664680004, 2.43699812889, 5.79565382004, 9.32368469238, 14.1008558273, 15.8874511719, 10.7531700134, 14.1618766785, 5.3435125351, 14.9883728027, 12.8477458954, 19.0347309113, 12.9099311829, 3.29545998573, 5.06669807434, 6.17885923386, 18.0940055847, 8.99842453003, 10.3066692352, 9.07436466217, 6.99984121323, 6.69503831863, 8.68948459625, 4.25755929947, 2.48916101456, 1.60321831703, 0.670015394688, 0.589180231094, 0.587498188019, 0.514899015427, 0.138275668025, 0.00587879540399, 0.000287545728497, 2.5262552299e-05, 5.21312676938e-06, 3.1982992823e-06, 5.22923528479e-06],
        "dmean2": [0.00071447447408, 0.0240512825549, 0.238341599703, 1.01170349121, 3.86313295364, 9.48105239868, 13.8996076584, 22.3153686523, 25.006521225, 16.6853713989, 20.9953327179, 8.34889316559, 22.8380584717, 19.3963241577, 27.014585495, 18.9856739044, 4.8688287735, 7.76052856445, 9.59102058411, 28.8365020752, 13.827835083, 15.1236352921, 14.0614614487, 11.5050897598, 10.3127002716, 13.4101839066, 6.34818124771, 3.43602228165, 2.30118298531, 0.957146883011, 0.827207505703, 0.839357674122, 0.741480648518, 0.183154657483, 0.00819724146277, 0.000389964698115, 3.33807365678e-05, 7.16549584467e-06, 4.4565395001e-06, 7.50293111196e-06],
        "dvar": [5.92678759403e-07, 0.000890884955879, 0.0458372607827, 0.913879990578, 21.6579341888, 112.23425293, 408.905822754, 1422.41186523, 1109.22875977, 666.425354004, 2142.36669922, 410.831176758, 585.822265625, 380.690979004, 947.372741699, 408.941345215, 73.4780197144, 188.292541504, 379.140014648, 1105.6439209, 296.402374268, 501.849182129, 920.207641602, 1674.15576172, 1084.5534668, 1638.93505859, 362.245391846, 86.8586349487, 29.4183177948, 4.13616371155, 7.42962741852, 6.46799039841, 6.55317640305, 0.340447843075, 0.000886789464857, 1.78027505626e-06, 1.38904496794e-08, 1.03053143796e-09, 7.45381534273e-11, 7.45593933815e-11],
        "dvar2": [1.68333838246e-06, 0.00255979574285, 0.130445376039, 2.43764591217, 41.4352226257, 284.905700684, 933.898925781, 3305.8828125, 2493.00927734, 1599.98779297, 4801.46435547, 1091.20703125, 1329.9954834, 867.022094727, 1926.87670898, 837.134033203, 160.974716187, 451.373931885, 884.180541992, 2629.0847168, 679.771118164, 974.885437012, 2103.02441406, 4177.80566406, 2579.40429688, 4041.71362305, 847.299987793, 171.765899658, 60.7627258301, 8.5098657608, 16.8453273773, 12.4309072495, 11.3913240433, 0.615769267082, 0.00163367344067, 3.14211638397e-06, 2.8553879261e-08, 2.46542186666e-09, 1.69958033758e-10, 1.54227824956e-10],
        "max": [0.00942547712475, 0.470795482397, 3.11521553993, 10.255657196, 122.283958435, 159.436080933, 220.828613281, 622.502502441, 511.119140625, 350.291595459, 1244.45654297, 477.835906982, 423.191589355, 277.049255371, 461.466674805, 426.228546143, 177.252670288, 196.625427246, 390.099029541, 357.0987854, 299.118225098, 460.915557861, 545.005859375, 958.595031738, 845.103515625, 726.904785156, 382.616607666, 211.038726807, 94.654510498, 33.852268219, 56.7061576843, 54.7808494568, 62.7657089233, 13.3409948349, 0.720954954624, 0.0314945094287, 0.00238453247584, 0.000846306211315, 0.000197270914214, 0.000140703778015],
        "mean": [0.000805235700682, 0.0311313886195, 0.282849490643, 1.03594517708, 4.95090389252, 12.5831127167, 19.2980537415, 22.3127098083, 29.0132331848, 19.36195755, 23.8991165161, 10.1502189636, 30.9997596741, 29.4213676453, 38.9465255737, 25.6198253632, 7.44517660141, 9.72365665436, 10.6451015472, 29.2815647125, 22.2332038879, 20.2091960907, 14.0523109436, 9.04342937469, 9.13131809235, 10.3596200943, 5.90045690536, 3.81139564514, 2.68494677544, 1.13822603226, 0.857258617878, 0.90035712719, 0.760469734669, 0.190341815352, 0.00740311527625, 0.000382106838515, 3.98614756705e-05, 8.60947875481e-06, 9.80955064733e-06, 1.8487284251e-05],
        "median": [0.000366698513972, 0.0127346813679, 0.191893801093, 0.574303627014, 2.45396351814, 7.16304636002, 7.64608287811, 9.84388542175, 13.8780183792, 8.49776935577, 10.1912736893, 4.64105796814, 17.4667701721, 19.6772174835, 21.5389614105, 14.5825452805, 4.01045608521, 4.37318372726, 4.6431016922, 12.0552654266, 13.2853879929, 9.64673900604, 3.10722184181, 1.39064121246, 1.73369264603, 1.45726513863, 0.842785656452, 0.362496227026, 0.123807892203, 0.0356645397842, 0.00589188653976, 0.00344104925171, 0.00179295160342, 0.000282172550214, 2.68693929684e-05, 1.19937421914e-05, 5.84391682423e-06, 1.7206288021e-06, 6.10486040387e-06, 1.31217184389e-05],
        "min": [1.14330587166e-05, 9.2466478236e-05, 0.000474958214909, 0.00435192836449, 0.00948456209153, 0.011254276149, 0.0334737896919, 0.0935786888003, 0.0640406534076, 0.0619257539511, 0.0270259678364, 0.0430689156055, 0.00983454100788, 0.0100737521425, 0.00994973629713, 0.00199895864353, 0.000455269619124, 0.000237925210968, 0.000443167955382, 0.00129451171961, 0.00191873777658, 0.000950428307988, 0.000938929966651, 0.000623989268206, 0.00112066359725, 0.00138876237907, 0.00133837119211, 0.00078638078412, 0.000555426289793, 0.000260613713181, 2.26828760788e-05, 4.64008408017e-05, 4.2961393774e-05, 6.53745155432e-06, 7.75677619913e-07, 1.80645344017e-07, 8.90049136615e-08, 2.7694845528e-08, 4.74859582766e-08, 9.9246598495e-08],
        "var": [1.33944115532e-06, 0.00194524344988, 0.100744687021, 1.96495437622, 75.8964920044, 258.972412109, 1101.96032715, 2054.72290039, 2427.30273438, 1231.80786133, 3308.15917969, 560.740966797, 1745.078125, 1158.43518066, 2991.49023438, 1197.01208496, 217.648727417, 409.872619629, 599.173095703, 2150.71118164, 942.975341797, 1359.77502441, 1394.89660645, 2239.55932617, 1221.54980469, 1861.44372559, 552.576599121, 203.693527222, 68.5267028809, 10.2549829483, 10.7051057816, 12.6205606461, 13.0045728683, 0.740655243397, 0.00151619920507, 3.31621708938e-06, 2.24863594411e-08, 1.14436216059e-09, 1.52233864403e-10, 3.28803539951e-10]
    },
    "gfcc": {
        "mean": [-114.987678528, 173.801300049, -170.737701416, 21.6523323059, -69.6040267944, -26.8815097809, -30.8609676361, -22.7229824066, -13.5493822098, -29.0967483521, -4.61009788513, -15.0874052048, 11.2807712555],
        "cov": [[11148.5673828, -3239.77539062, -2513.75830078, 566.845275879, -1056.20239258, 989.086425781, -912.429260254, 14.7442817688, -200.423202515, -182.074813843, 121.18813324, -107.696624756, 50.9113845825], [-3239.77539062, 1914.1574707, 498.03692627, -509.444732666, 845.005554199, -586.888977051, 545.857177734, -173.99671936, 72.930480957, 73.1250534058, -99.5231323242, 87.6841812134, 8.93649578094], [-2513.75830078, 498.03692627, 1217.05615234, 89.2067871094, 18.6233139038, 24.6067619324, 15.1902418137, 96.5783843994, 47.9777946472, -1.46677589417, 66.5560455322, -8.2696018219, -24.3146572113], [566.845275879, -509.444732666, 89.2067871094, 395.112030029, -220.259094238, 151.160614014, -131.158203125, 102.126312256, -2.17955207825, -24.6580524445, 71.5377807617, -27.5852603912, -0.306324273348], [-1056.20239258, 845.005554199, 18.6233139038, -220.259094238, 551.003173828, -290.895141602, 297.749267578, -72.0064544678, -23.33826828, 64.5361175537, -65.3256072998, 66.8240203857, 32.4863395691], [989.086425781, -586.888977051, 24.6067619324, 151.160614014, -290.895141602, 381.296569824, -213.044692993, 81.3879165649, -5.26646184921, -37.8996124268, 76.9635772705, -48.2141685486, -10.6071939468], [-912.429260254, 545.857177734, 15.1902418137, -131.158203125, 297.749267578, -213.044692993, 313.14944458, -31.19049263, -17.9365139008, 60.4999694824, -65.2269744873, 49.3988227844, 6.6453576088], [14.7442817688, -173.99671936, 96.5783843994, 102.126312256, -72.0064544678, 81.3879165649, -31.19049263, 117.328804016, -1.49933004379, 5.65952587128, 38.5051994324, -16.8704891205, 2.63118338585], [-200.423202515, 72.930480957, 47.9777946472, -2.17955207825, -23.33826828, -5.26646184921, -17.9365139008, -1.49933004379, 93.8006744385, 4.07425117493, 8.00903701782, -10.4929094315, -24.4847431183], [-182.074813843, 73.1250534058, -1.46677589417, -24.6580524445, 64.5361175537, -37.8996124268, 60.4999694824, 5.65952587128, 4.07425117493, 84.3056106567, 0.565427720547, 4.44278144836, -0.744876623154], [121.18813324, -99.5231323242, 66.5560455322, 71.5377807617, -65.3256072998, 76.9635772705, -65.2269744873, 38.5051994324, 8.00903701782, 0.565427720547, 92.6218643188, -8.78824996948, -7.29096841812], [-107.696624756, 87.6841812134, -8.2696018219, -27.5852603912, 66.8240203857, -48.2141685486, 49.3988227844, -16.8704891205, -10.4929094315, 4.44278144836, -8.78824996948, 59.8193359375, 14.1006040573], [50.9113845825, 8.93649578094, -24.3146572113, -0.306324273348, 32.4863395691, -10.6071939468, 6.6453576088, 2.63118338585, -24.4847431183, -0.744876623154, -7.29096841812, 14.1006040573, 57.5901603699]],
        "icov": [[0.000444657955086, 2.67548148258e-05, 0.00090746144997, -0.000404042890295, -7.0931535447e-05, -0.000753781117965, 0.000672583992127, 0.000210681828321, 0.000518222455867, 4.24008248956e-05, 6.54743462292e-06, -0.000254389713518, 8.16704050521e-05], [2.67548148258e-05, 0.016347238794, -0.00674090301618, 0.00885977223516, -0.0137700652704, 0.00656754802912, -0.0121493153274, 0.0101369963959, -0.0139810768887, 0.0101059535518, -0.010773928836, 0.00916861835867, -0.00486545357853], [0.00090746144997, -0.00674090301618, 0.00562226586044, -0.00459960149601, 0.00536924507469, -0.0042507504113, 0.00630078278482, -0.00453810347244, 0.00642038229853, -0.0037650167942, 0.00397857604548, -0.00433715386316, 0.00250823237002], [-0.000404042890295, 0.00885977223516, -0.00459960149601, 0.00928040221334, -0.00623521674424, 0.00446931226179, -0.00706702191383, 0.00289030373096, -0.00770534342155, 0.00586228631437, -0.00724850269035, 0.00506079941988, -0.00324328429997], [-7.0931535447e-05, -0.0137700652704, 0.00536924507469, -0.00623521674424, 0.0166546683758, -0.00391389522702, 0.00700322026387, -0.00781253259629, 0.0121019091457, -0.00913085695356, 0.00780304009095, -0.00832776911557, 0.00192030100152], [-0.000753781117965, 0.00656754802912, -0.0042507504113, 0.00446931226179, -0.00391389522702, 0.00959220714867, -0.00424877554178, 0.00172198982909, -0.00526822218671, 0.00417009135708, -0.00604611635208, 0.00491096125916, -0.00189125083853], [0.000672583992127, -0.0121493153274, 0.00630078278482, -0.00706702191383, 0.00700322026387, -0.00424877554178, 0.0191128011793, -0.00946646090597, 0.0125647867098, -0.0104202749208, 0.011405736208, -0.00994636584073, 0.00649380218238], [0.000210681828321, 0.0101369963959, -0.00453810347244, 0.00289030373096, -0.00781253259629, 0.00172198982909, -0.00946646090597, 0.0202524196357, -0.00828806590289, 0.00461344746873, -0.00936011318117, 0.00796383060515, -0.00536758266389], [0.000518222455867, -0.0139810768887, 0.00642038229853, -0.00770534342155, 0.0121019091457, -0.00526822218671, 0.0125647867098, -0.00828806590289, 0.025388745591, -0.00980387162417, 0.00872244127095, -0.00739873806015, 0.00909609440714], [4.24008248956e-05, 0.0101059535518, -0.0037650167942, 0.00586228631437, -0.00913085695356, 0.00417009135708, -0.0104202749208, 0.00461344746873, -0.00980387162417, 0.0210071355104, -0.00903196353465, 0.00701608275995, -0.00301147671416], [6.54743462292e-06, -0.010773928836, 0.00397857604548, -0.00724850269035, 0.00780304009095, -0.00604611635208, 0.011405736208, -0.00936011318117, 0.00872244127095, -0.00903196353465, 0.0233468972147, -0.00829832162708, 0.00548262894154], [-0.000254389713518, 0.00916861835867, -0.00433715386316, 0.00506079941988, -0.00832776911557, 0.00491096125916, -0.00994636584073, 0.00796383060515, -0.00739873806015, 0.00701608275995, -0.00829832162708, 0.0269626900554, -0.00732312863693], [8.16704050521e-05, -0.00486545357853, 0.00250823237002, -0.00324328429997, 0.00192030100152, -0.00189125083853, 0.00649380218238, -0.00536758266389, 0.00909609440714, -0.00301147671416, 0.00548262894154, -0.00732312863693, 0.0234683677554]]
    },
    "melbands": {
        "dmean": [7.64764263295e-06, 5.43945934623e-05, 0.000139078081702, 0.000293767341645, 0.000296964077279, 0.000325111177517, 0.00023383583175, 0.00010626619769, 0.000105892620923, 3.51375638274e-05, 7.48516467866e-05, 4.99111447425e-05, 9.22675753827e-05, 2.79964424408e-05, 1.74718843482e-05, 8.00420002633e-06, 9.70602104644e-06, 9.21654645936e-06, 1.80224687938e-05, 1.89754682651e-05, 1.01415671452e-05, 1.178284856e-05, 1.02958538264e-05, 6.82803420204e-06, 5.77556556891e-06, 6.12049416304e-06, 4.18298350269e-06, 6.45127738608e-06, 3.07197660732e-06, 1.56210751356e-06, 1.49033257912e-06, 1.05453727883e-06, 5.9458824353e-07, 3.06835858055e-07, 3.526098169e-07, 3.39639683489e-07, 4.0012130853e-07, 4.3494301849e-07, 2.64167113073e-07, 6.52554348335e-08],
        "dmean2": [1.31381320898e-05, 9.31659014896e-05, 0.000227145064855, 0.000468693295261, 0.000447374506621, 0.000510818266775, 0.000365713029169, 0.00016404192138, 0.000156899084686, 5.65263144381e-05, 0.000114152368042, 7.63113421272e-05, 0.000131098655402, 4.17084156652e-05, 2.58401087194e-05, 1.21797856991e-05, 1.48942745e-05, 1.46306774695e-05, 2.8843713153e-05, 3.00455649267e-05, 1.61104417202e-05, 1.75154491444e-05, 1.55843863467e-05, 1.06758807306e-05, 9.78226398729e-06, 9.87339808489e-06, 6.5453264142e-06, 1.00367506093e-05, 4.71884550279e-06, 2.10332723327e-06, 2.09357426684e-06, 1.54885901793e-06, 8.87997941845e-07, 4.43215554924e-07, 5.06491403485e-07, 4.81338531699e-07, 5.78969604703e-07, 6.43336306894e-07, 3.70962823126e-07, 8.77305694758e-08],
        "dvar": [2.6723104285e-10, 7.16487136287e-09, 5.98349032543e-08, 2.67328232439e-07, 3.64022042731e-07, 6.57673126625e-07, 2.34632992147e-07, 6.38995842905e-08, 1.18938416449e-07, 1.74113434781e-08, 1.44538878644e-08, 6.15083717292e-09, 2.21072049555e-08, 2.15518802804e-09, 1.04744435347e-09, 4.4960302148e-10, 7.32427063443e-10, 8.51026860094e-10, 1.62832680672e-09, 1.34682509589e-09, 3.58377577614e-10, 5.63307567258e-10, 1.1336773742e-09, 7.13726300283e-10, 1.33503386124e-09, 1.37117783794e-09, 2.62644073157e-10, 9.73213065691e-10, 1.92676402611e-10, 3.86122141205e-11, 3.03239759691e-11, 1.35647526198e-11, 3.22494374955e-12, 9.75600026112e-13, 2.59344195425e-12, 2.42738815159e-12, 3.10614576594e-12, 4.9700660254e-12, 1.36735132765e-12, 8.68078463387e-14],
        "dvar2": [7.51699869017e-10, 2.06123029756e-08, 1.36993151045e-07, 6.57555858652e-07, 8.48842660162e-07, 1.51144047322e-06, 5.2629638958e-07, 1.53038115513e-07, 2.68132907877e-07, 4.70183074697e-08, 3.29707852131e-08, 1.43702809652e-08, 4.40013074865e-08, 4.3708552333e-09, 2.09573780552e-09, 1.00011732229e-09, 1.74954861709e-09, 1.98984073663e-09, 4.08455713696e-09, 3.08578385066e-09, 8.33726865324e-10, 1.13175424588e-09, 2.47954567989e-09, 1.70244973674e-09, 3.3674254496e-09, 3.66081343017e-09, 5.25412990893e-10, 2.48090370469e-09, 4.64339899864e-10, 7.56441020933e-11, 5.97878829778e-11, 2.9322974604e-11, 7.07545133594e-12, 2.12546126532e-12, 6.03165130689e-12, 5.42273474388e-12, 6.12239295719e-12, 8.90431478551e-12, 2.66063364916e-12, 1.69786968231e-13],
        "max": [0.000237639760599, 0.00115625374019, 0.00477748876438, 0.00865954626352, 0.00741017889231, 0.0131449652836, 0.0070418077521, 0.00309427804314, 0.00898373313248, 0.00298135727644, 0.00206741387956, 0.00120631954633, 0.00224925624207, 0.00109454616904, 0.00077223952394, 0.000484956661239, 0.000428543426096, 0.000509683974087, 0.000757462577894, 0.000498698500451, 0.000335755263222, 0.000573382829316, 0.000624740321655, 0.000635055650491, 0.000853726873174, 0.000883555330802, 0.000278220919427, 0.000517829845194, 0.00023936915386, 0.000137084192829, 0.000127248407807, 6.5334388637e-05, 2.51248238783e-05, 1.66226927831e-05, 3.34749274771e-05, 2.70686668955e-05, 3.78371150873e-05, 5.84908557357e-05, 2.26560769079e-05, 6.88289082973e-06],
        "mean": [1.54469726112e-05, 0.00010973236931, 0.00026260202867, 0.000637528777588, 0.000651507463772, 0.000527267111465, 0.000433830951806, 0.000191456594621, 0.00017589100753, 6.04006017966e-05, 0.000152827255079, 0.000109004402475, 0.000178749309271, 5.35211729584e-05, 3.67220309272e-05, 1.52035800056e-05, 1.73735061253e-05, 1.47884602484e-05, 2.84066209133e-05, 3.60348967661e-05, 2.3220478397e-05, 2.18626537389e-05, 1.58247949003e-05, 9.61601199378e-06, 6.93093352311e-06, 7.27420456315e-06, 5.72119961362e-06, 7.21357673683e-06, 3.97219082515e-06, 2.40813869823e-06, 2.17419005821e-06, 1.64201355801e-06, 9.90699390968e-07, 4.86758949592e-07, 4.84370843878e-07, 4.86172666569e-07, 5.86055080021e-07, 5.99714212512e-07, 3.67525018419e-07, 8.17143046561e-08],
        "median": [4.6716554607e-06, 8.03785733297e-05, 0.000148604929564, 0.000369935645722, 0.000296567915939, 0.000235434199567, 0.000212722443393, 8.78748105606e-05, 7.18904702808e-05, 2.44581278821e-05, 8.65846814122e-05, 6.95509952493e-05, 9.09011723706e-05, 2.89168165182e-05, 2.17881206481e-05, 5.92074320593e-06, 7.45951138015e-06, 5.07907725478e-06, 1.28585352286e-05, 1.72376985574e-05, 1.30938824441e-05, 1.05326798803e-05, 3.47791046806e-06, 1.79013557045e-06, 8.60007503434e-07, 1.35928451073e-06, 7.89327543771e-07, 9.80331378742e-07, 4.41828206021e-07, 3.49344020378e-07, 1.3837039603e-07, 6.71757973691e-08, 3.7508158357e-08, 6.34878105643e-09, 2.58851806656e-09, 2.14875850446e-09, 2.034480584e-09, 1.40783962266e-09, 5.69321201294e-10, 7.87721415874e-11],
        "min": [1.95859257701e-08, 1.3350451411e-07, 1.48900278418e-06, 9.8739292298e-07, 9.66126435742e-07, 1.55445616201e-06, 9.87061412161e-07, 5.09384733505e-07, 2.14975017343e-07, 1.80200771638e-07, 2.82665020279e-08, 3.57247138538e-08, 2.98787377062e-08, 7.33062677227e-09, 1.16046805498e-09, 6.08218253539e-10, 3.54503149058e-10, 5.67689895092e-10, 1.2895459145e-09, 1.33559729942e-09, 1.98840699461e-09, 7.65993879437e-10, 8.9728408037e-10, 6.75408895479e-10, 3.21032977979e-10, 6.9870209618e-10, 8.51521353429e-10, 9.04919972289e-10, 7.33374083683e-10, 5.19919107766e-10, 3.84934889519e-10, 3.08708530961e-10, 7.33920493823e-11, 9.69476582346e-12, 1.34518373003e-12, 1.69432367442e-11, 3.31973164236e-11, 1.25971082524e-11, 7.115669165e-12, 5.70998868847e-13],
        "var": [6.22641771475e-10, 1.50868348925e-08, 1.64992769669e-07, 7.19752677014e-07, 1.00298620964e-06, 1.01416742382e-06, 5.15738520335e-07, 1.1851586379e-07, 1.8095414589e-07, 2.44888020973e-08, 4.27336814823e-08, 1.76489223236e-08, 6.91334776093e-08, 6.05354166794e-09, 3.03017877457e-09, 1.23255272655e-09, 1.45614109659e-09, 1.51030532525e-09, 2.36042452251e-09, 3.05148994961e-09, 1.05024178243e-09, 1.52421453237e-09, 1.83037984769e-09, 8.71958727444e-10, 1.77479431152e-09, 1.18924003978e-09, 4.08168665533e-10, 1.02728825446e-09, 2.78385509089e-10, 8.22337753448e-11, 6.88430423779e-11, 2.79866251701e-11, 7.79389226768e-12, 2.04775606194e-12, 3.53614099807e-12, 3.66026479959e-12, 5.81931594926e-12, 9.19330236937e-12, 2.69713700159e-12, 1.65015055656e-13]
    },
    "mfcc": {
        "mean": [-726.553527832, 172.505020142, -27.5151824951, 19.5866241455, -13.8571195602, -15.688284874, -13.5132770538, -9.31808757782, -3.51085567474, -16.3544158936, -24.0619373322, -4.47799968719, -1.24567997456],
        "cov": [[11692.3105469, -2835.06274414, -2480.79150391, -230.805358887, -698.79901123, 360.87689209, -456.869598389, -21.1732578278, -398.203857422, -105.623260498, -218.686935425, -71.7540435791, -277.376556396], [-2835.06274414, 2080.15185547, -215.92741394, 127.358024597, 170.040512085, -17.4804954529, 255.494247437, -88.8417053223, 243.738098145, -63.9903144836, -2.84326910973, 17.4328460693, 133.315093994], [-2480.79150391, -215.92741394, 1608.13354492, -50.3846740723, 283.950866699, -52.045375824, -20.6476955414, 159.98789978, -86.21875, 141.821853638, 108.663238525, 29.8517532349, 15.0729942322], [-230.805358887, 127.358024597, -50.3846740723, 302.29989624, 28.388343811, -39.696472168, 82.6275405884, -0.369279831648, 55.076915741, 2.17993879318, -11.051153183, 1.5113505125, 34.2514381409], [-698.79901123, 170.040512085, 283.950866699, 28.388343811, 208.458251953, -3.99081492424, 48.5163726807, 37.6873588562, -7.13056468964, 46.3919334412, 6.69395303726, 17.5320110321, 36.0148849487], [360.87689209, -17.4804954529, -52.045375824, -39.696472168, -3.99081492424, 112.831245422, -4.03669834137, 9.0991230011, -6.50350284576, 1.6933785677, 7.85292005539, 1.32097673416, -7.09521484375], [-456.869598389, 255.494247437, -20.6476955414, 82.6275405884, 48.5163726807, -4.03669834137, 228.521148682, 3.2827630043, 71.286529541, 19.1639175415, -9.97256088257, 8.22519493103, 64.0398330688], [-21.1732578278, -88.8417053223, 159.98789978, -0.369279831648, 37.6873588562, 9.0991230011, 3.2827630043, 108.723426819, -20.8012752533, 22.0168914795, 23.014673233, 4.15098714828, -3.66283035278], [-398.203857422, 243.738098145, -86.21875, 55.076915741, -7.13056468964, -6.50350284576, 71.286529541, -20.8012752533, 130.802108765, -11.1177606583, -12.7763156891, 0.694303929806, 28.4004383087], [-105.623260498, -63.9903144836, 141.821853638, 2.17993879318, 46.3919334412, 1.6933785677, 19.1639175415, 22.0168914795, -11.1177606583, 110.168731689, 25.2766456604, 12.9241609573, 17.9477386475], [-218.686935425, -2.84326910973, 108.663238525, -11.051153183, 6.69395303726, 7.85292005539, -9.97256088257, 23.014673233, -12.7763156891, 25.2766456604, 123.934234619, 16.6331996918, -22.0131912231], [-71.7540435791, 17.4328460693, 29.8517532349, 1.5113505125, 17.5320110321, 1.32097673416, 8.22519493103, 4.15098714828, 0.694303929806, 12.9241609573, 16.6331996918, 67.7726211548, 16.164773941], [-277.376556396, 133.315093994, 15.0729942322, 34.2514381409, 36.0148849487, -7.09521484375, 64.0398330688, -3.66283035278, 28.4004383087, 17.9477386475, -22.0131912231, 16.164773941, 86.2091217041]],
