{
"lowlevel": {
    "average_loudness": 0.962478876114,
    "barkbands_crest": {
        "dmean": 2.83772706985,
        "dmean2": 4.45706272125,
        "dvar": 7.35635566711,
        "dvar2": 15.6533851624,
        "max": 25.7204704285,
        "mean": 13.5214929581,
        "median": 12.9982471466,
        "min": 3.89243888855,
        "var": 18.3105564117
    },
    "barkbands_flatness_db": {
        "dmean": 0.0296722911298,
        "dmean2": 0.041111137718,
        "dvar": 0.00074224115815,
        "dvar2": 0.00139836373273,
        "max": 0.386323183775,
        "mean": 0.198378458619,
        "median": 0.198556005955,
        "min": 0.0559157393873,
        "var": 0.00299692945555
    },
    "barkbands_kurtosis": {
        "dmean": 12.3683834076,
        "dmean2": 18.214673996,
        "dvar": 395.746917725,
        "dvar2": 889.298706055,
        "max": 262.533203125,
        "mean": 21.6518974304,
        "median": 13.4110393524,
        "min": -1.9376783371,
        "var": 749.327453613
    },
    "barkbands_skewness": {
        "dmean": 1.12592709064,
        "dmean2": 1.55932462215,
        "dvar": 1.39540660381,
        "dvar2": 2.67998433113,
        "max": 14.5646734238,
        "mean": 3.53079605103,
        "median": 3.44415426254,
        "min": -1.93760085106,
        "var": 5.12916088104
    },
    "barkbands_spread": {
        "dmean": 8.12278079987,
        "dmean2": 11.4364042282,
        "dvar": 118.255027771,
        "dvar2": 233.61177063,
        "max": 105.315757751,
        "mean": 18.0935745239,
        "median": 11.4643383026,
        "min": 0.935416162014,
        "var": 320.484191895
    },
    "dissonance": {
        "dmean": 0.0188935399055,
        "dmean2": 0.0301079489291,
        "dvar": 0.000431985390605,
        "dvar2": 0.00103830196895,
        "max": 0.499871969223,
        "mean": 0.462095886469,
        "median": 0.469752758741,
        "min": 0.220295682549,
        "var": 0.00103641056921
    },
    "dynamic_complexity": 3.37910246849,
    "erbbands_crest": {
        "dmean": 2.4884519577,
        "dmean2": 3.97514176369,
        "dvar": 5.00421190262,
        "dvar2": 11.716422081,
        "max": 25.7349510193,
        "mean": 8.38058662415,
        "median": 7.67091274261,
        "min": 2.09221315384,
        "var": 13.0248508453
    },
    "erbbands_flatness_db": {
        "dmean": 0.0178359150887,
        "dmean2": 0.0264070127159,
        "dvar": 0.000284576177364,
        "dvar2": 0.000588334340136,
        "max": 0.279138594866,
        "mean": 0.127367898822,
        "median": 0.122390434146,
        "min": 0.0419598780572,
        "var": 0.00105900445487
    },
    "erbbands_kurtosis": {
        "dmean": 1.19484627247,
        "dmean2": 1.79032695293,
        "dvar": 2.23092246056,
        "dvar2": 4.85858201981,
        "max": 12.6024942398,
        "mean": 0.345706701279,
        "median": -0.458935379982,
        "min": -1.83220410347,
        "var": 4.84075117111
    },
    "erbbands_skewness": {
        "dmean": 0.524175226688,
        "dmean2": 0.727617502213,
        "dvar": 0.235751748085,
        "dvar2": 0.460994720459,
        "max": 3.03404307365,
        "mean": 0.236522346735,
        "median": 0.315780460835,
        "min": -3.25952339172,
        "var": 0.950021743774
    },
    "erbbands_spread": {
        "dmean": 16.9703731537,
        "dmean2": 25.0038223267,
        "dvar": 303.613769531,
        "dvar2": 609.862121582,
        "max": 176.007919312,
        "mean": 64.4273910522,
        "median": 62.4855575562,
        "min": 5.91182994843,
        "var": 907.570495605
    },
    "hfc": {
        "dmean": 8.74922370911,
        "dmean2": 11.874332428,
        "dvar": 287.868560791,
        "dvar2": 488.689971924,
        "max": 174.004470825,
        "mean": 17.361749649,
        "median": 8.17111778259,
        "min": 1.11047594337e-16,
        "var": 673.642089844
    },
    "melbands_crest": {
        "dmean": 2.84451985359,
        "dmean2": 4.59903144836,
        "dvar": 8.08153438568,
        "dvar2": 19.5937175751,
        "max": 31.521856308,
        "mean": 17.8739776611,
        "median": 18.0737266541,
        "min": 2.36416506767,
        "var": 20.3141040802
    },
    "melbands_flatness_db": {
        "dmean": 0.0372583456337,
        "dmean2": 0.050117764622,
        "dvar": 0.00120946893003,
        "dvar2": 0.00223883776926,
        "max": 0.481408953667,
        "mean": 0.272180378437,
        "median": 0.277437865734,
        "min": 0.00825688708574,
        "var": 0.00517035275698
    },
    "melbands_kurtosis": {
        "dmean": 33.8001976013,
        "dmean2": 49.3613624573,
        "dvar": 1928.03918457,
        "dvar2": 3815.96875,
        "max": 509.679321289,
        "mean": 70.8665008545,
        "median": 51.5713005066,
        "min": -1.48659920692,
        "var": 5393.32128906
    },
    "melbands_skewness": {
        "dmean": 1.63991105556,
        "dmean2": 2.36881303787,
        "dvar": 2.8588244915,
        "dvar2": 5.35054683685,
        "max": 20.0394039154,
        "mean": 5.97910690308,
        "median": 5.87518119812,
        "min": -1.06386113167,
        "var": 10.3114719391
    },
    "melbands_spread": {
        "dmean": 7.57539272308,
        "dmean2": 11.091375351,
        "dvar": 190.993148804,
        "dvar2": 397.08026123,
        "max": 204.656570435,
        "mean": 13.6673994064,
        "median": 6.4923582077,
        "min": 0.615124642849,
        "var": 354.693237305
    },
    "pitch_salience": {
        "dmean": 0.0834449529648,
        "dmean2": 0.132565587759,
        "dvar": 0.00653268583119,
        "dvar2": 0.0153623986989,
        "max": 0.906996071339,
        "mean": 0.493318855762,
        "median": 0.496017545462,
        "min": 0.0985902771354,
        "var": 0.016103675589
    },
    "silence_rate_20dB": {
        "dmean": 0,
        "dmean2": 0,
        "dvar": 0,
        "dvar2": 0,
        "max": 1,
        "mean": 1,
        "median": 1,
        "min": 1,
        "var": 0
    },
    "silence_rate_30dB": {
        "dmean": 0.0540540553629,
        "dmean2": 0.108191654086,
        "dvar": 0.0511323846877,
        "dvar2": 0.121214672923,
        "max": 1,
        "mean": 0.956018507481,
        "median": 1,
        "min": 0,
        "var": 0.0420468486845
    },
    "silence_rate_60dB": {
        "dmean": 0.0200772192329,
        "dmean2": 0.040185470134,
        "dvar": 0.0196738969535,
        "dvar2": 0.0416613854468,
        "max": 1,
        "mean": 0.0794753059745,
        "median": 0,
        "min": 0,
        "var": 0.0731597691774
    },
    "spectral_centroid": {
        "dmean": 388.284240723,
        "dmean2": 533.631103516,
        "dvar": 252442.4375,
        "dvar2": 417768.59375,
        "max": 11094.6464844,
        "mean": 1215.20288086,
        "median": 965.947021484,
        "min": 244.663925171,
        "var": 724467.4375
    },
    "spectral_complexity": {
        "dmean": 4.14208507538,
        "dmean2": 5.70788240433,
        "dvar": 34.4692497253,
        "dvar2": 54.9440307617,
        "max": 59,
        "mean": 11.7762346268,
        "median": 9,
        "min": 0,
        "var": 108.457717896
    },
    "spectral_decrease": {
        "dmean": 3.57580143273e-09,
        "dmean2": 5.44483169662e-09,
        "dvar": 3.8752316511e-17,
        "dvar2": 7.51789452466e-17,
        "max": -3.55752874224e-29,
        "mean": -9.50398337807e-09,
        "median": -8.2399793655e-09,
        "min": -5.24642800315e-08,
        "var": 6.66108959652e-17
    },
    "spectral_energy": {
        "dmean": 0.0140259983018,
        "dmean2": 0.0211442895234,
        "dvar": 0.000578577048145,
        "dvar2": 0.00112241948955,
        "max": 0.20048648119,
        "mean": 0.0374449901283,
        "median": 0.0322207435966,
        "min": 1.020661389e-20,
        "var": 0.00101563846692
    },
    "spectral_energyband_high": {
        "dmean": 0.000970508961473,
        "dmean2": 0.00131118262652,
        "dvar": 4.85508962811e-06,
        "dvar2": 8.09071025287e-06,
        "max": 0.0234455317259,
        "mean": 0.00135823455639,
        "median": 0.000239115979639,
        "min": 7.30402177251e-21,
        "var": 1.0613829545e-05
    },
    "spectral_energyband_low": {
        "dmean": 0.010415292345,
        "dmean2": 0.0161262135953,
        "dvar": 0.000441121810582,
        "dvar2": 0.00081373413559,
        "max": 0.182366758585,
        "mean": 0.0249648597091,
        "median": 0.0199942812324,
        "min": 1.20365419282e-22,
        "var": 0.000694123853464
    },
    "spectral_energyband_middle_high": {
        "dmean": 0.00138681370299,
        "dmean2": 0.0018600266194,
        "dvar": 6.73867407386e-06,
        "dvar2": 1.18250218293e-05,
        "max": 0.0316525585949,
        "mean": 0.00274826562963,
        "median": 0.000799076573458,
        "min": 1.53102225459e-21,
        "var": 2.2435304345e-05
    },
    "spectral_energyband_middle_low": {
        "dmean": 0.00610805256292,
        "dmean2": 0.0101399468258,
        "dvar": 0.000165033270605,
        "dvar2": 0.000437912967755,
        "max": 0.0997939482331,
        "mean": 0.0101132318377,
        "median": 0.0071193408221,
        "min": 3.10351233951e-22,
        "var": 0.000158526003361
    },
    "spectral_entropy": {
        "dmean": 0.198898136616,
        "dmean2": 0.284398674965,
        "dvar": 0.0316223725677,
        "dvar2": 0.0635247007012,
        "max": 9.81145191193,
        "mean": 7.62014722824,
        "median": 7.61555480957,
        "min": 6.51944065094,
        "var": 0.130252584815
    },
    "spectral_flux": {
        "dmean": 0.0342598222196,
        "dmean2": 0.0528088957071,
        "dvar": 0.00215951632708,
        "dvar2": 0.00476064812392,
        "max": 0.402154326439,
        "mean": 0.0825859308243,
        "median": 0.0603280365467,
        "min": 1.010277903e-10,
        "var": 0.00452763121575
    },
    "spectral_kurtosis": {
        "dmean": 1.03783810139,
        "dmean2": 1.62571239471,
        "dvar": 0.870219647884,
        "dvar2": 2.10197973251,
        "max": 10.1330871582,
        "mean": 2.49084830284,
        "median": 2.28894472122,
        "min": -1.32269215584,
        "var": 2.32858848572
    },
    "spectral_rms": {
        "dmean": 0.00101386546157,
        "dmean2": 0.00146034336649,
        "dvar": 2.03261538445e-06,
        "dvar2": 3.61613365385e-06,
        "max": 0.01398558449,
        "mean": 0.00551633536816,
        "median": 0.00560668064281,
        "min": 3.15557801243e-12,
        "var": 6.10175175098e-06
    },
    "spectral_rolloff": {
        "dmean": 530.94720459,
        "dmean2": 872.128662109,
        "dvar": 1633229.5,
        "dvar2": 3165406.5,
        "max": 18776.953125,
        "mean": 888.859008789,
        "median": 215.33203125,
        "min": 64.599609375,
        "var": 2546577
    },
    "spectral_skewness": {
        "dmean": 0.249508544803,
        "dmean2": 0.346918791533,
        "dvar": 0.0487309060991,
        "dvar2": 0.094823949039,
        "max": 2.75906085968,
        "mean": 1.20543456078,
        "median": 1.25532579422,
        "min": 0.0249134227633,
        "var": 0.202046588063
    },
    "spectral_spread": {
        "dmean": 806288.1875,
        "dmean2": 1156212.5,
        "dvar": 1.4627045376e+12,
        "dvar2": 2.04616315699e+12,
        "max": 39550692,
        "mean": 5679776,
        "median": 5417311,
        "min": 3073193,
        "var": 3.17457432576e+12
    },
    "spectral_strongpeak": {
        "dmean": 0.243024408817,
        "dmean2": 0.422440975904,
        "dvar": 0.427613765001,
        "dvar2": 1.09772515297,
        "max": 7.28701543808,
        "mean": 0.511461019516,
        "median": 0.377906769514,
        "min": 0,
        "var": 0.593580842018
    },
    "zerocrossingrate": {
        "dmean": 0.0138668101281,
        "dmean2": 0.0156725458801,
        "dvar": 0.000497466535307,
        "dvar2": 0.000561686058063,
        "max": 0.50830078125,
        "mean": 0.045118920505,
        "median": 0.0341796875,
        "min": 0.005859375,
        "var": 0.00138982478529
    },
    "barkbands": {
        "dmean": [0.000199057540158, 0.00884507130831, 0.00342335691676, 0.00290748500265, 0.00265079713427, 0.000574916834012, 0.000430517713539, 0.000494521751534, 0.000415714544943, 0.000215712338104, 0.000209193894989, 0.000385904335417, 0.000137249313411, 0.000146070029587, 0.000108570158773, 0.000117677067465, 0.000129916050355, 0.0001321365271, 0.000207904085983, 0.000333988369675, 0.000410576671129, 0.000161240648595, 0.000107855375973, 8.47020128276e-05, 4.70405248052e-05, 2.59439711954e-05, 2.1944938311e-08],
        "dmean2": [0.000329659553245, 0.0136604784057, 0.00578819075599, 0.00515952007845, 0.00452427938581, 0.000937369652092, 0.000702905002981, 0.000791374011897, 0.000634184340015, 0.000305368477711, 0.000323881977238, 0.000537528248969, 0.00021792438929, 0.000226615433348, 0.000163621618412, 0.000179215450771, 0.000201388480491, 0.000197867149836, 0.000290664174827, 0.000460992829176, 0.000592632510234, 0.00023793024593, 0.000156041758601, 0.000127397928736, 7.12720357114e-05, 3.92727815779e-05, 3.78571236581e-08],
        "dvar": [1.42017256621e-07, 0.000322083214996, 7.58872338338e-05, 4.8147936468e-05, 4.70595805382e-05, 1.70249234088e-06, 1.28362978558e-06, 1.90764058061e-06, 1.77923857336e-06, 5.48763694042e-07, 4.0272317392e-07, 1.85866008451e-06, 2.43447317416e-07, 1.6135260239e-07, 1.25528757167e-07, 1.2643130276e-07, 1.28026698576e-07, 1.05312615517e-07, 2.81957312609e-07, 9.0277359277e-07, 1.33016169457e-06, 1.23629135373e-07, 5.92600777338e-08, 4.00874284878e-08, 1.66278084635e-08, 9.34550481446e-09, 1.28468089506e-14],
        "dvar2": [3.56040885663e-07, 0.000679441262037, 0.000204839700018, 0.000136085436679, 0.000124322235934, 4.10136090068e-06, 3.28816281581e-06, 4.170397915e-06, 3.8883858906e-06, 9.55201926445e-07, 9.21859566461e-07, 3.26515532834e-06, 5.7808153997e-07, 3.67821144209e-07, 2.23465619342e-07, 2.89602297698e-07, 3.08115090775e-07, 2.21064851758e-07, 4.62242411459e-07, 1.40795509651e-06, 2.3618429168e-06, 2.51421511166e-07, 1.26559569935e-07, 8.83549304831e-08, 3.75836570754e-08, 1.95008844628e-08, 3.27697802704e-14],
        "max": [0.00471846526489, 0.167242124677, 0.0822094753385, 0.0635102242231, 0.0723950192332, 0.0162765011191, 0.0184833481908, 0.0224478654563, 0.0204877667129, 0.0161668732762, 0.00973769742996, 0.0286183673888, 0.00654215645045, 0.00759748974815, 0.0075670578517, 0.00572002399713, 0.00358832627535, 0.00357098970562, 0.00672584120184, 0.0103833042085, 0.0125413294882, 0.00347266835161, 0.00421126745641, 0.00295756221749, 0.00191440305207, 0.00175799289718, 2.30516729971e-06],
        "mean": [0.000330976035912, 0.0177091434598, 0.00523672811687, 0.0042958999984, 0.00347980530933, 0.000658906647004, 0.000525578507222, 0.000583988206927, 0.000501537753735, 0.000303001899738, 0.000276956328889, 0.000688331318088, 0.000174163011252, 0.000193807834876, 0.000160894036526, 0.000146361868246, 0.000163343065651, 0.000186532575754, 0.000276963110082, 0.000494793173857, 0.000500840193126, 0.000202838011319, 0.000145024183439, 0.000115524722787, 6.32246956229e-05, 2.98521626974e-05, 1.70015095335e-08],
        "median": [0.000107074010884, 0.0139576820657, 0.0033817011863, 0.00226288032718, 0.00189835624769, 0.000214461382711, 0.000204758747714, 7.93379294919e-05, 7.51369152567e-05, 4.4868545956e-05, 3.15241304634e-05, 5.13405830134e-05, 1.8063634343e-05, 3.60452431778e-05, 2.92238582915e-05, 2.83837562165e-05, 3.68663240806e-05, 6.24395761406e-05, 6.5456610173e-05, 7.36675719963e-05, 4.68293801532e-05, 3.42948660546e-05, 3.6661473132e-05, 2.98257036775e-05, 1.70704515767e-05, 4.47277579951e-06, 1.21725141078e-09],
        "min": [2.16160951567e-23, 3.19088935017e-23, 4.93225719995e-23, 5.90877265285e-23, 6.29719640299e-23, 6.29720713149e-23, 7.99437510476e-23, 7.89076264248e-24, 3.46539338143e-23, 3.8590816737e-23, 3.55095418185e-23, 1.02739407828e-22, 1.19657615413e-22, 1.23741403169e-22, 1.08918820356e-22, 8.67344298028e-23, 2.43850562564e-22, 2.85150068903e-22, 2.48309052939e-22, 2.49987647971e-22, 3.10394602368e-22, 4.73379096647e-22, 8.15693434621e-22, 9.40126006161e-22, 1.20564734772e-21, 1.37133338136e-21, 2.36195405852e-21],
        "var": [2.40521075057e-07, 0.000410107866628, 6.28893467365e-05, 3.87775471609e-05, 4.268673365e-05, 1.97603662855e-06, 1.24928681089e-06, 2.40793292505e-06, 2.4343091809e-06, 1.17709134884e-06, 6.29384544482e-07, 7.96664880909e-06, 4.10713397514e-07, 2.50205062002e-07, 2.62346759428e-07, 2.04444319252e-07, 1.57818888624e-07, 1.58589628541e-07, 5.21891990957e-07, 2.07139623853e-06, 2.40187137024e-06, 2.14528697029e-07, 1.18428395979e-07, 6.69683046794e-08, 3.03249265698e-08, 1.35167077531e-08, 9.73482260785e-15]
    },
    "erbbands": {
        "dmean": [0.229708194733, 2.10799360275, 3.84492063522, 6.71324491501, 11.2797498703, 7.62383127213, 4.72005414963, 4.71170854568, 5.87945652008, 7.86567258835, 10.8801040649, 9.51049995422, 6.6158747673, 6.91738414764, 11.2525558472, 11.784942627, 5.95197629929, 6.98363018036, 6.14656925201, 5.21498584747, 6.72863531113, 7.16961717606, 7.31664609909, 8.2249212265, 11.9562740326, 16.1154098511, 22.2406082153, 10.7498626709, 5.82195329666, 4.39206027985, 3.09318685532, 2.22710418701, 1.2074328661, 0.5949447155, 0.320768147707, 0.182521447539, 0.024653242901, 0.00282356888056, 6.24045642326e-05, 1.81919076567e-05],
        "dmean2": [0.348836094141, 3.27743315697, 6.31499528885, 11.8330945969, 18.9858398438, 13.5333070755, 8.16127490997, 7.58301401138, 9.64824581146, 12.6788244247, 16.7037944794, 14.3308753967, 9.56815624237, 10.2562160492, 16.3098144531, 16.5120124817, 9.18011474609, 10.7433319092, 9.35475444794, 7.35915851593, 10.163895607, 10.9980115891, 10.8261146545, 11.7708215714, 17.6731834412, 22.067029953, 32.0949821472, 14.8308582306, 8.50488853455, 6.39633512497, 4.4204993248, 3.31268644333, 1.80658268929, 0.90665858984, 0.487274736166, 0.278462558985, 0.0371893085539, 0.00433297874406, 9.21355531318e-05, 2.6653671739e-05],
        "dvar": [0.235089957714, 18.3619441986, 75.7249526978, 319.182434082, 712.82043457, 379.603485107, 105.953544617, 142.183670044, 238.80480957, 522.41229248, 794.512145996, 1178.81384277, 408.26852417, 380.834747314, 1438.43078613, 1539.05334473, 380.348022461, 482.427703857, 322.946899414, 265.093811035, 414.310699463, 374.978149414, 308.678344727, 530.269592285, 938.716003418, 1943.76391602, 4314.29199219, 806.201660156, 174.4193573, 81.4311218262, 47.7516899109, 30.1623706818, 9.96918869019, 2.57074904442, 0.952104866505, 0.513000130653, 0.00532675953582, 6.25988832326e-05, 2.53550798135e-08, 8.46608061433e-10],
        "dvar2": [0.518378078938, 38.7568321228, 189.482284546, 902.326477051, 1745.09790039, 1107.07653809, 285.842315674, 332.823364258, 614.774658203, 1179.42333984, 1812.33544922, 2633.60913086, 772.328796387, 725.264465332, 2955.3984375, 3085.25219727, 804.83203125, 1101.88378906, 720.243652344, 471.634857178, 957.567504883, 904.763977051, 651.781982422, 979.687011719, 1583.61657715, 2986.60595703, 7985.33154297, 1394.77404785, 329.051849365, 159.44720459, 96.7196502686, 66.9162521362, 23.4024906158, 5.73136138916, 2.24944257736, 1.09090459347, 0.0105488225818, 0.000124214435345, 5.02283867831e-08, 1.65445657174e-09],
        "max": [4.96232175827, 36.9154624939, 78.5589752197, 162.712234497, 266.259246826, 179.431884766, 82.3852539062, 164.651489258, 246.567260742, 504.563659668, 468.936553955, 593.847473145, 473.890472412, 387.455505371, 700.573669434, 614.147460938, 270.409057617, 441.11340332, 334.257995605, 453.138336182, 386.931152344, 208.345474243, 223.191192627, 240.48475647, 339.15713501, 463.892578125, 719.969299316, 365.823272705, 151.647735596, 180.78338623, 119.144973755, 88.6089019775, 53.5572738647, 24.4918651581, 18.489490509, 12.7741641998, 1.37351083755, 0.158249378204, 0.00280640600249, 0.000243689515628],
        "mean": [0.456233501434, 4.0725736618, 7.28917837143, 9.49825668335, 16.4708633423, 9.47745227814, 5.62651586533, 5.64684915543, 7.39036750793, 9.34300994873, 13.4675369263, 10.9187498093, 9.56024265289, 11.063170433, 19.7377758026, 19.2308311462, 8.45840835571, 9.55773067474, 8.74867343903, 7.58836984634, 8.97202014923, 9.61314296722, 10.621055603, 11.5053405762, 16.1138954163, 23.6360282898, 26.8549842834, 13.1358804703, 7.46380376816, 5.70123720169, 4.1508731842, 2.87251377106, 1.64726543427, 0.79182690382, 0.425210565329, 0.212007567286, 0.0291489548981, 0.00306844362058, 8.66395857884e-05, 4.75968226965e-05],
        "median": [0.174958467484, 3.2086520195, 5.80259132385, 5.90005302429, 9.75147914886, 4.70387935638, 2.76035070419, 1.95861804485, 3.00449323654, 2.07617950439, 2.3909304142, 1.92309308052, 1.80657792091, 1.77467918396, 1.75463628769, 1.90307629108, 1.05209183693, 1.48872900009, 1.9532892704, 1.60947489738, 1.96484136581, 2.45203733444, 3.65769863129, 3.63527274132, 3.26935148239, 3.59358763695, 2.46242713928, 1.47274255753, 1.1914498806, 1.16907477379, 0.961875796318, 0.653958797455, 0.459580361843, 0.242867350578, 0.0926206111908, 0.0281320158392, 0.00668514054269, 0.000664256280288, 3.25047076331e-05, 3.86578867619e-05],
        "min": [1.50653732476e-21, 5.41122533194e-21, 4.33538929971e-20, 1.49492229128e-19, 2.27457426906e-19, 1.96141351192e-19, 2.93596436391e-19, 6.69911192531e-19, 1.0530682316e-18, 6.62682150966e-19, 2.54477126519e-19, 8.46531520707e-19, 6.89431776108e-19, 1.86467603175e-18, 1.62794686661e-18, 5.02599985989e-18, 5.32873348842e-18, 4.79964602117e-18, 7.85421474663e-18, 4.1261568072e-18, 6.28317707899e-18, 1.53887572737e-17, 1.79936714454e-17, 8.68399932375e-18, 1.49952227886e-17, 1.2360970175e-17, 1.59386222772e-17, 1.02439138937e-17, 1.42528645848e-17, 2.45052024858e-17, 2.24637637474e-17, 2.25148107174e-17, 1.33099895287e-17, 1.23975969053e-17, 8.92506126095e-18, 4.93395037414e-18, 2.90043354448e-18, 1.01045478158e-18, 3.35291534992e-19, 3.52436035797e-20],
        "var": [0.366328984499, 22.5948600769, 76.0944519043, 222.73550415, 734.412353516, 277.440124512, 91.8193435669, 174.309234619, 230.329666138, 658.182678223, 1009.27044678, 1423.67346191, 805.427307129, 857.598693848, 4734.6015625, 4417.52978516, 814.979858398, 737.806213379, 499.990844727, 551.243103027, 716.541870117, 487.212432861, 485.180023193, 837.870056152, 1858.96386719, 4561.46679688, 7417.54101562, 1490.58837891, 337.485137939, 159.562103271, 98.3511276245, 47.0475997925, 14.5016393661, 4.10636901855, 1.77166748047, 0.724880993366, 0.00866890978068, 9.97004754026e-05, 4.39775931227e-08, 1.68525682298e-09]
    },
    "gfcc": {
        "mean": [-31.6548938751, 88.7183456421, -80.705078125, 68.7432327271, -51.7540016174, 24.4962348938, -29.316400528, 14.9206027985, -25.1768131256, 1.92847585678, -14.4543008804, -2.92958211899, -11.2213983536],
        "cov": [[11175.0214844, 50.6915969849, -943.100219727, 90.5691757202, -366.64453125, -28.113199234, -224.154541016, -90.8781585693, -187.521377563, 27.5736694336, -105.411773682, -26.1042346954, -62.925037384], [50.6915969849, 743.014892578, -60.5510902405, -237.015823364, 103.092498779, 5.70098114014, 118.8934021, -9.53518199921, 10.722902298, -85.7446517944, 69.3518371582, -64.7413101196, 19.5954017639], [-943.100219727, -60.5510902405, 723.000549316, 236.342453003, 59.6131820679, -39.9610862732, -92.1511077881, -22.993927002, 22.5749397278, 11.9056596756, -17.9020633698, 49.1192321777, 16.9947109222], [90.5691757202, -237.015823364, 236.342453003, 559.820617676, 4.57218503952, -139.435317993, -71.243598938, -123.635848999, 15.554274559, 21.8930130005, -40.251449585, -14.2302865982, 53.2132377625], [-366.64453125, 103.092498779, 59.6131820679, 4.57218503952, 203.838592529, 35.5189933777, 4.54432296753, -15.1173715591, 11.846162796, -13.8736515045, 13.3462295532, 9.28466796875, 24.9057540894], [-28.113199234, 5.70098114014, -39.9610862732, -139.435317993, 35.5189933777, 209.894424438, 76.1112442017, 31.506521225, -19.1223964691, -29.0503387451, 23.2033081055, 16.5175533295, -7.9356803894], [-224.154541016, 118.8934021, -92.1511077881, -71.243598938, 4.54432296753, 76.1112442017, 212.025054932, 19.5824756622, -16.5226402283, -30.6294555664, 27.2074928284, -6.91066741943, 7.83367586136], [-90.8781585693, -9.53518199921, -22.993927002, -123.635848999, -15.1173715591, 31.506521225, 19.5824756622, 155.949020386, 61.3139533997, 18.3027687073, -3.1767013073, -1.7945318222, -18.9417877197], [-187.521377563, 10.722902298, 22.5749397278, 15.554274559, 11.846162796, -19.1223964691, -16.5226402283, 61.3139533997, 123.6329422, 36.658706665, -1.73509824276, -21.2374343872, 2.50030565262], [27.5736694336, -85.7446517944, 11.9056596756, 21.8930130005, -13.8736515045, -29.0503387451, -30.6294555664, 18.3027687073, 36.658706665, 96.3730545044, 18.2629165649, 5.73726511002, -4.17345619202], [-105.411773682, 69.3518371582, -17.9020633698, -40.251449585, 13.3462295532, 23.2033081055, 27.2074928284, -3.1767013073, -1.73509824276, 18.2629165649, 77.7583999634, 22.6455001831, 6.81479167938], [-26.1042346954, -64.7413101196, 49.1192321777, -14.2302865982, 9.28466796875, 16.5175533295, -6.91066741943, -1.7945318222, -21.2374343872, 5.73726511002, 22.6455001831, 87.443687439, 15.0312633514], [-62.925037384, 19.5954017639, 16.9947109222, 53.2132377625, 24.9057540894, -7.9356803894, 7.83367586136, -18.9417877197, 2.50030565262, -4.17345619202, 6.81479167938, 15.0312633514, 64.1224899292]],
        "icov": [[0.000151023719809, -0.000376761017833, 0.000331432995154, -0.000406596780522, 0.000322894135024, -0.000384615064831, 0.000399318581913, -0.000207520104595, 0.00036595473648, -0.000433708890341, 0.00054828642169, -0.000486999459099, 0.000243211659836], [-0.000376761017833, 0.00462907273322, -0.00157053372823, 0.00354447937571, -0.00216028629802, 0.00332144228742, -0.00239903386682, 0.00207034195773, -0.0022612195462, 0.00459945062175, -0.00528470799327, 0.0051615354605, -0.00241551548243], [0.000331432995154, -0.00157053372823, 0.00273410556838, -0.00233767996542, 0.000457694171928, -0.00150984909851, 0.00171409756877, -0.00120633258484, 0.000857667939272, -0.00139206787571, 0.00212254771031, -0.00313649396412, 0.00147575000301], [-0.000406596780522, 0.00354447937571, -0.00233767996542, 0.00626114150509, -0.00148240895942, 0.00388168543577, -0.00229106284678, 0.00432173954323, -0.00296080997214, 0.00272408151068, -0.00264378730208, 0.00463400175795, -0.00395837798715], [0.000322894135024, -0.00216028629802, 0.000457694171928, -0.00148240895942, 0.0069524385035, -0.00281750457361, 0.00163073162548, 9.58706368692e-05, -0.000134186964715, -0.00127727352083, 0.00184108072426, -0.00235503166914, -0.000855559716001], [-0.000384615064831, 0.00332144228742, -0.00150984909851, 0.00388168543577, -0.00281750457361, 0.00937290210277, -0.00371095282026, 0.000874439254403, -0.00119523343164, 0.00456012133509, -0.00464146444574, 0.00287653319538, -0.00108519871719], [0.000399318581913, -0.00239903386682, 0.00171409756877, -0.00229106284678, 0.00163073162548, -0.00371095282026, 0.00794847216457, -0.00239850510843, 0.00229357136413, -0.000723339442629, 0.000469947583042, -0.00139275682159, -6.02123363933e-05], [-0.000207520104595, 0.00207034195773, -0.00120633258484, 0.00432173954323, 9.58706368692e-05, 0.000874439254403, -0.00239850510843, 0.0126381041482, -0.00741139845923, 0.000906141474843, 0.000290422729449, 0.000789912883192, 0.00012614930165], [0.00036595473648, -0.0022612195462, 0.000857667939272, -0.00296080997214, -0.000134186964715, -0.00119523343164, 0.00229357136413, -0.00741139845923, 0.0149069912732, -0.00592867331579, 0.00183508673217, 0.00140857452061, -0.00077777687693], [-0.000433708890341, 0.00459945062175, -0.00139206787571, 0.00272408151068, -0.00127727352083, 0.00456012133509, -0.000723339442629, 0.000906141474843, -0.00592867331579, 0.0188406240195, -0.0100512197241, 0.00377828348428, -0.000666389532853], [0.00054828642169, -0.00528470799327, 0.00212254771031, -0.00264378730208, 0.00184108072426, -0.00464146444574, 0.000469947583042, 0.000290422729449, 0.00183508673217, -0.0100512197241, 0.0234980136156, -0.00990623794496, 0.00162244110834], [-0.000486999459099, 0.0051615354605, -0.00313649396412, 0.00463400175795, -0.00235503166914, 0.00287653319538, -0.00139275682159, 0.000789912883192, 0.00140857452061, 0.00377828348428, -0.00990623794496, 0.0211214162409, -0.00710273999721], [0.000243211659836, -0.00241551548243, 0.00147575000301, -0.00395837798715, -0.000855559716001, -0.00108519871719, -6.02123363933e-05, 0.00012614930165, -0.00077777687693, -0.000666389532853, 0.00162244110834, -0.00710273999721, 0.0211879350245]]
    },
    "melbands": {
        "dmean": [0.00233549973927, 0.00206927815452, 0.00132672744803, 0.000682517304085, 0.000182144562132, 0.00010517249757, 8.91840973054e-05, 9.14074262255e-05, 8.8148706709e-05, 5.84025656281e-05, 3.38316094712e-05, 2.90719381155e-05, 3.16415644193e-05, 4.79473856103e-05, 2.10452435567e-05, 1.14019785542e-05, 1.3834100173e-05, 1.06950692498e-05, 8.5116844275e-06, 6.91771947459e-06, 8.43429006636e-06, 7.60358443586e-06, 7.31956743039e-06, 6.49135017738e-06, 6.67826816425e-06, 9.2264099294e-06, 1.03176162156e-05, 1.10827540993e-05, 1.52836346388e-05, 9.68158474279e-06, 5.13074792252e-06, 3.35069876201e-06, 3.36536118084e-06, 2.13320026887e-06, 1.73619582711e-06, 1.82022120043e-06, 1.18932155146e-06, 8.45016302264e-07, 7.85571330653e-07, 4.35300677282e-07],
        "dmean2": [0.00359601294622, 0.00335727212951, 0.00230222614482, 0.00116065633483, 0.000319820246659, 0.000168531521922, 0.000146401580423, 0.000148207967868, 0.000137165989145, 8.84426990524e-05, 4.86656972498e-05, 4.34774519817e-05, 4.58307331428e-05, 6.66338382871e-05, 3.36398261425e-05, 1.82041785592e-05, 2.17917822738e-05, 1.67208145285e-05, 1.22324399854e-05, 1.0087274859e-05, 1.30066937345e-05, 1.19476144391e-05, 1.08444719444e-05, 9.84371035884e-06, 9.84895541478e-06, 1.29592990561e-05, 1.58247712534e-05, 1.5611982235e-05, 2.26041101996e-05, 1.43400702655e-05, 7.12124437996e-06, 5.02539478475e-06, 5.10074050908e-06, 3.14347312269e-06, 2.49499362326e-06, 2.70329746854e-06, 1.79503524578e-06, 1.26046768401e-06, 1.22728681617e-06, 6.70321185225e-07],
        "dvar": [2.35663519561e-05, 1.87321584235e-05, 9.74104113993e-06, 2.99435123452e-06, 1.57860398531e-07, 6.4682730283e-08, 5.70908156305e-08, 7.41296872775e-08, 6.03531660204e-08, 4.52544455243e-08, 1.12113793804e-08, 7.31581994984e-09, 9.37832478343e-09, 3.18867705573e-08, 6.60550547593e-09, 1.81692216827e-09, 1.97074401243e-09, 9.476439633e-10, 7.73722141911e-10, 4.49620701781e-10, 7.08834102525e-10, 4.42698600001e-10, 3.15856896194e-10, 3.07395359167e-10, 3.62697843981e-10, 5.41574340929e-10, 7.48287098951e-10, 1.02368935551e-09, 2.24836083085e-09, 7.7000295029e-10, 1.57894974873e-10, 6.36666067089e-11, 5.2987891852e-11, 2.38586858603e-11, 1.41853369329e-11, 2.23276952482e-11, 7.85042256896e-12, 4.12376383041e-12, 6.42232361042e-12, 1.46101815542e-12],
        "dvar2": [5.04914205521e-05, 3.8791422412e-05, 2.68594812951e-05, 7.95495543571e-06, 4.38378322087e-07, 1.52050489532e-07, 1.46423147385e-07, 1.6509953582e-07, 1.43240782791e-07, 1.00054585062e-07, 2.08733847984e-08, 1.36049544963e-08, 1.96854976764e-08, 5.48941159195e-08, 1.65350559911e-08, 4.31921254318e-09, 4.49900516841e-09, 2.22730212052e-09, 1.33085631404e-09, 8.52708237353e-10, 1.68782399168e-09, 1.10310027779e-09, 6.95300983455e-10, 6.56636856e-10, 6.8382366436e-10, 9.07162012176e-10, 1.58169788378e-09, 1.63775848439e-09, 4.28987201317e-09, 1.5252790142e-09, 2.69755856541e-10, 1.29730601262e-10, 1.17168302838e-10, 5.30946675514e-11, 2.80718226442e-11, 4.83404011264e-11, 1.79841315451e-11, 9.60454719229e-12, 1.59523175919e-11, 3.11161101225e-12],
        "max": [0.0471919327974, 0.0377965644002, 0.0266983918846, 0.0183236338198, 0.00312205776572, 0.00361779006198, 0.00383927719668, 0.00572641380131, 0.00458863237873, 0.00357270799577, 0.00252276076935, 0.00177145504858, 0.00140648137312, 0.00390827190131, 0.00120928429533, 0.000709551153705, 0.000939909310546, 0.000433270120993, 0.000687605934218, 0.00051772070583, 0.000460199808003, 0.000215938111069, 0.000180508519406, 0.000186127697816, 0.000201162241865, 0.000315067765769, 0.000347891676938, 0.000342973537045, 0.000515495426953, 0.000316208926961, 0.000173251450178, 9.89855834632e-05, 6.75629853504e-05, 0.000109370637801, 7.30919346097e-05, 5.7894452766e-05, 4.54866203654e-05, 2.75648872048e-05, 5.09115088789e-05, 2.36344912992e-05],
        "mean": [0.00454827118665, 0.00451048603281, 0.00201241276227, 0.00092743744608, 0.000234728315263, 0.000127976512886, 0.000109753367724, 0.000109274929855, 0.000109164102469, 6.59296783851e-05, 4.79485315736e-05, 4.4721946324e-05, 5.20452158526e-05, 8.70199073688e-05, 2.52389891102e-05, 1.49924353536e-05, 1.84030977834e-05, 1.38662235258e-05, 1.28858291646e-05, 8.48830859468e-06, 1.06465668068e-05, 9.49579407461e-06, 9.94398124021e-06, 8.95100401976e-06, 8.98294729268e-06, 1.17538975246e-05, 1.25524393297e-05, 1.6319563656e-05, 1.8616201487e-05, 1.10126366053e-05, 6.25210714134e-06, 4.12196959587e-06, 3.94722428609e-06, 2.78347329186e-06, 2.34295202972e-06, 2.26639645007e-06, 1.5234707007e-06, 1.14663703243e-06, 9.66468974184e-07, 5.74356022298e-07],
        "median": [0.00288910418749, 0.0037258900702, 0.00144138466567, 0.000542097026482, 0.000121541728731, 4.63142860099e-05, 4.43256685685e-05, 2.08249402931e-05, 1.72058607859e-05, 9.61296700552e-06, 7.39766437619e-06, 6.48263812764e-06, 5.35369781574e-06, 5.04824720338e-06, 3.14022463499e-06, 1.65824894793e-06, 2.77249091596e-06, 3.08431299345e-06, 2.1643340915e-06, 1.77219203579e-06, 2.22236940317e-06, 2.28332623919e-06, 2.68847088591e-06, 2.92195522889e-06, 2.64215032075e-06, 2.3888837859e-06, 2.15284853766e-06, 2.27862688007e-06, 1.61413208843e-06, 9.68419271885e-07, 7.85241240919e-07, 6.79135837345e-07, 6.31797831829e-07, 6.59773718326e-07, 5.55729570806e-07, 4.70158141752e-07, 3.70727207155e-07, 3.17459580401e-07, 2.70465420726e-07, 1.76296083509e-07],
        "min": [1.06336067664e-23, 1.72860865573e-23, 2.89648298935e-23, 1.42430366828e-23, 1.06542906993e-23, 1.45585210914e-23, 1.56187154382e-23, 5.69311448967e-24, 2.2702014652e-24, 5.40095078152e-24, 3.18738519058e-24, 7.34573233218e-24, 4.90239621145e-24, 7.00508562722e-24, 2.25632378471e-23, 6.06123761438e-24, 9.62458188227e-24, 1.41289453078e-23, 5.59392627489e-24, 6.24420443502e-24, 7.09821539025e-24, 1.50395826709e-23, 1.7004248644e-23, 1.30412694137e-23, 5.53164649529e-24, 1.15659583148e-23, 9.64044824165e-24, 7.44415535188e-24, 9.69851550402e-24, 6.66257011079e-24, 6.04362826683e-24, 7.13642544592e-24, 1.10220529202e-23, 1.50460150428e-23, 1.25106452812e-23, 1.23464501947e-23, 1.48399756184e-23, 9.6933484651e-24, 9.1059074148e-24, 1.06156152157e-23],
        "var": [3.12853517244e-05, 2.43747290369e-05, 7.54338179831e-06, 2.67797418019e-06, 1.33079737452e-07, 8.01411914608e-08, 5.44242695355e-08, 9.31364283474e-08, 7.40208463412e-08, 5.39471933791e-08, 2.20367759596e-08, 1.61869255777e-08, 2.2889972584e-08, 1.43740322756e-07, 7.65579599715e-09, 3.12101144928e-09, 3.02422953347e-09, 1.27220889379e-09, 1.7400934027e-09, 7.63740015675e-10, 1.10788256347e-09, 5.28296073554e-10, 4.75330830252e-10, 4.27313240348e-10, 5.41707456669e-10, 9.85428516564e-10, 1.25145238616e-09, 2.28984964323e-09, 3.76114206446e-09, 1.20816379123e-09, 2.96724783633e-10, 1.11588585594e-10, 8.12320211097e-11, 4.24859453174e-11, 3.19251361458e-11, 3.42316730517e-11, 1.2073313703e-11, 6.45197220303e-12, 7.04489504927e-12, 2.59628711759e-12]
    },
    "mfcc": {
        "mean": [-677.567016602, 104.656852722, 35.4454269409, 48.665813446, 14.0085344315, 15.2413358688, 12.8931541443, 11.2533626556, 2.98754096031, 6.02300834656, -0.364054679871, 1.93807303905, 0.196168929338],
        "cov": [[8545.48535156, -1.65200889111, -642.225219727, 0.455058515072, -323.345336914, -65.0147476196, -95.6070861816, -134.73059082, -119.082687378, 5.24858522415, -123.362419128, -29.7154312134, -70.6532974243], [-1.65200889111, 919.113525391, -104.72492981, -238.307815552, 5.46373987198, -55.5934906006, 114.487861633, 86.431892395, -6.64631843567, 1.00065112114, 39.0162353516, -4.5240240097, 22.6724319458], [-642.225219727, -104.72492981, 543.938049316, 210.413604736, 107.714805603, 35.4102287292, -44.907787323, -15.0491476059, 10.8203878403, -39.2618904114, -17.8339309692, 14.7000665665, -9.73879146576], [0.455058515072, -238.307815552, 210.413604736, 521.819152832, 74.8209991455, 59.1719284058, -79.0073623657, -110.934829712, 8.17119979858, -26.8790187836, -64.9594497681, -8.20199108124, -16.5415306091], [-323.345336914, 5.46373987198, 107.714805603, 74.8209991455, 246.640563965, 23.814201355, -54.3907699585, -20.6433448792, 1.41493427753, 2.3276348114, -14.3473815918, -8.51341056824, -0.496146351099], [-65.0147476196, -55.5934906006, 35.4102287292, 59.1719284058, 23.814201355, 161.428268433, 60.3718795776, 4.99481153488, -20.9258403778, -18.3126850128, -26.9267311096, -26.6007423401, -19.1665592194], [-95.6070861816, 114.487861633, -44.907787323, -79.0073623657, -54.3907699585, 60.3718795776, 161.049667358, 69.3556976318, -12.0162525177, -19.8386211395, 6.94042158127, -14.5870962143, -0.474296092987], [-134.73059082, 86.431892395, -15.0491476059, -110.934829712, -20.6433448792, 4.99481153488, 69.3556976318, 132.725128174, 27.5587902069, -0.798712074757, 15.7320871353, -5.13824510574, 2.13315558434], [-119.082687378, -6.64631843567, 10.8203878403, 8.17119979858, 1.41493427753, -20.9258403778, -12.0162525177, 27.5587902069, 88.0858001709, 39.6973381042, 8.05690574646, 2.75421309471, -0.976405620575], [5.24858522415, 1.00065112114, -39.2618904114, -26.8790187836, 2.3276348114, -18.3126850128, -19.8386211395, -0.798712074757, 39.6973381042, 100.092697144, 40.0935096741, 0.3853302598, -16.1065616608], [-123.362419128, 39.0162353516, -17.8339309692, -64.9594497681, -14.3473815918, -26.9267311096, 6.94042158127, 15.7320871353, 8.05690574646, 40.0935096741, 82.5151672363, 30.1742973328, -4.2616519928], [-29.7154312134, -4.5240240097, 14.7000665665, -8.20199108124, -8.51341056824, -26.6007423401, -14.5870962143, -5.13824510574, 2.75421309471, 0.3853302598, 30.1742973328, 65.4116973877, 21.7835025787], [-70.6532974243, 22.6724319458, -9.73879146576, -16.5415306091, -0.496146351099, -19.1665592194, -0.474296092987, 2.13315558434, -0.976405620575, -16.1065616608, -4.2616519928, 21.7835025787, 65.6400604248]],
