{
"lowlevel": {
    "average_loudness": 0.884783923626,
    "barkbands_crest": {
        "dmean": 2.51520633698,
        "dmean2": 3.95710206032,
        "dvar": 5.52655649185,
        "dvar2": 13.5077295303,
        "max": 26.2482833862,
        "mean": 11.0692157745,
        "median": 9.96704769135,
        "min": 2.55291056633,
        "var": 21.264175415
    },
    "barkbands_flatness_db": {
        "dmean": 0.022713618353,
        "dmean2": 0.0342342294753,
        "dvar": 0.000454079447081,
        "dvar2": 0.000918192323297,
        "max": 0.397202283144,
        "mean": 0.185893952847,
        "median": 0.184009507298,
        "min": 0.0719358772039,
        "var": 0.0023664557375
    },
    "barkbands_kurtosis": {
        "dmean": 3.72980809212,
        "dmean2": 5.79006099701,
        "dvar": 72.000541687,
        "dvar2": 158.373825073,
        "max": 222.085296631,
        "mean": 7.11272382736,
        "median": 3.84490633011,
        "min": -1.84756135941,
        "var": 177.392990112
    },
    "barkbands_skewness": {
        "dmean": 0.556708037853,
        "dmean2": 0.854260265827,
        "dvar": 0.410904973745,
        "dvar2": 0.947303473949,
        "max": 12.4494056702,
        "mean": 1.84552299976,
        "median": 1.7126904726,
        "min": -1.01269972324,
        "var": 1.54735946655
    },
    "barkbands_spread": {
        "dmean": 5.15002775192,
        "dmean2": 7.58248281479,
        "dvar": 42.7685279846,
        "dvar2": 83.9226837158,
        "max": 94.0508804321,
        "mean": 17.1131534576,
        "median": 13.2310361862,
        "min": 0.536149740219,
        "var": 158.433670044
    },
    "dissonance": {
        "dmean": 0.0229012258351,
        "dmean2": 0.0371930189431,
        "dvar": 0.000470934959594,
        "dvar2": 0.00118188362103,
        "max": 0.499966472387,
        "mean": 0.443644762039,
        "median": 0.453374385834,
        "min": 0.244135692716,
        "var": 0.00178195815533
    },
    "dynamic_complexity": 3.51061677933,
    "erbbands_crest": {
        "dmean": 2.67462468147,
        "dmean2": 4.15469408035,
        "dvar": 7.5707783699,
        "dvar2": 16.9260177612,
        "max": 32.4914970398,
        "mean": 10.9229917526,
        "median": 9.0740814209,
        "min": 2.45610308647,
        "var": 36.5100135803
    },
    "erbbands_flatness_db": {
        "dmean": 0.0185682736337,
        "dmean2": 0.0257171336561,
        "dvar": 0.000296922167763,
        "dvar2": 0.000493319472298,
        "max": 0.368062376976,
        "mean": 0.202395573258,
        "median": 0.198885455728,
        "min": 0.0962899029255,
        "var": 0.00180579337757
    },
    "erbbands_kurtosis": {
        "dmean": 1.50341403484,
        "dmean2": 2.30500197411,
        "dvar": 10.4918260574,
        "dvar2": 20.6731529236,
        "max": 68.3526763916,
        "mean": 1.98124754429,
        "median": 0.320324420929,
        "min": -1.73561811447,
        "var": 34.8478431702
    },
    "erbbands_skewness": {
        "dmean": 0.425853669643,
        "dmean2": 0.622784852982,
        "dvar": 0.193295791745,
        "dvar2": 0.373380839825,
        "max": 7.36407327652,
        "mean": 0.823264598846,
        "median": 0.745121359825,
        "min": -2.45321273804,
        "var": 1.3080650568
    },
    "erbbands_spread": {
        "dmean": 8.63050460815,
        "dmean2": 12.4225473404,
        "dvar": 91.9467086792,
        "dvar2": 177.655258179,
        "max": 110.770515442,
        "mean": 35.1186103821,
        "median": 31.5628223419,
        "min": 2.66671586037,
        "var": 346.216705322
    },
    "hfc": {
        "dmean": 3.85917687416,
        "dmean2": 5.29337215424,
        "dvar": 38.835811615,
        "dvar2": 74.2635726929,
        "max": 87.7434463501,
        "mean": 13.8074674606,
        "median": 8.74661636353,
        "min": 9.34136260184e-05,
        "var": 160.785888672
    },
    "melbands_crest": {
        "dmean": 3.23416233063,
        "dmean2": 5.24936246872,
        "dvar": 9.762134552,
        "dvar2": 25.6249294281,
        "max": 31.9354286194,
        "mean": 14.4662408829,
        "median": 13.4246444702,
        "min": 4.08986949921,
        "var": 26.2903366089
    },
    "melbands_flatness_db": {
        "dmean": 0.0277068577707,
        "dmean2": 0.0400184094906,
        "dvar": 0.000746880483348,
        "dvar2": 0.00141972862184,
        "max": 0.427237719297,
        "mean": 0.220379427075,
        "median": 0.221572771668,
        "min": 0.0474269352853,
        "var": 0.00376445590518
    },
    "melbands_kurtosis": {
        "dmean": 7.50199842453,
        "dmean2": 11.7687969208,
        "dvar": 158.711273193,
        "dvar2": 359.3465271,
        "max": 227.803115845,
        "mean": 15.7409992218,
        "median": 10.1083164215,
        "min": -1.57586300373,
        "var": 403.851745605
    },
    "melbands_skewness": {
        "dmean": 0.721244812012,
        "dmean2": 1.10968720913,
        "dvar": 0.654764413834,
        "dvar2": 1.53715801239,
        "max": 11.1779584885,
        "mean": 2.64345574379,
        "median": 2.44919037819,
        "min": -0.688947141171,
        "var": 2.27658605576
    },
    "melbands_spread": {
        "dmean": 5.63943195343,
        "dmean2": 8.52164554596,
        "dvar": 58.3606529236,
        "dvar2": 130.004592896,
        "max": 104.322792053,
        "mean": 17.7001113892,
        "median": 13.5269184113,
        "min": 0.759463727474,
        "var": 196.762023926
    },
    "pitch_salience": {
        "dmean": 0.0708226561546,
        "dmean2": 0.113509997725,
        "dvar": 0.00441924249753,
        "dvar2": 0.0111605133861,
        "max": 0.849721968174,
        "mean": 0.544103562832,
        "median": 0.560552656651,
        "min": 0.117508895695,
        "var": 0.0153656108305
    },
    "silence_rate_20dB": {
        "dmean": 0,
        "dmean2": 0,
        "dvar": 0,
        "dvar2": 0,
        "max": 1,
        "mean": 1,
        "median": 1,
        "min": 1,
        "var": 0
    },
    "silence_rate_30dB": {
        "dmean": 0,
        "dmean2": 0,
        "dvar": 0,
        "dvar2": 0,
        "max": 1,
        "mean": 1,
        "median": 1,
        "min": 1,
        "var": 0
    },
    "silence_rate_60dB": {
        "dmean": 0.0193648338318,
        "dmean2": 0.0387446731329,
        "dvar": 0.0189895089716,
        "dvar2": 0.0426694639027,
        "max": 1,
        "mean": 0.0305845923722,
        "median": 0,
        "min": 0,
        "var": 0.0296489428729
    },
    "spectral_centroid": {
        "dmean": 222.331695557,
        "dmean2": 325.394592285,
        "dvar": 79830.8984375,
        "dvar2": 155458.171875,
        "max": 3970.53198242,
        "mean": 1064.04931641,
        "median": 885.847290039,
        "min": 271.411254883,
        "var": 374706.65625
    },
    "spectral_complexity": {
        "dmean": 3.23315262794,
        "dmean2": 4.96706724167,
        "dvar": 17.5514411926,
        "dvar2": 33.4026145935,
        "max": 48,
        "mean": 13.4355401993,
        "median": 12,
        "min": 0,
        "var": 43.6622810364
    },
    "spectral_decrease": {
        "dmean": 1.52028045708e-09,
        "dmean2": 2.3067234789e-09,
        "dvar": 4.35049852908e-18,
        "dvar2": 9.17652168562e-18,
        "max": -1.81623836928e-14,
        "mean": -5.78025272091e-09,
        "median": -4.25784341118e-09,
        "min": -2.45859510528e-08,
        "var": 2.07906453748e-17
    },
    "spectral_energy": {
        "dmean": 0.00600258074701,
        "dmean2": 0.00904918275774,
        "dvar": 6.68959983159e-05,
        "dvar2": 0.000139876428875,
        "max": 0.0975898131728,
        "mean": 0.0230684019625,
        "median": 0.0170439425856,
        "min": 7.702189464e-08,
        "var": 0.000329357659211
    },
    "spectral_energyband_high": {
        "dmean": 0.000260240631178,
        "dmean2": 0.00036508278572,
        "dvar": 4.03202932375e-07,
        "dvar2": 7.90303772646e-07,
        "max": 0.00624873721972,
        "mean": 0.000409762258641,
        "median": 0.000167269536178,
        "min": 1.55712198691e-09,
        "var": 6.29930013929e-07
    },
    "spectral_energyband_low": {
        "dmean": 0.00286321598105,
        "dmean2": 0.00469725485891,
        "dvar": 2.95248846669e-05,
        "dvar2": 7.2389113484e-05,
        "max": 0.0598058775067,
        "mean": 0.00504021625966,
        "median": 0.00299426587299,
        "min": 5.11997277908e-10,
        "var": 4.05684040743e-05
    },
    "spectral_energyband_middle_high": {
        "dmean": 0.00106650148518,
        "dmean2": 0.00151318788994,
        "dvar": 3.41360896527e-06,
        "dvar2": 5.69211033508e-06,
        "max": 0.0540289767087,
        "mean": 0.00345372920856,
        "median": 0.00164011167362,
        "min": 3.62762371253e-08,
        "var": 3.01186555589e-05
    },
    "spectral_energyband_middle_low": {
        "dmean": 0.00400533666834,
        "dmean2": 0.00597705412656,
        "dvar": 3.52144670615e-05,
        "dvar2": 7.00322343619e-05,
        "max": 0.0953374356031,
        "mean": 0.0147183649242,
        "median": 0.00860855635256,
        "min": 3.86605414349e-08,
        "var": 0.000219596229726
    },
    "spectral_entropy": {
        "dmean": 0.193364202976,
        "dmean2": 0.266586720943,
        "dvar": 0.0412120819092,
        "dvar2": 0.0639555826783,
        "max": 8.41297054291,
        "mean": 7.2678027153,
        "median": 7.31480312347,
        "min": 5.21034145355,
        "var": 0.258183717728
    },
    "spectral_flux": {
        "dmean": 0.02176980488,
        "dmean2": 0.0338140763342,
        "dvar": 0.00067121401662,
        "dvar2": 0.00138420751318,
        "max": 0.243226051331,
        "mean": 0.0669719949365,
        "median": 0.0567382499576,
        "min": 0.000277528190054,
        "var": 0.00139109767042
    },
    "spectral_kurtosis": {
        "dmean": 2.25577020645,
        "dmean2": 3.67363810539,
        "dvar": 6.23169994354,
        "dvar2": 15.4339323044,
        "max": 28.9292144775,
        "mean": 4.13407182693,
        "median": 3.41935968399,
        "min": -0.83226776123,
        "var": 11.886964798
    },
    "spectral_rms": {
        "dmean": 0.000616902310867,
        "dmean2": 0.000917068333365,
        "dvar": 5.36986476618e-07,
        "dvar2": 1.05453852939e-06,
        "max": 0.00975753925741,
        "mean": 0.00437448034063,
        "median": 0.00407777354121,
        "min": 8.66852406034e-06,
        "var": 3.36965695169e-06
    },
    "spectral_rolloff": {
        "dmean": 384.072967529,
        "dmean2": 625.131713867,
        "dvar": 494155.59375,
        "dvar2": 1042726.8125,
        "max": 7235.15625,
        "mean": 1057.23852539,
        "median": 732.12890625,
        "min": 107.666015625,
        "var": 970158.8125
    },
    "spectral_skewness": {
        "dmean": 0.306457817554,
        "dmean2": 0.458927184343,
        "dvar": 0.0883863866329,
        "dvar2": 0.189773008227,
        "max": 4.16677618027,
        "mean": 1.48989880085,
        "median": 1.44327056408,
        "min": 0.0847953483462,
        "var": 0.351905733347
    },
    "spectral_spread": {
        "dmean": 541309.3125,
        "dmean2": 748150.625,
        "dvar": 267363696640,
        "dvar2": 456840478720,
        "max": 9422002,
        "mean": 3953905,
        "median": 3810473,
        "min": 1657198.375,
        "var": 1.02184085094e+12
    },
    "spectral_strongpeak": {
        "dmean": 0.392116039991,
        "dmean2": 0.626738667488,
        "dvar": 0.306716263294,
        "dvar2": 0.645306050777,
        "max": 9.18004322052,
        "mean": 1.17354369164,
        "median": 0.56464189291,
        "min": 0,
        "var": 1.84809184074
    },
    "zerocrossingrate": {
        "dmean": 0.00916482321918,
        "dmean2": 0.0106228133664,
        "dvar": 0.000105339400761,
        "dvar2": 0.000131039516418,
        "max": 0.18505859375,
        "mean": 0.0458617657423,
        "median": 0.04052734375,
        "min": 0.0107421875,
        "var": 0.000590183888562
    },
    "barkbands": {
        "dmean": [0.000196247579879, 0.00213197153062, 0.000988254905678, 0.000575728889089, 0.000970520952251, 0.00191120989621, 0.00132398225833, 0.000488967518322, 0.000790012418292, 0.000320016173646, 0.000442698015831, 0.000210665137274, 0.000119969794468, 0.000143105033203, 0.000148625840666, 0.000128018378746, 8.42478475533e-05, 7.98876062618e-05, 9.70900655375e-05, 7.29079984012e-05, 7.37155860406e-05, 5.98238730163e-05, 7.75113730924e-05, 3.56785858457e-05, 1.07668520286e-05, 1.08738973381e-08, 9.77881997599e-10],
        "dmean2": [0.000318032922223, 0.00361169874668, 0.0016760728322, 0.000989736872725, 0.00160556682386, 0.00280288117938, 0.00192155560944, 0.000661588157527, 0.00115003925748, 0.000468721409561, 0.000669969362207, 0.000322038831655, 0.000183439668035, 0.000226563148317, 0.00022847877699, 0.000215287087485, 0.000130102402181, 0.00012563164637, 0.000145565572893, 0.000112299385364, 0.000108841326437, 8.67656272021e-05, 0.000110872730147, 5.12386686751e-05, 1.6342059098e-05, 1.7419472087e-08, 1.81966874901e-09],
        "dvar": [9.061091788e-08, 1.75086024683e-05, 6.09349126535e-06, 1.5754181959e-06, 2.37428344008e-06, 1.47159971675e-05, 1.70340881596e-05, 2.99248540614e-06, 3.48105140802e-06, 8.92240223038e-07, 1.60977344876e-06, 2.2459484228e-07, 1.15553277169e-07, 1.114045034e-07, 1.06453761362e-07, 9.74489609007e-08, 2.38609594305e-08, 2.54389185272e-08, 2.52598901795e-08, 2.22733920197e-08, 3.08925329762e-08, 2.85962613589e-08, 3.86532583718e-08, 4.28226831772e-09, 9.15035658355e-10, 1.11750899028e-15, 2.16146740156e-18],
        "dvar2": [2.28670685942e-07, 4.38509378e-05, 1.65945002664e-05, 4.47654838354e-06, 6.71310317557e-06, 2.78339775832e-05, 3.36018274538e-05, 3.78229469788e-06, 6.39529798718e-06, 1.78182472155e-06, 2.56202906712e-06, 4.36895732037e-07, 2.34889540707e-07, 2.66096463974e-07, 2.21369617748e-07, 2.64147843154e-07, 5.31440917939e-08, 5.63988749036e-08, 5.57625661202e-08, 5.07775119729e-08, 6.29499439242e-08, 5.6629897216e-08, 8.36343900801e-08, 8.98486351986e-09, 2.07839945254e-09, 2.8362735185e-15, 6.92384666138e-18],
        "max": [0.00286724045873, 0.054562561214, 0.0294066667557, 0.0145845748484, 0.0219673309475, 0.0749840512872, 0.067009434104, 0.056049335748, 0.0325392149389, 0.021770324558, 0.0528539158404, 0.012906181626, 0.00902312062681, 0.00843924097717, 0.00726111466065, 0.00377676822245, 0.00210812478326, 0.00300500402227, 0.00254994491115, 0.0027285432443, 0.00171332678292, 0.00175435317215, 0.00219676224515, 0.000817873689812, 0.000693719659466, 6.62509876292e-07, 1.38321665233e-08],
        "mean": [0.000252868921962, 0.00260862801224, 0.00167574547231, 0.00104483426549, 0.00224504852667, 0.00502920662984, 0.00381438853219, 0.000734655826818, 0.00171887408942, 0.000577144208364, 0.00118838401977, 0.000410854088841, 0.000180497620022, 0.000246898300247, 0.000250137702096, 0.00016670775949, 0.000142478864291, 0.000130283588078, 0.000173949301825, 0.000130035346956, 0.000103872691398, 7.51266488805e-05, 9.13821641007e-05, 5.81419553782e-05, 1.82391941053e-05, 1.55115351674e-08, 7.70754071677e-10],
        "median": [8.69872164913e-05, 0.00130689330399, 0.000347622379195, 0.000532254343852, 0.00135023915209, 0.00174908072222, 0.000369238492567, 9.04861808522e-05, 0.000291056989226, 7.59832764743e-05, 0.000194560896489, 0.000148039544001, 7.74517538957e-05, 7.05639686203e-05, 8.44242313178e-05, 7.09682426532e-05, 6.10640490777e-05, 4.90564525535e-05, 7.52336200094e-05, 5.73891520617e-05, 3.49642905348e-05, 1.53447508637e-05, 2.00261347345e-05, 2.49877848546e-05, 3.92634592572e-06, 3.27288995905e-09, 2.71171529675e-10],
        "min": [2.79103823386e-10, 2.31926838845e-10, 6.00049732125e-11, 3.21530128911e-11, 5.16032150344e-09, 1.1200714134e-08, 2.60684918096e-09, 2.38551089993e-09, 1.71414100691e-08, 4.46907288953e-10, 6.43793951483e-09, 3.18149373513e-09, 2.35654673553e-09, 8.11306666293e-09, 8.60115623169e-09, 4.29268592894e-10, 2.06260764024e-09, 2.7164301919e-09, 1.79588321991e-09, 4.37918423746e-10, 3.02291525145e-10, 2.3430332674e-10, 1.83528997555e-10, 5.32033139766e-10, 7.02130298347e-11, 7.71989937254e-12, 9.2256662379e-12],
        "var": [1.47560825781e-07, 1.77468573384e-05, 7.63549360272e-06, 2.18771060645e-06, 6.21224626229e-06, 7.06729115336e-05, 9.54474526225e-05, 9.3031067081e-06, 1.71256615431e-05, 3.27075940731e-06, 1.93256491912e-05, 7.40278835565e-07, 1.87812645436e-07, 5.32742603809e-07, 2.88318517505e-07, 9.8722715336e-08, 5.18615159706e-08, 5.91669788719e-08, 6.05033534384e-08, 4.35325766546e-08, 4.4095305185e-08, 3.99634743076e-08, 5.16879126167e-08, 8.36551006245e-09, 1.88190707462e-09, 1.80556867641e-15, 1.75896483101e-18]
    },
    "erbbands": {
        "dmean": [0.0776025950909, 0.440778017044, 1.0431599617, 1.53445148468, 2.36501073837, 4.08185005188, 8.46737384796, 17.3258972168, 16.5764083862, 18.4904136658, 9.40815544128, 16.1661014557, 13.0225782394, 14.0679340363, 14.2628173828, 7.70604658127, 5.15785121918, 6.03066635132, 6.83823871613, 7.1664891243, 6.53384828568, 4.87313985825, 4.23398780823, 4.54456520081, 4.43595027924, 3.36169838905, 2.60967135429, 3.10176920891, 2.33582901955, 1.91277658939, 2.57939839363, 0.960862159729, 0.526648461819, 0.217987835407, 0.0163753703237, 0.000712323118933, 3.88513653888e-05, 5.97171447225e-06, 3.85038674722e-06, 7.06773789716e-06],
        "dmean2": [0.132288634777, 0.747224450111, 1.77048873901, 2.60233616829, 4.0590968132, 6.50391626358, 12.2298278809, 26.0272541046, 24.1874752045, 25.6312351227, 13.5853290558, 23.7582168579, 18.4619216919, 19.6617622375, 20.0570926666, 11.534992218, 7.87291431427, 9.62727546692, 10.2562236786, 11.3001184464, 11.0486764908, 7.53249931335, 6.54737663269, 6.76171207428, 6.72879934311, 5.19804954529, 3.85911083221, 4.59758043289, 3.4282002449, 2.71848893166, 3.7596476078, 1.37162303925, 0.75697350502, 0.327655524015, 0.0255864914507, 0.00109822431114, 5.69727781112e-05, 8.44755868457e-06, 5.47634181203e-06, 1.04667988126e-05],
        "dvar": [0.0189173016697, 0.968759715557, 7.26780414581, 10.22797966, 25.946023941, 44.1284599304, 354.880462646, 1408.16809082, 2921.26123047, 5303.30566406, 626.839599609, 1609.44567871, 1436.25915527, 1344.50354004, 1872.55505371, 341.88885498, 142.802368164, 214.143249512, 234.576812744, 223.814163208, 276.133850098, 82.7952804565, 76.3421020508, 64.8839111328, 51.0877456665, 53.4874420166, 33.8196601868, 64.7035903931, 48.777305603, 20.1407394409, 49.6807518005, 3.39996480942, 0.81686013937, 0.340077877045, 0.00465545570478, 7.69339476392e-06, 1.19188170444e-08, 1.61791455233e-10, 2.83208213825e-11, 8.97219659679e-11],
        "dvar2": [0.0481704436243, 2.51248788834, 19.8966617584, 28.4558734894, 78.8820495605, 118.554450989, 612.568969727, 2852.30371094, 5793.32324219, 9073.0859375, 970.264526367, 3120.69897461, 2777.43701172, 2225.42260742, 2812.52832031, 669.20123291, 280.990783691, 533.883911133, 459.63671875, 536.646789551, 771.937683105, 184.138473511, 174.064529419, 141.816574097, 117.466194153, 123.478897095, 66.6677856445, 139.739273071, 101.325584412, 37.2461090088, 112.209693909, 7.00648736954, 1.68932926655, 0.7702947855, 0.0109996953979, 1.797162804e-05, 2.67313495783e-08, 3.35892008652e-10, 5.54932592933e-11, 1.84283366345e-10],
        "max": [1.82851076126, 11.2028226852, 34.3196525574, 40.5057029724, 66.7643051147, 96.5365219116, 390.635894775, 868.578491211, 1169.7232666, 2067.92919922, 860.432250977, 832.377685547, 1037.09204102, 1355.88476562, 2058.37451172, 578.536743164, 326.284088135, 290.303375244, 463.17868042, 255.69670105, 182.206298828, 146.389251709, 186.815261841, 120.384254456, 121.090248108, 122.464950562, 68.6385421753, 78.4693603516, 72.826713562, 55.127910614, 84.5993347168, 25.2473983765, 14.4845819473, 12.7112255096, 1.40183770657, 0.055281508714, 0.00229444471188, 0.000251979974564, 7.20187526895e-05, 0.000114315873361],
        "mean": [0.0887742489576, 0.542271673679, 1.64134275913, 3.07268619537, 4.91237735748, 9.77603721619, 22.0325279236, 43.4957504272, 47.3994560242, 52.3183784485, 16.8271446228, 34.3913459778, 30.501203537, 29.0754203796, 36.5186042786, 15.3448028564, 9.64933300018, 10.1027431488, 14.3903169632, 11.4473314285, 9.01902961731, 8.74761104584, 7.25494003296, 8.17793273926, 8.5039396286, 5.95693349838, 4.35891675949, 3.83686351776, 2.83715820312, 2.41840147972, 2.9001994133, 1.41166102886, 0.894508183002, 0.386538654566, 0.023534508422, 0.00107366114389, 7.24146666471e-05, 1.19701635413e-05, 1.39415633384e-05, 2.7262216463e-05],
        "median": [0.0447859093547, 0.226659029722, 0.44722160697, 1.54195404053, 2.36467218399, 5.61823892593, 8.64308738708, 14.3581352234, 7.19108104706, 4.90335655212, 4.36440181732, 6.16632318497, 4.73849344254, 7.39173841476, 7.51669740677, 5.91425514221, 4.25077009201, 4.18732261658, 4.31088018417, 4.29561948776, 4.21420383453, 3.81503295898, 2.99939036369, 3.19453835487, 3.94076967239, 2.76656126976, 1.83738398552, 0.937797248363, 0.564698636532, 0.498070627451, 0.569786608219, 0.530844449997, 0.384354948997, 0.0985232442617, 0.00301749864593, 0.000178106376552, 2.5742334401e-05, 5.28757391294e-06, 9.94255969999e-06, 2.04248626687e-05],
        "min": [1.50916878994e-08, 2.08865085227e-08, 7.72920785153e-08, 1.57345738216e-07, 2.56479302152e-06, 2.36712403421e-05, 4.20021024183e-05, 0.000116597104352, 3.86152023566e-05, 5.34184000571e-05, 0.000149680374307, 0.000429089559475, 4.25646430813e-05, 4.2438347009e-05, 0.000319646613207, 0.000132755274535, 0.000141482320032, 0.00023978522222, 0.000674221431836, 0.000146685080836, 4.23788478656e-05, 0.000116442490253, 0.00012434166274, 0.000156615991727, 4.56638554169e-05, 2.36318883253e-05, 1.46059846884e-05, 1.1417125279e-05, 7.97784468887e-06, 6.73575277688e-06, 5.14029807164e-06, 6.64632216285e-06, 1.11381050374e-05, 2.01162129088e-06, 1.24493880094e-07, 3.44690995746e-08, 1.43354812465e-08, 6.1160192466e-09, 1.32577560041e-09, 2.16340029224e-10],
        "var": [0.0198876559734, 0.897115647793, 7.35066652298, 15.9634189606, 47.7416915894, 142.079696655, 2044.89746094, 6098.27392578, 14093.3291016, 33907.0039062, 1890.63757324, 8431.79785156, 6330.93457031, 6248.51171875, 17060.0488281, 999.057006836, 367.486816406, 375.822265625, 1413.08850098, 426.274475098, 240.985366821, 196.151824951, 173.193817139, 156.067642212, 125.360420227, 94.5538635254, 57.7251396179, 80.8876495361, 62.4933357239, 33.932888031, 58.68201828, 5.88268184662, 1.93972158432, 0.746742248535, 0.00619248114526, 1.09747961687e-05, 2.25034888501e-08, 3.72878422583e-10, 1.26698360137e-10, 4.51150977687e-10]
    },
    "gfcc": {
        "mean": [-46.9530410767, 137.458236694, -142.307479858, 52.3034858704, -78.0479202271, 15.0149440765, -36.9444236755, -4.18785858154, -7.32596826553, -18.9048957825, 14.5974550247, -16.0305290222, 13.9129495621],
        "cov": [[2851.43823242, -596.245666504, 114.650802612, 76.7646255493, -287.230010986, 205.918563843, -36.244682312, 204.998184204, -124.466415405, 142.382629395, -76.6118164062, -73.8302001953, -3.39865922928], [-596.245666504, 750.163757324, 111.790039062, -112.684593201, 260.891601562, -91.6120529175, 93.9211807251, -147.87008667, 53.1856040955, -138.494659424, 17.4548797607, -63.2554931641, 5.86754512787], [114.650802612, 111.790039062, 558.528015137, 34.5399169922, -26.3448448181, 89.7834701538, -90.6777801514, -14.6216220856, -53.0319442749, 3.0382874012, -25.5739746094, -17.3194541931, -12.9045419693], [76.7646255493, -112.684593201, 34.5399169922, 530.711975098, 150.6171875, 77.7555923462, 88.8281860352, -26.5945949554, 76.3244857788, -68.3794250488, -103.102920532, 5.68918943405, -105.805961609], [-287.230010986, 260.891601562, -26.3448448181, 150.6171875, 305.736022949, 28.6252822876, 93.8848724365, -10.6725149155, 36.1140708923, -67.568397522, -36.8504905701, -50.1277732849, -34.123966217], [205.918563843, -91.6120529175, 89.7834701538, 77.7555923462, 28.6252822876, 224.223373413, 43.226978302, 17.5770587921, -12.4271383286, 14.545384407, -52.781665802, -22.231294632, -33.9635658264], [-36.244682312, 93.9211807251, -90.6777801514, 88.8281860352, 93.8848724365, 43.226978302, 171.136627197, -2.63677024841, 40.7594146729, -18.571931839, -16.3741779327, -29.6434116364, -25.9836826324], [204.998184204, -147.87008667, -14.6216220856, -26.5945949554, -10.6725149155, 17.5770587921, -2.63677024841, 178.56199646, -4.29357385635, 45.8238449097, -1.63157761097, -19.5358066559, 5.16211795807], [-124.466415405, 53.1856040955, -53.0319442749, 76.3244857788, 36.1140708923, -12.4271383286, 40.7594146729, -4.29357385635, 138.884750366, -13.4818315506, -11.483956337, 15.4084405899, -25.2465057373], [142.382629395, -138.494659424, 3.0382874012, -68.3794250488, -67.568397522, 14.545384407, -18.571931839, 45.8238449097, -13.4818315506, 136.450912476, 43.1044540405, -1.5763784647, 30.8025341034], [-76.6118164062, 17.4548797607, -25.5739746094, -103.102920532, -36.8504905701, -52.781665802, -16.3741779327, -1.63157761097, -11.483956337, 43.1044540405, 113.987182617, 42.6107292175, 36.162979126], [-73.8302001953, -63.2554931641, -17.3194541931, 5.68918943405, -50.1277732849, -22.231294632, -29.6434116364, -19.5358066559, 15.4084405899, -1.5763784647, 42.6107292175, 105.417419434, 28.7240486145], [-3.39865922928, 5.86754512787, -12.9045419693, -105.805961609, -34.123966217, -33.9635658264, -25.9836826324, 5.16211795807, -25.2465057373, 30.8025341034, 36.162979126, 28.7240486145, 99.1218795776]],
        "icov": [[0.000527179043274, -0.00014595821267, 0.000110119661258, -0.000459842121927, 0.000830250035506, -0.000450892111985, 7.84389994806e-05, -0.000568481278606, 0.000401400146075, -0.000173818552867, 4.26874139521e-05, 0.000539835018571, -0.000284060399281], [-0.00014595821267, 0.0124320946634, -0.00592504628003, 0.00788243860006, -0.0105560999364, 0.00567375076935, -0.00704454490915, 0.00814813748002, -0.006046036724, 0.00788001716137, -0.00258168508299, 0.00405931146815, -0.00128243397921], [0.000110119661258, -0.00592504628003, 0.00517539866269, -0.00423612166196, 0.00519224675372, -0.00396065786481, 0.00513386493549, -0.00360124837607, 0.00323882256635, -0.00345929176547, 0.000691139895935, -0.0008967370959, 0.000377876975108], [-0.000459842121927, 0.00788243860006, -0.00423612166196, 0.00903057586402, -0.00870228372514, 0.00414659688249, -0.00572510249913, 0.00568798463792, -0.00436278991401, 0.004072568845, 0.00175494840369, -0.00131342932582, 0.00259718461893], [0.000830250035506, -0.0105560999364, 0.00519224675372, -0.00870228372514, 0.0152397416532, -0.0058544841595, 0.00468183727935, -0.00773673783988, 0.00481141079217, -0.00402397662401, 0.00022868772794, 0.000867318129167, -0.000947944936343], [-0.000450892111985, 0.00567375076935, -0.00396065786481, 0.00414659688249, -0.0058544841595, 0.00955665577203, -0.00576745672151, 0.00371237029321, -0.00146971421782, 0.00107684184331, 0.00265812012367, -0.000784406613093, 0.0016616754001], [7.84389994806e-05, -0.00704454490915, 0.00513386493549, -0.00572510249913, 0.00468183727935, -0.00576745672151, 0.0136196017265, -0.00425463356078, 0.00142246868927, -0.00345883704722, -0.00114363257308, 0.00126360356808, -0.000107489766378], [-0.000568481278606, 0.00814813748002, -0.00360124837607, 0.00568798463792, -0.00773673783988, 0.00371237029321, -0.00425463356078, 0.0121313296258, -0.0043978029862, 0.00296607334167, -0.00101655814797, 0.00300407339819, -0.000579163432121], [0.000401400146075, -0.006046036724, 0.00323882256635, -0.00436278991401, 0.00481141079217, -0.00146971421782, 0.00142246868927, -0.0043978029862, 0.0124204419553, -0.00507140625268, 0.00307993520983, -0.00495424540713, 0.00294251763262], [-0.000173818552867, 0.00788001716137, -0.00345929176547, 0.004072568845, -0.00402397662401, 0.00107684184331, -0.00345883704722, 0.00296607334167, -0.00507140625268, 0.0171362161636, -0.0079137776047, 0.00711670750752, -0.00444503175095], [4.26874139521e-05, -0.00258168508299, 0.000691139895935, 0.00175494840369, 0.00022868772794, 0.00265812012367, -0.00114363257308, -0.00101655814797, 0.00307993520983, -0.0079137776047, 0.0183637328446, -0.00995619222522, 0.00228938087821], [0.000539835018571, 0.00405931146815, -0.0008967370959, -0.00131342932582, 0.000867318129167, -0.000784406613093, 0.00126360356808, 0.00300407339819, -0.00495424540713, 0.00711670750752, -0.00995619222522, 0.0202083587646, -0.00723305158317], [-0.000284060399281, -0.00128243397921, 0.000377876975108, 0.00259718461893, -0.000947944936343, 0.0016616754001, -0.000107489766378, -0.000579163432121, 0.00294251763262, -0.00444503175095, 0.00228938087821, -0.00723305158317, 0.0166128501296]]
    },
    "melbands": {
        "dmean": [0.000630062248092, 0.000522921676748, 0.00027851908817, 0.000222521659452, 0.000254289217992, 0.000378865486709, 0.00025452976115, 0.000175473222043, 8.30977514852e-05, 0.000107941210445, 6.51116642985e-05, 5.80720479775e-05, 5.85104935453e-05, 2.24080231419e-05, 2.18748809857e-05, 1.05537756099e-05, 1.209088623e-05, 1.16670726129e-05, 1.22826786537e-05, 8.88508657226e-06, 7.56728877604e-06, 5.5204286582e-06, 4.33475452155e-06, 3.93237678509e-06, 3.91277126255e-06, 4.25272673965e-06, 2.85680698653e-06, 2.35265588344e-06, 1.6381976593e-06, 1.70748342043e-06, 1.97358008336e-06, 1.40693032336e-06, 1.0822426475e-06, 1.08759752493e-06, 1.65051835666e-06, 9.13931330615e-07, 5.09362052981e-07, 4.06072928172e-07, 3.18119617759e-07, 1.48630348917e-07],
        "dmean2": [0.00107419444248, 0.000865335401613, 0.00047051551519, 0.00036773775355, 0.000374221941456, 0.000560730462894, 0.000371221249225, 0.000243084708927, 0.000123410107335, 0.000156810114277, 9.29745365283e-05, 8.01315254648e-05, 8.35462415125e-05, 3.41631493939e-05, 3.32925374096e-05, 1.66528297996e-05, 1.94352687686e-05, 1.7884411136e-05, 1.89388592844e-05, 1.4572922737e-05, 1.28954434331e-05, 8.57964278111e-06, 6.75394130667e-06, 6.20286664343e-06, 5.93938329985e-06, 6.4406049205e-06, 4.56234738522e-06, 3.64851189261e-06, 2.43564204538e-06, 2.57778242485e-06, 2.98970007861e-06, 2.11180054066e-06, 1.57763372499e-06, 1.5738859247e-06, 2.41579914473e-06, 1.33989817641e-06, 7.45842555716e-07, 5.84559586514e-07, 4.82805035062e-07, 2.2797600252e-07],
        "dvar": [1.32812465381e-06, 1.6368908291e-06, 3.3317917314e-07, 1.39042512615e-07, 2.49347181125e-07, 6.10623658304e-07, 6.03780506481e-07, 4.88048385705e-07, 5.23152046128e-08, 6.80207747905e-08, 3.52217988109e-08, 2.28080008213e-08, 3.33122258667e-08, 2.75983835785e-09, 4.19643697569e-09, 5.26654220234e-10, 8.3113349536e-10, 7.90667920025e-10, 8.01101240899e-10, 4.13173245617e-10, 3.67094604714e-10, 1.22980362005e-10, 7.89709339588e-11, 7.5005272826e-11, 5.20579655772e-11, 5.38668068484e-11, 2.73762575109e-11, 2.82708439991e-11, 1.11848126247e-11, 1.90637245573e-11, 2.74542021061e-11, 1.87257240963e-11, 8.26646303492e-12, 6.40889338127e-12, 2.21351669633e-11, 3.75262061009e-12, 8.81956020802e-13, 4.50687339011e-13, 4.8464303317e-13, 2.22768973949e-13],
        "dvar2": [3.2819802982e-06, 4.37694689026e-06, 9.30835426516e-07, 3.95268187958e-07, 4.42871623818e-07, 1.20652987334e-06, 1.21278014831e-06, 7.97540678832e-07, 9.42129076975e-08, 1.21883672932e-07, 6.71670932206e-08, 3.71707500335e-08, 5.11399420589e-08, 5.39739364314e-09, 7.67340591068e-09, 1.17190546156e-09, 2.0390737987e-09, 1.59054858173e-09, 1.76932923868e-09, 1.07317621456e-09, 1.02842478977e-09, 2.7429272742e-10, 1.87065654633e-10, 1.8525814216e-10, 1.16943468798e-10, 1.25216115254e-10, 6.72231853516e-11, 6.56959348033e-11, 2.22365650199e-11, 4.17822929033e-11, 6.00218208469e-11, 4.18040393968e-11, 1.44895961549e-11, 1.31554203295e-11, 5.02985465778e-11, 8.09505327354e-12, 1.83588257444e-12, 9.52163261431e-13, 1.11933986385e-12, 5.01703659086e-13],
        "max": [0.0163162630051, 0.0156741850078, 0.00656395498663, 0.00498194945976, 0.0105395140126, 0.017647029832, 0.0159075371921, 0.0194816235453, 0.00562370428815, 0.0055462103337, 0.00501814205199, 0.00506554730237, 0.00876089092344, 0.00139863498043, 0.0020069652237, 0.0005545586464, 0.000567456532735, 0.000812700774986, 0.000549418560695, 0.00038867891999, 0.000190329592442, 0.00018485977489, 0.000180756658665, 0.00016671155754, 0.000118381765787, 0.000137784838444, 6.52931266814e-05, 8.2897291577e-05, 5.28728742211e-05, 4.42908822151e-05, 5.00554488099e-05, 4.56478337583e-05, 3.44065192621e-05, 3.38176469086e-05, 5.70559386688e-05, 2.07063785638e-05, 1.34017127493e-05, 8.86961606739e-06, 1.45145459101e-05, 1.04997834569e-05],
        "mean": [0.000765759730712, 0.000828952528536, 0.000587495800573, 0.000516187981702, 0.000667127082124, 0.000995496171527, 0.000734721834306, 0.000472212996101, 0.000129784064484, 0.000238473367062, 0.000150074469275, 0.000111021356133, 0.000156644251547, 4.24014651799e-05, 3.7695885112e-05, 1.70504008565e-05, 1.88159083336e-05, 2.41999005084e-05, 1.86107572517e-05, 1.25283404486e-05, 9.47316402744e-06, 9.2845502877e-06, 6.83259258949e-06, 6.07256697549e-06, 6.54012274026e-06, 7.35793310014e-06, 4.92282424602e-06, 3.73051193492e-06, 2.71318594969e-06, 2.37882977672e-06, 2.20401761908e-06, 1.6117579662e-06, 1.37427775826e-06, 1.31372451051e-06, 1.78158813924e-06, 1.16522767257e-06, 7.67833114423e-07, 6.44538033612e-07, 5.51720802378e-07, 2.36105364593e-07],
        "median": [0.000417480827309, 0.000290927157039, 0.00028601961094, 0.000286636088276, 0.000305368157569, 0.000321418629028, 0.000103804733953, 3.73996226699e-05, 3.05490466417e-05, 3.70547641069e-05, 1.92108782358e-05, 2.29282504733e-05, 2.57390202023e-05, 1.62954511325e-05, 8.86543602974e-06, 7.81286689744e-06, 6.67650374453e-06, 5.85692396271e-06, 6.80996799929e-06, 4.62901016363e-06, 3.9924734665e-06, 3.83112546842e-06, 2.72249189948e-06, 2.31475860346e-06, 2.36655250774e-06, 3.15478860102e-06, 2.13591260945e-06, 1.59423245805e-06, 1.15568627734e-06, 6.95391634054e-07, 4.5030864726e-07, 3.13452716227e-07, 2.62653543359e-07, 2.57494150446e-07, 2.93610014523e-07, 3.61967551044e-07, 3.07846050873e-07, 2.74171213732e-07, 1.8533503976e-07, 3.52292772732e-08],
        "min": [1.09656131397e-10, 3.49900490526e-11, 3.75179956547e-11, 8.57049098357e-10, 1.56645796334e-09, 2.42709319309e-09, 5.8843163675e-10, 5.06274966394e-10, 1.85219084514e-09, 2.41172770643e-09, 1.0035290654e-10, 9.53163312167e-11, 9.54734735714e-10, 4.43705100439e-10, 3.00750424564e-10, 3.38416406009e-10, 4.50954967812e-10, 1.18626808376e-09, 4.89659313097e-10, 4.4696822632e-11, 4.78391805336e-11, 1.46419293356e-10, 5.77250018619e-11, 1.55689808268e-10, 1.30488800321e-10, 4.7509954304e-11, 1.5937430195e-11, 1.47375618653e-11, 1.07573524741e-11, 4.56973391419e-12, 7.99747421065e-12, 4.48739179496e-12, 4.38584151635e-12, 3.15228854304e-12, 2.64637660743e-12, 2.99681221679e-12, 4.58641024464e-12, 9.25465173246e-12, 4.50022050874e-12, 3.87041608615e-13],
        "var": [1.41667590015e-06, 1.70786256604e-06, 5.48444120341e-07, 3.77713774924e-07, 1.41733244163e-06, 2.8434315027e-06, 2.92387562695e-06, 2.98525742437e-06, 1.32308215939e-07, 4.15695808442e-07, 1.6541309833e-07, 9.13507847145e-08, 3.86312990486e-07, 7.94574273044e-09, 1.2945279515e-08, 9.69594071698e-10, 1.69857594656e-09, 5.74782532681e-09, 1.40627942624e-09, 6.2271965362e-10, 3.08480241351e-10, 2.74921529986e-10, 1.49890794221e-10, 1.21302870526e-10, 1.15342589646e-10, 1.16896159419e-10, 5.84245984925e-11, 4.51676265834e-11, 2.02344738187e-11, 2.64190839344e-11, 3.13248489647e-11, 2.16182592661e-11, 1.32857449001e-11, 1.00444791373e-11, 2.55119536607e-11, 5.49761538376e-12, 1.5930722453e-12, 9.90196965221e-13, 1.02413173428e-12, 4.32539420947e-13]
    },
    "mfcc": {
        "mean": [-666.365356445, 130.667297363, 6.65563297272, 21.5059928894, 1.4133310318, 0.757591843605, -1.47691071033, 1.51702785492, -9.45622062683, 2.30755734444, -10.9158668518, 1.09928500652, -0.567333579063],
        "cov": [[2717.9699707, -735.452026367, 111.894943237, -4.74646997452, -116.532485962, 0.269319444895, 69.9279174805, -8.7616147995, 70.4491882324, 124.035484314, -20.0574798584, -44.1847572327, 58.3482093811], [-735.452026367, 923.036499023, -40.4216384888, -62.3324775696, 85.2347717285, -20.146074295, 38.922203064, -34.042350769, -30.1615486145, -24.5510978699, -55.8401908875, -7.10668563843, -49.268321991], [111.894943237, -40.4216384888, 556.200378418, -56.5035896301, 52.424823761, 40.0099372864, -8.53140163422, -47.443523407, -17.9710903168, -35.8505897522, -30.2583293915, -4.97511482239, 33.5637321472], [-4.74646997452, -62.3324775696, -56.5035896301, 365.42376709, 76.5833892822, 114.426826477, -15.2918987274, 117.237182617, 43.8060569763, 11.0918531418, 47.2139282227, 3.3300974369, -39.4526901245], [-116.532485962, 85.2347717285, 52.424823761, 76.5833892822, 192.709945679, 37.4466285706, 30.305109024, 41.8945770264, 33.9249763489, 7.83191251755, 9.79642677307, -5.04610586166, -19.5067195892], [0.269319444895, -20.146074295, 40.0099372864, 114.426826477, 37.4466285706, 277.779785156, 3.8419470787, 88.2091827393, 35.9364356995, 18.1633052826, 32.1582946777, -8.85726165771, -39.8942489624], [69.9279174805, 38.922203064, -8.53140163422, -15.2918987274, 30.305109024, 3.8419470787, 178.975357056, -27.5197105408, 17.4639987946, 42.8609313965, -6.55725622177, -22.2300071716, 5.42476940155], [-8.7616147995, -34.042350769, -47.443523407, 117.237182617, 41.8945770264, 88.2091827393, -27.5197105408, 187.101470947, 38.6121444702, 4.49144363403, 36.5372161865, 4.04189395905, -33.1698188782], [70.4491882324, -30.1615486145, -17.9710903168, 43.8060569763, 33.9249763489, 35.9364356995, 17.4639987946, 38.6121444702, 112.510978699, 49.7961120605, 20.5765209198, -6.91421318054, -7.12740945816], [124.035484314, -24.5510978699, -35.8505897522, 11.0918531418, 7.83191251755, 18.1633052826, 42.8609313965, 4.49144363403, 49.7961120605, 132.734817505, 28.7665729523, -23.1143684387, -10.80560112], [-20.0574798584, -55.8401908875, -30.2583293915, 47.2139282227, 9.79642677307, 32.1582946777, -6.55725622177, 36.5372161865, 20.5765209198, 28.7665729523, 93.9805145264, 27.503484726, -4.57622480392], [-44.1847572327, -7.10668563843, -4.97511482239, 3.3300974369, -5.04610586166, -8.85726165771, -22.2300071716, 4.04189395905, -6.91421318054, -23.1143684387, 27.503484726, 83.9532318115, 31.4015350342], [58.3482093811, -49.268321991, 33.5637321472, -39.4526901245, -19.5067195892, -39.8942489624, 5.42476940155, -33.1698188782, -7.12740945816, -10.80560112, -4.57622480392, 31.4015350342, 99.5904846191]],
