{
"lowlevel": {
    "average_loudness": 0.951189875603,
    "barkbands_crest": {
        "dmean": 2.42867159843,
        "dmean2": 4.0279545784,
        "dvar": 6.133872509,
        "dvar2": 16.0308551788,
        "max": 22.4633769989,
        "mean": 6.79674625397,
        "median": 5.99771595001,
        "min": 2.14968466759,
        "var": 9.86979007721
    },
    "barkbands_flatness_db": {
        "dmean": 0.0153143825009,
        "dmean2": 0.0260529257357,
        "dvar": 0.000213452571188,
        "dvar2": 0.000584198860452,
        "max": 0.216658905149,
        "mean": 0.124676592648,
        "median": 0.122064433992,
        "min": 0.0802630409598,
        "var": 0.000426267273724
    },
    "barkbands_kurtosis": {
        "dmean": 0.599293112755,
        "dmean2": 1.04137659073,
        "dvar": 0.699135482311,
        "dvar2": 1.87798416615,
        "max": 9.09309005737,
        "mean": -0.780770719051,
        "median": -1.03656840324,
        "min": -1.72661852837,
        "var": 0.741858899593
    },
    "barkbands_skewness": {
        "dmean": 0.421455174685,
        "dmean2": 0.666926622391,
        "dvar": 0.182181328535,
        "dvar2": 0.443769156933,
        "max": 2.68425512314,
        "mean": 0.14494882524,
        "median": 0.0576518364251,
        "min": -1.5036110878,
        "var": 0.339839875698
    },
    "barkbands_spread": {
        "dmean": 5.6768746376,
        "dmean2": 9.21137714386,
        "dvar": 23.4879970551,
        "dvar2": 57.7380905151,
        "max": 59.6010284424,
        "mean": 35.9569778442,
        "median": 36.4140815735,
        "min": 4.99247694016,
        "var": 73.2619476318
    },
    "dissonance": {
        "dmean": 0.00811841059476,
        "dmean2": 0.0141305373982,
        "dvar": 8.21249486762e-05,
        "dvar2": 0.000223039329285,
        "max": 0.499999880791,
        "mean": 0.488311648369,
        "median": 0.491749972105,
        "min": 0.378490149975,
        "var": 0.000118351228593
    },
    "dynamic_complexity": 1.34169983864,
    "erbbands_crest": {
        "dmean": 1.86515307426,
        "dmean2": 3.10704755783,
        "dvar": 3.12044739723,
        "dvar2": 8.09926319122,
        "max": 28.2605895996,
        "mean": 7.76999759674,
        "median": 6.6325044632,
        "min": 2.93650174141,
        "var": 12.0862455368
    },
    "erbbands_flatness_db": {
        "dmean": 0.0125458613038,
        "dmean2": 0.0193632282317,
        "dvar": 0.000116060320579,
        "dvar2": 0.000264078960754,
        "max": 0.308074057102,
        "mean": 0.19761608541,
        "median": 0.195800840855,
        "min": 0.142656162381,
        "var": 0.000407824612921
    },
    "erbbands_kurtosis": {
        "dmean": 0.621757030487,
        "dmean2": 1.01538670063,
        "dvar": 0.349717438221,
        "dvar2": 0.922608196735,
        "max": 8.64442634583,
        "mean": 0.750705838203,
        "median": 0.556396484375,
        "min": -1.41300976276,
        "var": 1.19166123867
    },
    "erbbands_skewness": {
        "dmean": 0.259655505419,
        "dmean2": 0.421593874693,
        "dvar": 0.0521627143025,
        "dvar2": 0.129795983434,
        "max": 2.66385507584,
        "mean": -0.471872270107,
        "median": -0.566224753857,
        "min": -1.64336788654,
        "var": 0.330383718014
    },
    "erbbands_spread": {
        "dmean": 4.78226518631,
        "dmean2": 7.7376947403,
        "dvar": 22.1931037903,
        "dvar2": 56.1402015686,
        "max": 61.7897758484,
        "mean": 26.0846881866,
        "median": 25.2639160156,
        "min": 6.75462532043,
        "var": 45.6197662354
    },
    "hfc": {
        "dmean": 5.5916056633,
        "dmean2": 8.74661445618,
        "dvar": 26.593328476,
        "dvar2": 60.5366516113,
        "max": 93.0277557373,
        "mean": 36.1332969666,
        "median": 33.9968528748,
        "min": 0.000693810347002,
        "var": 192.458786011
    },
    "melbands_crest": {
        "dmean": 3.4683701992,
        "dmean2": 5.70837783813,
        "dvar": 8.95929908752,
        "dvar2": 22.5732555389,
        "max": 30.5175971985,
        "mean": 11.1182479858,
        "median": 10.3979654312,
        "min": 3.06584477425,
        "var": 18.4799728394
    },
    "melbands_flatness_db": {
        "dmean": 0.0240380261093,
        "dmean2": 0.038243226707,
        "dvar": 0.000581916887313,
        "dvar2": 0.00141617911868,
        "max": 0.285083115101,
        "mean": 0.12351693958,
        "median": 0.117737717927,
        "min": 0.045487370342,
        "var": 0.00133175170049
    },
    "melbands_kurtosis": {
        "dmean": 2.30959796906,
        "dmean2": 3.94491624832,
        "dvar": 13.4736213684,
        "dvar2": 35.1464309692,
        "max": 32.1314315796,
        "mean": 1.46359539032,
        "median": 0.227889537811,
        "min": -1.4157204628,
        "var": 13.3371038437
    },
    "melbands_skewness": {
        "dmean": 0.626797795296,
        "dmean2": 1.00051772594,
        "dvar": 0.433455318213,
        "dvar2": 1.06227266788,
        "max": 5.40761518478,
        "mean": 1.2145267725,
        "median": 1.04007673264,
        "min": -0.536674559116,
        "var": 0.778678119183
    },
    "melbands_spread": {
        "dmean": 11.4968309402,
        "dmean2": 18.3290958405,
        "dvar": 115.330482483,
        "dvar2": 275.562561035,
        "max": 100.559036255,
        "mean": 54.009513855,
        "median": 55.1204147339,
        "min": 9.59478282928,
        "var": 279.252532959
    },
    "pitch_salience": {
        "dmean": 0.0669958665967,
        "dmean2": 0.110849693418,
        "dvar": 0.00384285510518,
        "dvar2": 0.00985706131905,
        "max": 0.835413813591,
        "mean": 0.614409863949,
        "median": 0.625698924065,
        "min": 0.284431129694,
        "var": 0.0081727411598
    },
    "silence_rate_20dB": {
        "dmean": 0,
        "dmean2": 0,
        "dvar": 0,
        "dvar2": 0,
        "max": 1,
        "mean": 1,
        "median": 1,
        "min": 1,
        "var": 0
    },
    "silence_rate_30dB": {
        "dmean": 0,
        "dmean2": 0,
        "dvar": 0,
        "dvar2": 0,
        "max": 1,
        "mean": 1,
        "median": 1,
        "min": 1,
        "var": 0
    },
    "silence_rate_60dB": {
        "dmean": 0.000774593325332,
        "dmean2": 0.00154978688806,
        "dvar": 0.000773989362642,
        "dvar2": 0.00154736766126,
        "max": 1,
        "mean": 0.0123886950314,
        "median": 0,
        "min": 0,
        "var": 0.0122343348339
    },
    "spectral_centroid": {
        "dmean": 191.903121948,
        "dmean2": 305.939300537,
        "dvar": 30400.2167969,
        "dvar2": 76194.1796875,
        "max": 3323.38256836,
        "mean": 2423.24267578,
        "median": 2485.73852539,
        "min": 783.548095703,
        "var": 98453.6953125
    },
    "spectral_complexity": {
        "dmean": 4.09992265701,
        "dmean2": 6.58271980286,
        "dvar": 11.1704559326,
        "dvar2": 26.5787334442,
        "max": 61,
        "mean": 42.6724739075,
        "median": 44,
        "min": 0,
        "var": 69.6596755981
    },
    "spectral_decrease": {
        "dmean": 2.36883890281e-09,
        "dmean2": 3.83325238218e-09,
        "dvar": 8.91743796442e-18,
        "dvar2": 2.28666056688e-17,
        "max": -1.19728337487e-13,
        "mean": -6.50632214771e-09,
        "median": -5.61797319776e-09,
        "min": -2.91590129819e-08,
        "var": 1.26292446999e-17
    },
    "spectral_energy": {
        "dmean": 0.00926702003926,
        "dmean2": 0.0149457976222,
        "dvar": 0.000130441287183,
        "dvar2": 0.000333397241775,
        "max": 0.115828827024,
        "mean": 0.0278337653726,
        "median": 0.0246332399547,
        "min": 5.1480952834e-07,
        "var": 0.000199398928089
    },
    "spectral_energyband_high": {
        "dmean": 0.000364713603631,
        "dmean2": 0.000570594798774,
        "dvar": 1.61926223541e-07,
        "dvar2": 3.65330663499e-07,
        "max": 0.00753152929246,
        "mean": 0.0016812083777,
        "median": 0.00145127833821,
        "min": 2.31894965452e-08,
        "var": 8.70458677582e-07
    },
    "spectral_energyband_low": {
        "dmean": 0.00676275929436,
        "dmean2": 0.0115502346307,
        "dvar": 0.00011096396338,
        "dvar2": 0.000290881725959,
        "max": 0.0765727832913,
        "mean": 0.00794917903841,
        "median": 0.00418393220752,
        "min": 3.71428292567e-08,
        "var": 0.000102184225398
    },
    "spectral_energyband_middle_high": {
        "dmean": 0.00257219630294,
        "dmean2": 0.00411588838324,
        "dvar": 7.91930415289e-06,
        "dvar2": 2.15462405322e-05,
        "max": 0.0642701536417,
        "mean": 0.0132047217339,
        "median": 0.0116600245237,
        "min": 3.76408507918e-07,
        "var": 4.51050655101e-05
    },
    "spectral_energyband_middle_low": {
        "dmean": 0.00279612792656,
        "dmean2": 0.00461627822369,
        "dvar": 1.34927349791e-05,
        "dvar2": 3.42617604474e-05,
        "max": 0.049157615751,
        "mean": 0.0058031254448,
        "median": 0.00454428605735,
        "min": 8.40656468881e-08,
        "var": 1.84799591807e-05
    },
    "spectral_entropy": {
        "dmean": 0.0564085580409,
        "dmean2": 0.090534761548,
        "dvar": 0.0026449074503,
        "dvar2": 0.0063163023442,
        "max": 8.52273368835,
        "mean": 7.85365009308,
        "median": 7.85955142975,
        "min": 7.27618503571,
        "var": 0.0117087205872
    },
    "spectral_flux": {
        "dmean": 0.022909514606,
        "dmean2": 0.0349840223789,
        "dvar": 0.000604844826739,
        "dvar2": 0.00112653162796,
        "max": 0.242519408464,
        "mean": 0.100974857807,
        "median": 0.0930947586894,
        "min": 0.000717502261978,
        "var": 0.0011920304969
    },
    "spectral_kurtosis": {
        "dmean": 1.47094476223,
        "dmean2": 2.61639451981,
        "dvar": 1.49343442917,
        "dvar2": 4.64633131027,
        "max": 10.4543190002,
        "mean": 2.79287695885,
        "median": 2.52978658676,
        "min": 0.00331997871399,
        "var": 2.04304289818
    },
    "spectral_rms": {
        "dmean": 0.000800494337454,
        "dmean2": 0.0012588306563,
        "dvar": 7.35665139473e-07,
        "dvar2": 1.82028259132e-06,
        "max": 0.010630321689,
        "mean": 0.00505350995809,
        "median": 0.00490228831768,
        "min": 2.24110062845e-05,
        "var": 1.6169437913e-06
    },
    "spectral_rolloff": {
        "dmean": 470.428924561,
        "dmean2": 766.219177246,
        "dvar": 220982.484375,
        "dvar2": 551743.75,
        "max": 5318.70117188,
        "mean": 2773.78735352,
        "median": 2820.84960938,
        "min": 193.798828125,
        "var": 482968.53125
    },
    "spectral_skewness": {
        "dmean": 0.176699236035,
        "dmean2": 0.309622824192,
        "dvar": 0.0202590711415,
        "dvar2": 0.0611371360719,
        "max": 2.53072047234,
        "mean": 0.825348973274,
        "median": 0.817863404751,
        "min": 0.0858698934317,
        "var": 0.0416619330645
    },
    "spectral_spread": {
        "dmean": 215927.671875,
        "dmean2": 336914.15625,
        "dvar": 80763150336,
        "dvar2": 120676884480,
        "max": 14980656,
        "mean": 3014375.75,
        "median": 2995825.25,
        "min": 1822387.875,
        "var": 196795826176
    },
    "spectral_strongpeak": {
        "dmean": 0.825741112232,
        "dmean2": 1.4547482729,
        "dvar": 1.31727254391,
        "dvar2": 3.28932499886,
        "max": 9.62666034698,
        "mean": 1.26084315777,
        "median": 0.402339816093,
        "min": 0.00681617669761,
        "var": 2.35953974724
    },
    "zerocrossingrate": {
        "dmean": 0.00868183746934,
        "dmean2": 0.0108388597146,
        "dvar": 5.3840874898e-05,
        "dvar2": 7.92124046711e-05,
        "max": 0.14697265625,
        "mean": 0.0835079997778,
        "median": 0.0830078125,
        "min": 0.0283203125,
        "var": 0.000317603873555
    },
    "barkbands": {
        "dmean": [9.42819096963e-05, 0.00485881930217, 0.00226618698798, 0.00131750199944, 0.00117448135279, 0.000452925160062, 0.00027997235884, 0.000273473007837, 0.000481216731714, 0.000556475075427, 0.000820444140118, 0.000919116893783, 0.000463248463348, 0.0003580248449, 0.000589297676925, 0.000574600009713, 0.000676627154462, 0.000458820752101, 0.000366145774024, 0.000286179682007, 0.000222658651182, 8.15757375676e-05, 4.52117710665e-05, 2.56216208072e-05, 5.85695624977e-06, 5.98863181267e-09, 1.24049281958e-09],
        "dmean2": [0.000164726516232, 0.00843470729887, 0.00403780862689, 0.00233910349198, 0.0019626065623, 0.000769287813455, 0.000454217835795, 0.000453676941106, 0.000778776884545, 0.000920270395, 0.00135202589445, 0.00148673378862, 0.000779964728281, 0.000594344455749, 0.00096535065677, 0.000960920704529, 0.00115323148202, 0.000776023312937, 0.000612995412666, 0.000472571497085, 0.000362806778867, 0.000128994492115, 6.86306739226e-05, 4.00623248424e-05, 9.20954516914e-06, 1.01094430605e-08, 2.32965247093e-09],
        "dvar": [2.05852366264e-08, 6.24011954642e-05, 1.55116613314e-05, 3.76238995159e-06, 3.63739673048e-06, 6.1346122493e-07, 4.0742861529e-07, 4.04834878509e-07, 1.39265796406e-06, 1.5022626485e-06, 4.44540228273e-06, 1.98885277314e-06, 3.72755124545e-07, 2.36070633264e-07, 4.72498555837e-07, 4.05938635595e-07, 5.55029430416e-07, 2.093781859e-07, 1.2020718998e-07, 8.63923119709e-08, 6.50962590498e-08, 1.20427845474e-08, 3.45617401365e-09, 1.45613343605e-09, 1.12415500519e-10, 1.11031977167e-16, 2.5138723987e-18],
        "dvar2": [5.54267494124e-08, 0.000168260434293, 4.2419116653e-05, 1.00581983133e-05, 9.87992552837e-06, 1.65479639236e-06, 8.76435990449e-07, 1.04868115613e-06, 3.45943180946e-06, 3.83560654882e-06, 1.27933089971e-05, 4.88565956402e-06, 1.0236159369e-06, 6.19518345957e-07, 1.17811339351e-06, 1.04243679289e-06, 1.57298359227e-06, 5.72575572733e-07, 3.13303843313e-07, 2.2636821484e-07, 1.63603246506e-07, 2.83866814499e-08, 8.2101321297e-09, 3.72310693386e-09, 2.85465789895e-10, 3.01852525671e-16, 7.96669476633e-18],
        "max": [0.00202312227339, 0.0481245219707, 0.0315932407975, 0.0158391352743, 0.0320889912546, 0.0112098520622, 0.0148856705055, 0.0148407239467, 0.0228158291429, 0.0240007638931, 0.0549895837903, 0.0182654503733, 0.00798907410353, 0.0102511784062, 0.0102479336783, 0.0128785297275, 0.0130010424182, 0.00531439017504, 0.00519968988374, 0.00514764664695, 0.00507780071348, 0.00208107172512, 0.000884562090505, 0.000811832549516, 0.000225816125749, 2.086047175e-07, 1.25324701727e-08],
        "mean": [0.000115451650345, 0.00488096661866, 0.00234190910123, 0.00134235189762, 0.00186479045078, 0.000672180962283, 0.000442597316578, 0.000391921086702, 0.000768589496147, 0.00109956797678, 0.00193293322809, 0.00182357814629, 0.000860451546032, 0.000753319822252, 0.00127770798281, 0.00142841495108, 0.00150015891995, 0.00113207614049, 0.00109124742448, 0.000947642198298, 0.000687646097504, 0.000254139682511, 0.000132191271405, 7.68151730881e-05, 1.5119490854e-05, 1.09452162889e-08, 9.5049657034e-10],
        "median": [6.92033863743e-05, 0.00211715791374, 0.00107283436228, 0.000700937758666, 0.00139827164821, 0.000380805984605, 0.000232337799389, 0.000237751897657, 0.000366892840248, 0.000430679036072, 0.000454190740129, 0.000913715630304, 0.000605974928476, 0.00055069650989, 0.000942018174101, 0.00104995700531, 0.00128216936719, 0.00101833825465, 0.00101954350248, 0.000862634857185, 0.000598193262704, 0.000183493742952, 9.40856189118e-05, 4.69964907097e-05, 9.43691247812e-06, 6.66337163224e-09, 4.05830452577e-10],
        "min": [3.99989819044e-09, 1.3985438585e-08, 1.60934003901e-08, 1.10013651522e-08, 3.97147097431e-08, 9.09585029518e-09, 9.12583608681e-09, 4.55631710139e-09, 6.06166938866e-09, 5.02860011409e-08, 1.05726869037e-07, 1.05205373302e-08, 1.25882806401e-08, 1.43544340858e-08, 1.83382624641e-08, 1.41381102381e-08, 1.49157948215e-08, 1.45147067698e-08, 2.61148382918e-08, 1.16014877705e-08, 1.13988631867e-08, 4.99808949783e-09, 2.6269282305e-09, 1.17341436567e-09, 1.89759916114e-10, 3.86324132406e-12, 5.18612583433e-12],
        "var": [2.06207140252e-08, 5.19782624906e-05, 1.26214808915e-05, 3.27988618665e-06, 3.43903820976e-06, 9.61668206401e-07, 7.1720012329e-07, 4.0703872628e-07, 2.40491863224e-06, 5.72884391659e-06, 1.74441956915e-05, 5.85009274801e-06, 7.69791029143e-07, 5.23617416093e-07, 1.32490538363e-06, 2.07122661777e-06, 1.0726595292e-06, 3.9231153437e-07, 2.64318401832e-07, 2.33211963518e-07, 1.87432092957e-07, 5.42450457885e-08, 1.65493947435e-08, 8.02974842173e-09, 3.21078996723e-10, 1.95430842957e-16, 1.99942044481e-18]
    },
    "erbbands": {
        "dmean": [0.0932988673449, 1.25372934341, 2.91131806374, 3.14273571968, 4.89518404007, 4.11270904541, 2.99486255646, 3.95793867111, 3.98624801636, 4.20863819122, 6.39639949799, 9.86617279053, 16.3520126343, 16.6259613037, 35.0902404785, 38.79139328, 20.4045009613, 15.1333436966, 27.1825046539, 24.6016902924, 37.3004722595, 27.7978343964, 26.1542682648, 17.262802124, 14.9034662247, 13.9347028732, 12.5038366318, 5.34662818909, 3.0195581913, 2.08572459221, 1.11974442005, 0.77763324976, 0.312542200089, 0.116906493902, 0.00991320237517, 0.000423007179052, 2.17591496039e-05, 3.70466955246e-06, 4.86667386213e-06, 1.05484477899e-05],
        "dmean2": [0.162277698517, 2.16997098923, 5.11404752731, 5.60647821426, 8.5683889389, 6.85254907608, 5.03600168228, 6.65561056137, 6.46817207336, 6.87101602554, 10.6187486649, 16.0462818146, 26.6183071136, 26.9932384491, 57.9099082947, 62.3213195801, 34.0622215271, 25.2659225464, 44.7755699158, 39.8257446289, 62.5754928589, 47.0739250183, 44.4815673828, 28.5059700012, 24.897693634, 23.1540985107, 20.655664444, 8.32650756836, 4.7405667305, 3.23419189453, 1.69849574566, 1.22845935822, 0.485382586718, 0.181838348508, 0.0154097722843, 0.000651687500067, 3.2414431189e-05, 5.53452537133e-06, 7.6086757872e-06, 1.68711521837e-05],
        "dvar": [0.0211149659008, 4.2173705101, 24.8941059113, 23.5438308716, 77.4786758423, 27.0234489441, 20.0970306396, 57.880859375, 64.8043212891, 107.520492554, 226.020599365, 745.38269043, 1322.63220215, 1289.35693359, 7282.40332031, 3900.59301758, 631.676818848, 436.25, 1036.45703125, 1060.80578613, 1461.8848877, 893.313720703, 681.440795898, 294.352142334, 218.860809326, 220.905517578, 166.913421631, 68.1431503296, 14.2489595413, 11.7698907852, 2.06512284279, 1.35275995731, 0.246270477772, 0.0436616055667, 0.000326299486915, 5.96218114879e-07, 1.21502619077e-09, 2.28790580231e-11, 2.79572007905e-11, 1.5583564994e-10],
        "dvar2": [0.0576204396784, 11.3363828659, 67.3365020752, 64.7496948242, 211.621627808, 70.7772369385, 55.2996177673, 153.104660034, 144.684753418, 232.811355591, 582.750366211, 1881.6385498, 3296.02026367, 3060.18798828, 21082.3867188, 9678.43945312, 1732.59399414, 1126.06164551, 2546.87548828, 2538.37792969, 3927.17163086, 2497.99584961, 1889.50500488, 771.586425781, 563.179138184, 572.351135254, 439.298248291, 152.349395752, 34.3917160034, 28.2208194733, 5.01235246658, 3.51237893105, 0.621899724007, 0.110162287951, 0.000799259927589, 1.45915214489e-06, 2.88716073271e-09, 5.07394889993e-11, 6.85930340305e-11, 3.95612959059e-10],
        "max": [1.00375914574, 13.859041214, 43.6890144348, 50.6817932129, 150.962081909, 59.3412666321, 65.8290710449, 125.116912842, 199.997329712, 260.014160156, 242.447265625, 611.499206543, 725.304443359, 728.28717041, 2391.08422852, 921.303283691, 344.646881104, 473.687103271, 509.441040039, 638.187316895, 634.24597168, 538.585266113, 348.61831665, 290.670715332, 225.805435181, 266.786895752, 233.642028809, 196.27835083, 64.4233779907, 76.8767776489, 22.0820083618, 23.0139923096, 8.67077255249, 4.5607509613, 0.345468491316, 0.0156906098127, 0.000749283120967, 9.52843911364e-05, 6.28524503554e-05, 0.000134705405799],
        "mean": [0.098971888423, 1.23305118084, 3.09941267967, 3.35747480392, 5.73483514786, 6.74830627441, 4.79064083099, 5.75928068161, 6.29038524628, 6.8572177887, 9.5636806488, 15.7629451752, 31.6104736328, 43.9399185181, 83.358505249, 79.031791687, 44.5737190247, 36.9104423523, 59.0816078186, 64.8877563477, 97.776512146, 77.3539047241, 65.9593658447, 52.8710212708, 48.0299987793, 45.9566078186, 40.2717628479, 16.9824981689, 9.52553749084, 6.10904788971, 3.33627557755, 2.25360751152, 0.935624957085, 0.325093120337, 0.0249859709293, 0.00116639747284, 8.87445203261e-05, 2.00265021704e-05, 2.0982704882e-05, 3.6629196984e-05],
        "median": [0.0517529807985, 0.514008760452, 1.39819121361, 1.9313120842, 3.28415489197, 5.02943515778, 3.34912514687, 2.84002137184, 2.91895985603, 4.14259719849, 5.92180013657, 7.63962888718, 14.1494417191, 15.3578977585, 26.5505447388, 41.6344528198, 31.6896514893, 27.4442424774, 46.00390625, 42.7336654663, 79.3364257812, 68.2043151855, 59.6962852478, 49.1755867004, 44.6142272949, 41.1372108459, 37.3335037231, 12.8977918625, 7.22906303406, 3.77998590469, 2.4042236805, 1.41459000111, 0.56994831562, 0.20445753634, 0.0153390867636, 0.000738747767173, 6.63242026349e-05, 1.66016543517e-05, 1.94601125258e-05, 3.34382784786e-05],
        "min": [6.84170970544e-07, 2.3459476779e-06, 1.35946456794e-05, 3.07012924168e-05, 0.000116822397104, 0.000130946005811, 7.84382646088e-05, 5.38393687748e-05, 0.000121752913401, 7.43994605727e-05, 0.00012895965483, 0.000110204280645, 0.000918136967812, 0.00515201501548, 0.00185291364323, 0.000527461990714, 0.000591862306464, 0.000753869593609, 0.00133042270318, 0.000396209419705, 0.00100388401188, 0.000920281803701, 0.000792171864305, 0.000722002529074, 0.00153054762632, 0.000553828489501, 0.000628106878139, 0.000221039517783, 0.000107947795186, 0.000229250086704, 6.33186573396e-05, 3.38603822456e-05, 1.55483703566e-05, 4.3369955165e-06, 1.73248707824e-07, 2.14774455998e-08, 7.94776155999e-09, 3.60884833128e-09, 1.10401443543e-09, 7.35931759976e-10],
        "var": [0.0184738840908, 3.51005339622, 21.0313491821, 18.8939399719, 60.9460067749, 37.1670303345, 29.4258918762, 86.4206924438, 139.145980835, 179.710571289, 227.239227295, 975.511413574, 4482.09472656, 7468.35839844, 27280.4277344, 10621.4863281, 1677.44641113, 1119.97766113, 2212.55688477, 5615.87060547, 5566.71777344, 2275.5871582, 1243.0838623, 617.41003418, 532.598754883, 608.658996582, 399.694549561, 244.985992432, 55.7986488342, 63.0564994812, 9.83357906342, 6.27903318405, 1.27496743202, 0.14390398562, 0.000929072091822, 1.8240616555e-06, 5.86581672124e-09, 1.75807465808e-10, 8.01512259341e-11, 2.79939710301e-10]
    },
    "gfcc": {
        "mean": [19.3238430023, 110.382698059, -182.65184021, 75.5542907715, -55.4027290344, 22.34375, -23.9239006042, -2.48069453239, -13.6381464005, -18.7562980652, 1.61288177967, -17.3772735596, 8.91099739075],
        "cov": [[1178.6081543, -137.197265625, 80.0333328247, 32.9132232666, -90.5321121216, 100.532714844, -73.8527679443, 13.9535093307, 13.5086994171, 0.333902686834, 14.5869903564, 18.9227409363, -9.35143375397], [-137.197265625, 352.757507324, 19.9534645081, -5.14460945129, 108.552215576, -89.9874954224, 146.381240845, -33.4326896667, 4.21070480347, -24.1850814819, 17.735168457, -7.94334793091, 13.7846889496], [80.0333328247, 19.9534645081, 157.770874023, 80.6638031006, 22.2644729614, 47.8946914673, -33.0397644043, 30.7486934662, 9.00351524353, 8.00544071198, -4.27968072891, -7.41251277924, 1.96314692497], [32.9132232666, -5.14460945129, 80.6638031006, 114.131195068, 69.7464599609, 18.222240448, -17.9016056061, 7.53414726257, 15.5584001541, 17.1801891327, -4.66480922699, -8.28755378723, 1.57194769382], [-90.5321121216, 108.552215576, 22.2644729614, 69.7464599609, 143.722808838, 1.4581887722, 64.7349700928, -4.29341554642, 7.30417156219, 7.61351633072, 1.04980397224, -10.7688837051, 11.1332845688], [100.532714844, -89.9874954224, 47.8946914673, 18.222240448, 1.4581887722, 137.330764771, 10.870762825, 15.5237979889, -0.600731432438, -12.4186458588, 3.79489016533, 6.17902803421, -12.9060945511], [-73.8527679443, 146.381240845, -33.0397644043, -17.9016056061, 64.7349700928, 10.870762825, 154.155197144, -6.48026132584, 6.84362077713, -29.4283256531, 9.42675971985, 9.54144763947, 3.89385199547], [13.9535093307, -33.4326896667, 30.7486934662, 7.53414726257, -4.29341554642, 15.5237979889, -6.48026132584, 75.2160644531, 27.1598720551, 20.1496829987, -7.00869750977, -2.92802977562, 14.8696327209], [13.5086994171, 4.21070480347, 9.00351524353, 15.5584001541, 7.30417156219, -0.600731432438, 6.84362077713, 27.1598720551, 54.4828262329, 24.9006938934, 0.210252597928, -2.65645360947, 2.04610824585], [0.333902686834, -24.1850814819, 8.00544071198, 17.1801891327, 7.61351633072, -12.4186458588, -29.4283256531, 20.1496829987, 24.9006938934, 60.8770828247, 21.150428772, -0.265421569347, 0.235362127423], [14.5869903564, 17.735168457, -4.27968072891, -4.66480922699, 1.04980397224, 3.79489016533, 9.42675971985, -7.00869750977, 0.210252597928, 21.150428772, 54.3871498108, 23.8226127625, -6.09851551056], [18.9227409363, -7.94334793091, -7.41251277924, -8.28755378723, -10.7688837051, 6.17902803421, 9.54144763947, -2.92802977562, -2.65645360947, -0.265421569347, 23.8226127625, 43.2086906433, 17.5258865356], [-9.35143375397, 13.7846889496, 1.96314692497, 1.57194769382, 11.1332845688, -12.9060945511, 3.89385199547, 14.8696327209, 2.04610824585, 0.235362127423, -6.09851551056, 17.5258865356, 46.2265853882]],
        "icov": [[0.00103286048397, -0.00063307286473, 0.000519835914019, -0.00126032077242, 0.00142114527989, -0.00124662730377, 0.00059395324206, -8.68697461556e-05, -0.000190721359104, 5.76365346205e-05, -0.000187627752894, -0.000127421619254, -0.000262196932454], [-0.00063307286473, 0.0366425812244, -0.0358231142163, 0.0298974905163, -0.0218865778297, 0.0333228968084, -0.0283673405647, 0.0191528424621, -0.0124233840033, 0.0125344600528, -0.0202175360173, 0.0179460104555, -0.00873187463731], [0.000519835914019, -0.0358231142163, 0.0482346713543, -0.039846546948, 0.0241677649319, -0.0352944731712, 0.0286380089819, -0.0233507286757, 0.0137611012906, -0.00934279058129, 0.0162552054971, -0.0137519016862, 0.00631519500166], [-0.00126032077242, 0.0298974905163, -0.039846546948, 0.05266668275, -0.0345191545784, 0.0275121685117, -0.015268580988, 0.0186350103468, -0.0167382974178, 0.00939330644906, -0.0111331595108, 0.00717784371227, -0.00147945748176], [0.00142114527989, -0.0218865778297, 0.0241677649319, -0.0345191545784, 0.0353651419282, -0.0209047812968, 0.00533256400377, -0.0086793359369, 0.0121814785525, -0.0134094562382, 0.00883891619742, 0.000563139561564, -0.0045679747127], [-0.00124662730377, 0.0333228968084, -0.0352944731712, 0.0275121685117, -0.0209047812968, 0.0403992421925, -0.0265635065734, 0.0141287855804, -0.0103905694559, 0.0139112304896, -0.017677359283, 0.0117391543463, -0.00201273337007], [0.00059395324206, -0.0283673405647, 0.0286380089819, -0.015268580988, 0.00533256400377, -0.0265635065734, 0.0374559126794, -0.0166882220656, 0.00212695798837, 0.00196553580463, 0.0111267184839, -0.0175788402557, 0.00942307524383], [-8.68697461556e-05, 0.0191528424621, -0.0233507286757, 0.0186350103468, -0.0086793359369, 0.0141287855804, -0.0166882220656, 0.0326324738562, -0.0140500934795, -0.00111980969086, -0.00719500752166, 0.0135721713305, -0.0138943148777], [-0.000190721359104, -0.0124233840033, 0.0137611012906, -0.0167382974178, 0.0121814785525, -0.0103905694559, 0.00212695798837, -0.0140500934795, 0.0348508544266, -0.0187799464911, 0.0129211507738, -0.00712083932012, 0.00511376932263], [5.76365346205e-05, 0.0125344600528, -0.00934279058129, 0.00939330644906, -0.0134094562382, 0.0139112304896, 0.00196553580463, -0.00111980969086, -0.0187799464911, 0.0434074252844, -0.02829936333, 0.0131570212543, -0.00445206556469], [-0.000187627752894, -0.0202175360173, 0.0162552054971, -0.0111331595108, 0.00883891619742, -0.017677359283, 0.0111267184839, -0.00719500752166, 0.0129211507738, -0.02829936333, 0.0540614724159, -0.0391113348305, 0.0215247310698], [-0.000127421619254, 0.0179460104555, -0.0137519016862, 0.00717784371227, 0.000563139561564, 0.0117391543463, -0.0175788402557, 0.0135721713305, -0.00712083932012, 0.0131570212543, -0.0391113348305, 0.0637149810791, -0.0338483564556], [-0.000262196932454, -0.00873187463731, 0.00631519500166, -0.00147945748176, -0.0045679747127, -0.00201273337007, 0.00942307524383, -0.0138943148777, 0.00511376932263, -0.00445206556469, 0.0215247310698, -0.0338483564556, 0.043648250401]]
    },
    "melbands": {
        "dmean": [0.00110236823093, 0.00157361465972, 0.000614208867773, 0.000300758954836, 0.000113581685582, 8.74357210705e-05, 5.82264256082e-05, 4.78675319755e-05, 5.43382957403e-05, 6.84439655743e-05, 8.47492774483e-05, 6.74019029248e-05, 0.000122094468679, 8.96821366041e-05, 9.14829361136e-05, 4.11865512433e-05, 2.99610819638e-05, 4.6856370318e-05, 4.06600920542e-05, 3.02606968035e-05, 5.60357111681e-05, 3.97426156269e-05, 3.13420314342e-05, 1.74302676896e-05, 1.6346513803e-05, 1.71177543962e-05, 1.06828447315e-05, 1.01061232272e-05, 9.6370031315e-06, 6.06564890404e-06, 2.93392281492e-06, 2.05417995858e-06, 1.53809799031e-06, 1.19032631574e-06, 7.00471730397e-07, 6.83223618125e-07, 4.62845690663e-07, 2.64475346512e-07, 1.66943962654e-07, 8.85439206399e-08],
        "dmean2": [0.00189835194033, 0.00274291401729, 0.00109053216875, 0.000505054718815, 0.000189088270417, 0.000147577084135, 9.40511818044e-05, 7.86459349911e-05, 8.94876939128e-05, 0.0001112254904, 0.000137999653816, 0.000109578984848, 0.000200934577151, 0.00014265482605, 0.000150867941556, 7.05757483956e-05, 4.9786089221e-05, 7.69428224885e-05, 6.70397712383e-05, 4.9537353334e-05, 9.4527778856e-05, 6.78660508129e-05, 5.30662691745e-05, 2.96616417472e-05, 2.71616099781e-05, 2.87689399556e-05, 1.79880607902e-05, 1.69022259797e-05, 1.60389936354e-05, 1.00178222056e-05, 4.65694938612e-06, 3.27501447828e-06, 2.4370299343e-06, 1.87921079942e-06, 1.09663915282e-06, 1.09291033823e-06, 7.41532971915e-07, 4.16784530444e-07, 2.65063846427e-07, 1.39835137247e-07],
        "dvar": [3.1069898796e-06, 6.8436888796e-06, 8.6649157538e-07, 2.44752243361e-07, 2.28270717884e-08, 2.52068108608e-08, 1.48940122457e-08, 1.30587531899e-08, 1.85919954987e-08, 3.16232124931e-08, 3.49783348952e-08, 2.22791936011e-08, 1.06668274213e-07, 2.15343849419e-08, 1.94596836423e-08, 2.74986011739e-09, 2.00833416564e-09, 3.25591420491e-09, 2.48122344892e-09, 1.64684677006e-09, 3.24949245289e-09, 1.95755722743e-09, 1.07787756498e-09, 3.15373921422e-10, 2.75594103094e-10, 2.97823710138e-10, 1.24504406784e-10, 1.23202933966e-10, 9.47548844943e-11, 5.9240258532e-11, 1.90473973399e-11, 6.3615055064e-12, 6.64031763603e-12, 3.22714749888e-12, 8.04837587635e-13, 8.6877998285e-13, 5.51041634198e-13, 1.83555969903e-13, 7.1106410148e-14, 2.88712840256e-14],
        "dvar2": [8.32032219478e-06, 1.8328842998e-05, 2.34634489971e-06, 6.64560047881e-07, 6.17109989776e-08, 6.66743318334e-08, 3.3010728373e-08, 2.96030968627e-08, 4.66470559957e-08, 7.94250496483e-08, 8.7604263399e-08, 5.27252943527e-08, 3.13615743153e-07, 5.06717761084e-08, 5.09146858008e-08, 7.70404184891e-09, 5.17224929553e-09, 7.96818699911e-09, 6.0456413209e-09, 4.01317867826e-09, 8.93878304709e-09, 5.55182788631e-09, 2.93780377802e-09, 8.56916426706e-10, 7.2796230155e-10, 7.82580722447e-10, 3.38175987213e-10, 3.20933002396e-10, 2.45627934659e-10, 1.50366094576e-10, 4.27322205399e-11, 1.60430644464e-11, 1.51877867921e-11, 7.88027715998e-12, 1.9895667145e-12, 2.24519513224e-12, 1.46006557539e-12, 4.84424024332e-13, 1.81380884162e-13, 7.40889690093e-14],
        "max": [0.0114904586226, 0.0223695226014, 0.00869767740369, 0.00804523844272, 0.00215750047937, 0.00247288518585, 0.00278520677239, 0.00333103956655, 0.00225349166431, 0.00367773487233, 0.00360788591206, 0.00327281886712, 0.00902252271771, 0.00262561812997, 0.00174582190812, 0.00062508683186, 0.00109647109639, 0.000827529351227, 0.000836394261569, 0.000873606593814, 0.000782507704571, 0.00074434268754, 0.000417462462792, 0.000290884578135, 0.000296171027003, 0.000279554922599, 0.000162959389854, 0.000211560560274, 0.000166453464772, 0.000141629308928, 8.96460333024e-05, 4.66998571937e-05, 7.01217213646e-05, 3.27962952724e-05, 1.28784158733e-05, 1.39962721732e-05, 1.57489830599e-05, 8.32931527839e-06, 4.53156917501e-06, 3.92580068365e-06],
        "mean": [0.00114754913375, 0.00167638296261, 0.000680239056237, 0.000455571163911, 0.000198218956939, 0.000131212276756, 9.22570034163e-05, 7.58847600082e-05, 7.80677146395e-05, 0.000108463827928, 0.000160043011419, 0.000162650307175, 0.000287864910206, 0.000191187471501, 0.000174639179022, 7.69762918935e-05, 6.5142819949e-05, 9.29977031774e-05, 8.9828412456e-05, 8.17137115519e-05, 0.000128460058477, 8.78946957528e-05, 6.87637875671e-05, 4.4429434638e-05, 4.21924523835e-05, 4.32192500739e-05, 2.82303335553e-05, 3.01766376651e-05, 2.78550724033e-05, 1.63929653354e-05, 7.6990454545e-06, 5.64245874557e-06, 4.24841300628e-06, 2.99997509501e-06, 1.82186556685e-06, 1.83507825113e-06, 1.18286300221e-06, 7.02927650309e-07, 4.28099781402e-07, 2.16583387669e-07],
        "median": [0.000532425008714, 0.000786361517385, 0.000405334081734, 0.000336135970429, 0.000154847206431, 6.89826119924e-05, 4.52984459116e-05, 4.58118483948e-05, 4.60372721136e-05, 5.06212636537e-05, 6.82837126078e-05, 5.51858647668e-05, 7.23968842067e-05, 9.6281633887e-05, 8.81796804606e-05, 5.70289921598e-05, 4.51846353826e-05, 6.95049966453e-05, 6.46020926069e-05, 5.01352042193e-05, 0.000106484571006, 7.38406524761e-05, 5.89598603256e-05, 4.0278173401e-05, 3.82715224987e-05, 3.87759610021e-05, 2.52775989793e-05, 2.6814008379e-05, 2.56808216363e-05, 1.37975193866e-05, 5.39543771083e-06, 4.43825047114e-06, 2.47196430792e-06, 1.84185307717e-06, 1.31908200274e-06, 1.19345293115e-06, 7.08424465756e-07, 4.14735524146e-07, 2.63959748281e-07, 1.32792479235e-07],
        "min": [5.05169284182e-09, 5.7191185121e-09, 7.64018803778e-09, 1.02548378678e-08, 2.93198665346e-09, 1.33700706062e-09, 1.90822535551e-09, 7.84892040251e-10, 1.00170460815e-09, 7.46428807652e-10, 3.69225650054e-09, 1.21362644379e-08, 9.04695429682e-09, 1.14616116598e-09, 1.44452927398e-09, 1.45227829762e-09, 1.14866582912e-09, 2.30922014843e-09, 7.12156111859e-10, 4.57421905908e-10, 1.35446265315e-09, 1.05101916059e-09, 6.69835853451e-10, 7.01903424272e-10, 4.39502045868e-10, 1.37581102067e-09, 7.16786296984e-10, 2.46401565818e-10, 3.48359313618e-10, 3.05610314832e-10, 7.73912739449e-11, 5.55539468594e-11, 1.00961322635e-10, 1.14040214771e-10, 3.4924684672e-11, 2.32006913681e-11, 2.12741820688e-11, 1.11811436845e-11, 6.05715564511e-12, 2.47671284523e-12],
        "var": [2.69629776994e-06, 5.83507880947e-06, 7.11511404461e-07, 2.23589850634e-07, 3.34146648129e-08, 3.98633872578e-08, 2.91744264302e-08, 1.97998648588e-08, 1.93406144433e-08, 4.86556501755e-08, 1.1958951518e-07, 1.22477516129e-07, 3.95363343841e-07, 6.99301239138e-08, 5.30768815565e-08, 4.69957184279e-09, 4.712988666e-09, 6.77300970864e-09, 7.61455698495e-09, 1.24278267677e-08, 8.45304537478e-09, 3.92461041443e-09, 1.99618477303e-09, 5.70138547484e-10, 5.17943521405e-10, 5.97027427496e-10, 2.55388821202e-10, 3.19170218033e-10, 2.06494002453e-10, 1.41703343504e-10, 7.13486145165e-11, 1.8093061771e-11, 3.4280904504e-11, 1.45152050102e-11, 2.90612607763e-12, 3.73198867643e-12, 2.10856831127e-12, 8.04202407792e-13, 2.59401387089e-13, 7.22366638077e-14]
    },
    "mfcc": {
        "mean": [-584.523925781, 97.7938232422, -39.7931594849, 39.4133682251, 3.55468606949, 16.340171814, 9.07908916473, 9.34186077118, 2.08952069283, 0.809411048889, -8.89718914032, 3.46181321144, -1.60372316837],
        "cov": [[1158.63879395, -169.503417969, 111.582008362, -81.1988296509, 10.7015018463, 23.8711395264, -52.3436851501, 21.7683925629, -41.7866706848, 10.5191783905, -22.3274688721, 16.1365032196, 28.160528183], [-169.503417969, 372.117462158, -88.7824783325, 110.497215271, -64.3583984375, 8.45163345337, 72.1290435791, 17.7843570709, 26.1629695892, -15.8801193237, 11.138458252, 2.46650028229, -8.55692005157], [111.582008362, -88.7824783325, 187.614135742, -25.6179981232, 61.2318954468, 5.57828998566, -19.3009910583, 14.1055927277, -4.94396162033, 12.0613021851, 4.54299497604, 0.822784543037, 3.06648802757], [-81.1988296509, 110.497215271, -25.6179981232, 154.052902222, 44.2655029297, 7.86651277542, 17.8919582367, -18.7759017944, 32.8654823303, -1.40691816807, 16.7831478119, 7.51535654068, -9.5801820755], [10.7015018463, -64.3583984375, 61.2318954468, 44.2655029297, 119.476242065, 18.7842121124, -0.226678162813, -17.4756889343, 19.1529197693, 19.9328155518, 11.0611009598, 1.86035728455, 2.12192869186], [23.8711395264, 8.45163345337, 5.57828998566, 7.86651277542, 18.7842121124, 99.5474395752, 42.3412246704, 36.6627044678, -5.57432031631, 3.79352664948, -1.66733217239, 1.43419635296, 14.8470134735], [-52.3436851501, 72.1290435791, -19.3009910583, 17.8919582367, -0.226678162813, 42.3412246704, 84.2004013062, 38.4613037109, 8.13911056519, -5.51080513, 2.66364121437, 5.99587488174, 4.39576482773], [21.7683925629, 17.7843570709, 14.1055927277, -18.7759017944, -17.4756889343, 36.6627044678, 38.4613037109, 79.9680328369, 18.3896884918, 4.83939838409, -11.335723877, -0.727979898453, 4.6680021286], [-41.7866706848, 26.1629695892, -4.94396162033, 32.8654823303, 19.1529197693, -5.57432031631, 8.13911056519, 18.3896884918, 75.5749664307, 23.7837123871, 5.17818784714, -12.3115577698, -14.6052179337], [10.5191783905, -15.8801193237, 12.0613021851, -1.40691816807, 19.9328155518, 3.79352664948, -5.51080513, 4.83939838409, 23.7837123871, 52.9015655518, 21.3798923492, -0.501531302929, -3.3579044342], [-22.3274688721, 11.138458252, 4.54299497604, 16.7831478119, 11.0611009598, -1.66733217239, 2.66364121437, -11.335723877, 5.17818784714, 21.3798923492, 46.9565963745, 19.2747306824, 3.3895111084], [16.1365032196, 2.46650028229, 0.822784543037, 7.51535654068, 1.86035728455, 1.43419635296, 5.99587488174, -0.727979898453, -12.3115577698, -0.501531302929, 19.2747306824, 49.4775886536, 20.766412735], [28.160528183, -8.55692005157, 3.06648802757, -9.5801820755, 2.12192869186, 14.8470134735, 4.39576482773, 4.6680021286, -14.6052179337, -3.3579044342, 3.3895111084, 20.766412735, 47.1280670166]],
