{
"lowlevel": {
    "average_loudness": 0.967754125595,
    "barkbands_crest": {
        "dmean": 3.05932331085,
        "dmean2": 5.06473922729,
        "dvar": 6.35425806046,
        "dvar2": 17.1292419434,
        "max": 23.5397663116,
        "mean": 9.64016723633,
        "median": 9.16247272491,
        "min": 2.37942171097,
        "var": 15.5509757996
    },
    "barkbands_flatness_db": {
        "dmean": 0.0273556541651,
        "dmean2": 0.0426392182708,
        "dvar": 0.000714162189979,
        "dvar2": 0.00164167408366,
        "max": 0.363290935755,
        "mean": 0.166237443686,
        "median": 0.158919095993,
        "min": 0.0364646315575,
        "var": 0.00294426246546
    },
    "barkbands_kurtosis": {
        "dmean": 3.66925406456,
        "dmean2": 5.84075737,
        "dvar": 40.8769378662,
        "dvar2": 95.4025802612,
        "max": 84.3456802368,
        "mean": 3.76624822617,
        "median": 0.199190855026,
        "min": -1.80133402348,
        "var": 83.2680206299
    },
    "barkbands_skewness": {
        "dmean": 0.734064042568,
        "dmean2": 1.1494127512,
        "dvar": 0.505885124207,
        "dvar2": 1.24326467514,
        "max": 8.14471054077,
        "mean": 1.56655311584,
        "median": 1.24552440643,
        "min": -3.71152639389,
        "var": 2.12484097481
    },
    "barkbands_spread": {
        "dmean": 8.58081436157,
        "dmean2": 13.5598831177,
        "dvar": 71.7917327881,
        "dvar2": 183.272018433,
        "max": 83.2412338257,
        "mean": 34.9796867371,
        "median": 32.7941474915,
        "min": 1.22621810436,
        "var": 343.647857666
    },
    "dissonance": {
        "dmean": 0.0086860479787,
        "dmean2": 0.0148974778131,
        "dvar": 0.000155386704137,
        "dvar2": 0.00042229364044,
        "max": 0.500000119209,
        "mean": 0.485103428364,
        "median": 0.489996880293,
        "min": 0.310176998377,
        "var": 0.000271587778116
    },
    "dynamic_complexity": 1.83268427849,
    "erbbands_crest": {
        "dmean": 1.99877595901,
        "dmean2": 3.24418330193,
        "dvar": 4.99163770676,
        "dvar2": 11.5339126587,
        "max": 30.5762042999,
        "mean": 6.93970823288,
        "median": 5.8629989624,
        "min": 2.41808080673,
        "var": 11.9155931473
    },
    "erbbands_flatness_db": {
        "dmean": 0.0141751747578,
        "dmean2": 0.0207932572812,
        "dvar": 0.000196731140022,
        "dvar2": 0.000406714738347,
        "max": 0.369770228863,
        "mean": 0.178670585155,
        "median": 0.172767356038,
        "min": 0.0975825786591,
        "var": 0.000805927615147
    },
    "erbbands_kurtosis": {
        "dmean": 1.01738977432,
        "dmean2": 1.67877566814,
        "dvar": 2.07766151428,
        "dvar2": 5.2207365036,
        "max": 42.6691436768,
        "mean": 0.591280639172,
        "median": 0.205847740173,
        "min": -1.78615522385,
        "var": 3.99030804634
    },
    "erbbands_skewness": {
        "dmean": 0.329885780811,
        "dmean2": 0.51633399725,
        "dvar": 0.098138988018,
        "dvar2": 0.227049231529,
        "max": 2.32002902031,
        "mean": -0.766999542713,
        "median": -0.867120921612,
        "min": -3.47718024254,
        "var": 0.419318884611
    },
    "erbbands_spread": {
        "dmean": 11.1062555313,
        "dmean2": 18.3336753845,
        "dvar": 120.233711243,
        "dvar2": 324.126525879,
        "max": 114.671875,
        "mean": 47.2291107178,
        "median": 43.5552444458,
        "min": 1.98025000095,
        "var": 386.10925293
    },
    "hfc": {
        "dmean": 8.34461975098,
        "dmean2": 12.9428510666,
        "dvar": 104.064277649,
        "dvar2": 247.325592041,
        "max": 94.9131546021,
        "mean": 28.6909332275,
        "median": 27.4008178711,
        "min": 1.18991413423e-16,
        "var": 370.128997803
    },
    "melbands_crest": {
        "dmean": 3.89494776726,
        "dmean2": 6.41233348846,
        "dvar": 8.97873973846,
        "dvar2": 25.0744018555,
        "max": 31.5099239349,
        "mean": 16.0280303955,
        "median": 15.9737691879,
        "min": 2.03085708618,
        "var": 20.8453807831
    },
    "melbands_flatness_db": {
        "dmean": 0.0375444330275,
        "dmean2": 0.0570902973413,
        "dvar": 0.00125074281823,
        "dvar2": 0.00285201123916,
        "max": 0.458859622478,
        "mean": 0.193271994591,
        "median": 0.18982359767,
        "min": 0.00736337713897,
        "var": 0.00630207499489
    },
    "melbands_kurtosis": {
        "dmean": 12.6541776657,
        "dmean2": 20.3786125183,
        "dvar": 340.510620117,
        "dvar2": 865.711730957,
        "max": 252.332214355,
        "mean": 20.5190067291,
        "median": 9.85295581818,
        "min": -1.67465758324,
        "var": 734.848999023
    },
    "melbands_skewness": {
        "dmean": 1.1188492775,
        "dmean2": 1.7986330986,
        "dvar": 1.20073711872,
        "dvar2": 3.0811355114,
        "max": 13.8608646393,
        "mean": 3.63613677025,
        "median": 3.1737985611,
        "min": -1.81639575958,
        "var": 4.46931409836
    },
    "melbands_spread": {
        "dmean": 12.5195474625,
        "dmean2": 19.9252109528,
        "dvar": 174.979385376,
        "dvar2": 428.568908691,
        "max": 142.546844482,
        "mean": 33.861076355,
        "median": 26.9327392578,
        "min": 0.910558998585,
        "var": 668.592102051
    },
    "pitch_salience": {
        "dmean": 0.0878755748272,
        "dmean2": 0.144378423691,
        "dvar": 0.00492935488001,
        "dvar2": 0.0134296277538,
        "max": 0.837977588177,
        "mean": 0.548801124096,
        "median": 0.553711593151,
        "min": 0.113333895802,
        "var": 0.0121474983171
    },
    "silence_rate_20dB": {
        "dmean": 0,
        "dmean2": 0,
        "dvar": 0,
        "dvar2": 0,
        "max": 1,
        "mean": 1,
        "median": 1,
        "min": 1,
        "var": 0
    },
    "silence_rate_30dB": {
        "dmean": 0.000772797502577,
        "dmean2": 0.00154619244859,
        "dvar": 0.000772200059146,
        "dvar2": 0.00231689657085,
        "max": 1,
        "mean": 0.999613761902,
        "median": 1,
        "min": 0,
        "var": 0.000386106868973
    },
    "silence_rate_60dB": {
        "dmean": 0.00309119001031,
        "dmean2": 0.00618476979434,
        "dvar": 0.00308161578141,
        "dvar2": 0.0069195413962,
        "max": 1,
        "mean": 0.0281962156296,
        "median": 0,
        "min": 0,
        "var": 0.0274001266807
    },
    "spectral_centroid": {
        "dmean": 366.387329102,
        "dmean2": 574.516540527,
        "dvar": 142073.84375,
        "dvar2": 321953.59375,
        "max": 10618.140625,
        "mean": 2047.26635742,
        "median": 2025.83984375,
        "min": 194.300430298,
        "var": 684035.4375
    },
    "spectral_complexity": {
        "dmean": 5.75656890869,
        "dmean2": 8.41206073761,
        "dvar": 37.1982421875,
        "dvar2": 68.6736755371,
        "max": 64,
        "mean": 30.8188495636,
        "median": 33,
        "min": 0,
        "var": 258.443572998
    },
    "spectral_decrease": {
        "dmean": 3.828880768e-09,
        "dmean2": 6.50315223893e-09,
        "dvar": 2.2867920886e-17,
        "dvar2": 6.28855259492e-17,
        "max": 5.87115289833e-29,
        "mean": -8.14797473936e-09,
        "median": -7.00042201984e-09,
        "min": -3.84737859349e-08,
        "var": 2.63810380112e-17
    },
    "spectral_energy": {
        "dmean": 0.0149226207286,
        "dmean2": 0.025278672576,
        "dvar": 0.000342472922057,
        "dvar2": 0.000939582183491,
        "max": 0.148339614272,
        "mean": 0.0333546549082,
        "median": 0.0291378181428,
        "min": 1.05712793711e-20,
        "var": 0.000399783515604
    },
    "spectral_energyband_high": {
        "dmean": 0.000726676953491,
        "dmean2": 0.0011378035415,
        "dvar": 9.22295157579e-07,
        "dvar2": 2.1920486688e-06,
        "max": 0.0109616927803,
        "mean": 0.00200265087187,
        "median": 0.00142198079266,
        "min": 7.64582104111e-21,
        "var": 3.56278951585e-06
    },
    "spectral_energyband_low": {
        "dmean": 0.0114415148273,
        "dmean2": 0.0192998722196,
        "dvar": 0.000223767492571,
        "dvar2": 0.000624547072221,
        "max": 0.135073393583,
        "mean": 0.0185076165944,
        "median": 0.0139683922753,
        "min": 8.98107096541e-23,
        "var": 0.000261284294538
    },
    "spectral_energyband_middle_high": {
        "dmean": 0.0019620670937,
        "dmean2": 0.00304031721316,
        "dvar": 7.90013018559e-06,
        "dvar2": 1.96040437004e-05,
        "max": 0.04699832201,
        "mean": 0.00621532369405,
        "median": 0.00565581675619,
        "min": 1.43427231421e-21,
        "var": 2.66530605586e-05
    },
    "spectral_energyband_middle_low": {
        "dmean": 0.00631220871583,
        "dmean2": 0.0110286744311,
        "dvar": 8.49567149999e-05,
        "dvar2": 0.000237177038798,
        "max": 0.070816360414,
        "mean": 0.00967096444219,
        "median": 0.00685094576329,
        "min": 3.8255008116e-22,
        "var": 8.25173847261e-05
    },
    "spectral_entropy": {
        "dmean": 0.152936995029,
        "dmean2": 0.219732537866,
        "dvar": 0.0288066603243,
        "dvar2": 0.0552314668894,
        "max": 9.80625247955,
        "mean": 7.71110439301,
        "median": 7.78119182587,
        "min": 6.21089601517,
        "var": 0.110960818827
    },
    "spectral_flux": {
        "dmean": 0.0321770943701,
        "dmean2": 0.0511952377856,
        "dvar": 0.00131667300593,
        "dvar2": 0.0025943745859,
        "max": 0.306425124407,
        "mean": 0.107743814588,
        "median": 0.0980213284492,
        "min": 1.02816727354e-10,
        "var": 0.00232869945467
    },
    "spectral_kurtosis": {
        "dmean": 1.57346761227,
        "dmean2": 2.73774456978,
        "dvar": 2.78494262695,
        "dvar2": 7.90523767471,
        "max": 21.2508811951,
        "mean": 1.99673783779,
        "median": 1.4651761055,
        "min": -1.13596880436,
        "var": 3.97699999809
    },
    "spectral_rms": {
        "dmean": 0.00118739111349,
        "dmean2": 0.0019607800059,
        "dvar": 1.56934459028e-06,
        "dvar2": 4.25288453698e-06,
        "max": 0.0120300278068,
        "mean": 0.00544881727546,
        "median": 0.00533171091229,
        "min": 3.21145497348e-12,
        "var": 2.85153510049e-06
    },
    "spectral_rolloff": {
        "dmean": 721.92791748,
        "dmean2": 1201.703125,
        "dvar": 846069,
        "dvar2": 1980592.75,
        "max": 19121.484375,
        "mean": 2059.43457031,
        "median": 1959.52148438,
        "min": 86.1328125,
        "var": 2844713.75
    },
    "spectral_skewness": {
        "dmean": 0.219057321548,
        "dmean2": 0.360170304775,
        "dvar": 0.0458618812263,
        "dvar2": 0.120082803071,
        "max": 3.18016028404,
        "mean": 0.681219816208,
        "median": 0.595307171345,
        "min": -0.0756833702326,
        "var": 0.132531926036
    },
    "spectral_spread": {
        "dmean": 356668.59375,
        "dmean2": 525888.3125,
        "dvar": 566777741312,
        "dvar2": 622887436288,
        "max": 39585956,
        "mean": 3515102.5,
        "median": 3432415.75,
        "min": 1779411.625,
        "var": 981499248640
    },
    "spectral_strongpeak": {
        "dmean": 0.326531857252,
        "dmean2": 0.568955123425,
        "dvar": 0.468036770821,
        "dvar2": 1.27395057678,
        "max": 8.6194601059,
        "mean": 0.468960136175,
        "median": 0.27943778038,
        "min": 0,
        "var": 0.488295853138
    },
    "zerocrossingrate": {
        "dmean": 0.0114736659452,
        "dmean2": 0.0139217721298,
        "dvar": 0.00016619930102,
        "dvar2": 0.000194982741959,
        "max": 0.50439453125,
        "mean": 0.0710846185684,
        "median": 0.0625,
        "min": 0.00634765625,
        "var": 0.00160339986905
    },
    "barkbands": {
        "dmean": [0.000154088178533, 0.00621130876243, 0.0059911631979, 0.00406674901024, 0.00246014050208, 0.000496147316881, 0.000416987284552, 0.000238850552705, 0.000325016124407, 0.000380494544515, 0.000207884528209, 0.000324829714373, 0.000295704550808, 0.000246107869316, 0.00033755673212, 0.000393820140744, 0.000403599784477, 0.000285006826743, 0.000460600567749, 0.000353913550498, 0.000303509208607, 0.000218164655962, 0.000132562636281, 9.52896589297e-05, 1.24257076095e-05, 2.05010799448e-08, 1.65190119361e-08],
        "dmean2": [0.000251102930633, 0.0104818185791, 0.0103935403749, 0.00710438843817, 0.00425717281178, 0.00083578430349, 0.000707495433744, 0.000392172427382, 0.000506879528984, 0.000602839165367, 0.000338680489222, 0.000509878911544, 0.000461886142148, 0.000400009332225, 0.000549194694031, 0.000639338046312, 0.000652603164781, 0.000466379307909, 0.000760424882174, 0.000587233691476, 0.000484494114062, 0.000364682928193, 0.000212380939047, 0.000143264245708, 1.93792875507e-05, 3.59778233872e-08, 3.16197557026e-08],
        "dvar": [9.64238893175e-08, 7.35529902158e-05, 7.00985401636e-05, 4.25119578722e-05, 1.96307482838e-05, 6.15651117641e-07, 8.89747639121e-07, 3.34764706622e-07, 7.93389119735e-07, 1.90904734154e-06, 6.07428319199e-07, 1.96468954528e-06, 9.63458546721e-07, 2.02616590173e-07, 5.06940523337e-07, 3.79555814334e-07, 3.92376819036e-07, 1.40582002928e-07, 2.95386797688e-07, 2.14079861394e-07, 1.28812487787e-07, 9.84354855404e-08, 4.37482086113e-08, 2.48903422317e-08, 4.8826065413e-10, 7.77870758935e-15, 1.68008459927e-14],
        "dvar2": [2.29739811175e-07, 0.000195215165149, 0.000199904025067, 0.000121179145935, 5.29450298927e-05, 1.70591943061e-06, 2.38063216784e-06, 8.71890620147e-07, 1.77009553681e-06, 4.73442605653e-06, 1.45685646658e-06, 4.86015369461e-06, 2.17139722736e-06, 4.7747505505e-07, 1.24900145693e-06, 9.47379817262e-07, 9.96111339191e-07, 3.66524403717e-07, 7.95882726834e-07, 5.5567227264e-07, 3.21630352573e-07, 2.54588798043e-07, 1.0722661159e-07, 5.02962329563e-08, 1.09297060291e-09, 2.29340252166e-14, 5.00552426114e-14],
        "max": [0.00342690525576, 0.0982801914215, 0.0837672799826, 0.0620160810649, 0.0394947975874, 0.0107329096645, 0.0158507023007, 0.0163961518556, 0.0145196774974, 0.0368374101818, 0.0168393049389, 0.0426970236003, 0.0188224576414, 0.00802269950509, 0.0151789179072, 0.00953776855022, 0.0147787658498, 0.00480092223734, 0.00540203414857, 0.00468424335122, 0.00420447951183, 0.0033981341403, 0.00297491950914, 0.00425544707105, 0.000470309139928, 2.54566725744e-06, 3.96983750761e-06],
        "mean": [0.000160565352417, 0.00820078328252, 0.00719068292528, 0.00469021359459, 0.00270137400366, 0.0007632561028, 0.000544339767657, 0.00033998809522, 0.000506026146468, 0.000549928925466, 0.000275899423286, 0.000460238894448, 0.000400097604143, 0.000396500545321, 0.000623265164904, 0.000758460955694, 0.000824058137368, 0.000574047036935, 0.00105830770917, 0.000716822338291, 0.000760078488383, 0.000406880746596, 0.000241793110035, 0.000190768143511, 2.03021809284e-05, 2.12721449344e-08, 9.5605150463e-09],
        "median": [3.76021052944e-05, 0.00528426654637, 0.00457050418481, 0.00251402473077, 0.00148825231008, 0.000539208762348, 0.000270819145953, 0.000148403589264, 0.000156911206432, 0.000142238874105, 9.35906718951e-05, 0.000169820763404, 0.000153519125888, 0.0002380371443, 0.000343860330759, 0.000549322227016, 0.0005718289176, 0.000427692633821, 0.000888497044798, 0.000524770352058, 0.000550226250198, 0.000284226669464, 9.46739455685e-05, 6.21150029474e-05, 5.33842785444e-06, 5.46027223436e-09, 7.01155633553e-10],
        "min": [3.36187392585e-24, 1.5258543637e-23, 4.6874881761e-23, 3.72142481465e-23, 9.22373089075e-24, 1.77837142158e-23, 5.88217478748e-23, 7.91345880181e-23, 1.31892343182e-22, 1.18628486409e-22, 5.53944122989e-23, 7.53616493242e-23, 7.46283873356e-23, 1.17911481265e-22, 6.98529894468e-23, 1.74572873598e-22, 3.10756847296e-22, 1.64309995169e-22, 2.30428062707e-22, 3.08001589657e-22, 3.77359628839e-22, 5.32363021702e-22, 7.35664720099e-22, 7.35228057189e-22, 1.20067578221e-21, 1.52503236432e-21, 2.39972527402e-21],
        "var": [1.13283306291e-07, 8.2252874563e-05, 6.84502374497e-05, 4.13109082729e-05, 1.54009867401e-05, 6.77863965848e-07, 9.52962579959e-07, 6.08266077506e-07, 1.72858904079e-06, 3.51334165316e-06, 8.74138663676e-07, 2.32023671742e-06, 1.42178089391e-06, 3.31107486318e-07, 1.2783746115e-06, 8.16239491996e-07, 1.04621244645e-06, 3.09819199629e-07, 8.47542139581e-07, 4.59089591232e-07, 5.00387443481e-07, 1.79566711722e-07, 1.10138884679e-07, 8.32438047382e-08, 1.13572118376e-09, 4.66073738238e-15, 8.58570891249e-15]
    },
    "erbbands": {
        "dmean": [0.133825346828, 1.62511372566, 6.0108833313, 10.8981523514, 9.81904697418, 9.07955169678, 4.67879962921, 4.18724107742, 5.52727603912, 5.60285282135, 5.12107467651, 8.26839065552, 7.64961194992, 12.8519802094, 9.03530597687, 12.8720474243, 13.6249952316, 12.2897758484, 15.5477228165, 16.3312149048, 23.8955383301, 18.9646282196, 13.8474874496, 23.657119751, 20.9711093903, 16.9435939789, 15.2335748672, 10.1094045639, 8.0959148407, 5.40067958832, 3.51080036163, 2.47448515892, 1.3886898756, 0.273204982281, 0.00805941689759, 0.000449840212241, 6.27643676125e-05, 1.71836454683e-05, 1.05651697595e-05, 1.73287116922e-05],
        "dmean2": [0.21600496769, 2.78188300133, 10.483007431, 18.7482089996, 17.5097923279, 15.7973670959, 7.76576185226, 7.28596162796, 9.41647720337, 9.45643138885, 8.30621433258, 12.8427972794, 12.0652523041, 20.2041549683, 14.7711334229, 20.3933849335, 21.3660202026, 19.6293926239, 25.240562439, 26.0213356018, 38.2680053711, 30.2884616852, 22.2992668152, 39.391166687, 34.6051177979, 28.0159568787, 24.9382305145, 16.0391750336, 13.4454860687, 8.9365606308, 5.62344264984, 3.7261235714, 2.11001348495, 0.417502075434, 0.0124124679714, 0.000691368011758, 0.000100518984254, 2.8624168408e-05, 1.77088750206e-05, 2.91395481327e-05],
        "dvar": [0.0447076782584, 5.22911167145, 69.6688537598, 273.0105896, 243.465927124, 447.067565918, 49.2147445679, 69.5522460938, 196.664596558, 121.427864075, 155.484481812, 572.49420166, 695.509155273, 2473.30761719, 974.556396484, 4247.52001953, 2040.56787109, 652.655578613, 1022.04388428, 1116.49914551, 1186.83178711, 704.566040039, 327.15145874, 851.263244629, 706.382446289, 466.149688721, 386.294158936, 141.769577026, 132.380828857, 80.4563598633, 30.3080329895, 19.1341743469, 5.58661317825, 0.231056302786, 0.00021265023679, 6.70512065426e-07, 3.58214471419e-08, 5.43207434589e-09, 4.70342154113e-10, 4.48392822872e-10],
        "dvar2": [0.103211097419, 14.7017736435, 197.840164185, 778.485961914, 686.909912109, 1198.9552002, 128.941757202, 199.55116272, 543.609558105, 322.66796875, 404.358093262, 1269.85327148, 1591.93310547, 6263.31298828, 2219.27392578, 10677.2861328, 4776.59960938, 1516.24121094, 2740.89575195, 2686.84057617, 3078.33496094, 1714.53344727, 848.25579834, 2282.6574707, 1919.87780762, 1204.15991211, 998.932556152, 345.471893311, 339.345367432, 208.65296936, 73.8623733521, 42.5608711243, 11.3094015121, 0.494613349438, 0.000472380837891, 1.5327498204e-06, 1.01197954905e-07, 1.59513771081e-08, 1.33637945154e-09, 1.21895360472e-09],
        "max": [1.93983185291, 24.7724819183, 85.0097122192, 176.43939209, 126.479476929, 203.280090332, 73.9319839478, 121.288764954, 237.915496826, 148.053848267, 322.275665283, 421.159240723, 893.547790527, 1379.59741211, 652.71295166, 2148.40039062, 818.517333984, 478.42401123, 598.799621582, 747.000488281, 522.003356934, 640.540283203, 277.692749023, 385.344451904, 332.288757324, 242.462127686, 231.802505493, 149.25012207, 111.485046387, 119.397087097, 71.2056503296, 134.314849854, 60.4874076843, 10.1156921387, 0.319402009249, 0.0151157882065, 0.00542690558359, 0.00222900719382, 0.00059295410756, 0.000165928708157],
        "mean": [0.179610967636, 2.09016537666, 7.35266113281, 14.0849065781, 11.2646474838, 9.10715293884, 6.53884983063, 5.86209583282, 7.29668951035, 8.00494384766, 7.96519374847, 13.0954246521, 11.6057357788, 18.9745845795, 13.3888072968, 19.3729534149, 19.6228122711, 20.6543636322, 30.0412464142, 32.2915382385, 48.9893112183, 41.1511688232, 30.9262981415, 52.0761375427, 44.3026161194, 35.9940299988, 34.2490844727, 25.4957389832, 16.0602817535, 8.41211795807, 6.46437740326, 4.87800741196, 2.68470358849, 0.516761004925, 0.0152592742816, 0.000910408736672, 0.000126444239868, 3.14347889798e-05, 2.59365697275e-05, 4.24917197961e-05],
        "median": [0.093483529985, 1.42122101784, 4.94442462921, 8.26504611969, 6.67461776733, 4.31541824341, 4.15408468246, 3.8050339222, 3.8922085762, 3.65756630898, 3.71922492981, 3.86039495468, 3.86037445068, 4.74216651917, 5.11935663223, 7.39737653732, 7.75230789185, 11.5651931763, 17.9821052551, 21.2312679291, 36.7473716736, 30.9658908844, 25.0867290497, 42.7668190002, 34.7581520081, 27.1762104034, 24.5053386688, 18.5153255463, 11.6354799271, 3.94427251816, 2.51022171974, 1.55701398849, 0.802990317345, 0.170851305127, 0.00525425374508, 0.00035329151433, 6.34418975096e-05, 1.66422632901e-05, 2.3448788852e-05, 3.87729414797e-05],
        "min": [5.95396112986e-22, 3.27414928944e-21, 3.73755840604e-20, 1.13714483362e-19, 4.86264003826e-20, 4.37350164643e-20, 6.60017944384e-20, 1.80451273011e-19, 1.02433559604e-18, 7.16721653588e-19, 2.37958376215e-18, 3.12270710804e-18, 3.34893438813e-18, 2.62348479e-18, 2.93188791445e-18, 3.61024508633e-18, 3.31151253042e-18, 4.92948235807e-18, 3.38720576032e-18, 7.87505969807e-18, 1.1185997338e-17, 1.45028170592e-17, 9.05554652103e-18, 9.98965346265e-18, 1.20227318866e-17, 1.23973595045e-17, 1.72646672454e-17, 1.60780932003e-17, 2.14032834606e-17, 1.53282870622e-17, 1.89382852352e-17, 1.89549744312e-17, 1.23828184965e-17, 1.11678514769e-17, 9.25673669834e-18, 4.56619952228e-18, 2.86270583674e-18, 1.53686259724e-18, 3.5218514804e-19, 3.58840352443e-20],
        "var": [0.059478636831, 5.0715265274, 65.2612228394, 286.248016357, 203.078338623, 321.204864502, 57.659072876, 59.0198020935, 178.67666626, 172.724731445, 309.736328125, 1246.86169434, 1601.36108398, 4216.19335938, 1420.53076172, 4702.11572266, 3119.44311523, 1099.89343262, 2464.75610352, 2658.67089844, 2732.89111328, 1942.7902832, 811.232543945, 2134.85058594, 1650.01733398, 1112.70129395, 1079.32519531, 575.941894531, 257.447662354, 129.447723389, 78.1728210449, 55.7809104919, 17.9403934479, 0.647962391376, 0.000567025388591, 1.73892044586e-06, 3.64338852421e-08, 3.68250008265e-09, 4.12080175538e-10, 5.52203116566e-10]
    },
    "gfcc": {
        "mean": [-7.31539011002, 119.973083496, -152.657028198, 93.9447479248, -53.755859375, 16.0358657837, -23.7682857513, -7.86364650726, -4.82008600235, -20.3837184906, 1.71537554264, -22.651424408, 4.36101198196],
        "cov": [[5949.75683594, -969.476135254, -333.902893066, 320.731933594, -724.552734375, 359.497039795, -390.04888916, 307.962097168, -30.0596027374, 61.2569961548, 61.2726516724, -50.6725273132, -49.1642150879], [-969.476135254, 1121.59423828, 29.0425186157, -208.426391602, 482.085113525, -240.21270752, 324.025756836, -199.745925903, 11.3250932693, -136.725662231, -30.0958633423, 6.12161684036, 63.3888664246], [-333.902893066, 29.0425186157, 296.101135254, 74.8442611694, 59.2806167603, 60.2409210205, 6.25864887238, 1.34383428097, -15.2347345352, -25.1295623779, 9.33722019196, 3.05472779274, 3.57197999954], [320.731933594, -208.426391602, 74.8442611694, 273.466186523, -16.7961750031, -13.101855278, -56.2183265686, 6.60787534714, 11.3199090958, 63.9177093506, 7.74474811554, -7.47574520111, -2.31045055389], [-724.552734375, 482.085113525, 59.2806167603, -16.7961750031, 379.148956299, -101.4635849, 150.67074585, -90.7964477539, 21.2522182465, -43.5167884827, -12.42852211, -4.98333072662, 30.0471096039], [359.497039795, -240.21270752, 60.2409210205, -13.101855278, -101.4635849, 220.411193848, -52.6882324219, 89.7506942749, -9.78354263306, -17.5033664703, 25.8511371613, -5.34348678589, -14.6590442657], [-390.04888916, 324.025756836, 6.25864887238, -56.2183265686, 150.67074585, -52.6882324219, 209.39982605, -39.1549530029, -3.31702399254, -31.8900146484, -10.5066671371, 17.3559036255, 21.0898914337], [307.962097168, -199.745925903, 1.34383428097, 6.60787534714, -90.7964477539, 89.7506942749, -39.1549530029, 127.32611084, 27.4435310364, 13.0505170822, 17.9793872833, 2.3228738308, -0.994225978851], [-30.0596027374, 11.3250932693, -15.2347345352, 11.3199090958, 21.2522182465, -9.78354263306, -3.31702399254, 27.4435310364, 72.7167129517, 27.9192638397, 5.65456151962, -3.48307919502, 0.0816731899977], [61.2569961548, -136.725662231, -25.1295623779, 63.9177093506, -43.5167884827, -17.5033664703, -31.8900146484, 13.0505170822, 27.9192638397, 100.726608276, 26.0430583954, 2.01524472237, -4.79238128662], [61.2726516724, -30.0958633423, 9.33722019196, 7.74474811554, -12.42852211, 25.8511371613, -10.5066671371, 17.9793872833, 5.65456151962, 26.0430583954, 59.0883636475, 22.5907459259, -0.276872485876], [-50.6725273132, 6.12161684036, 3.05472779274, -7.47574520111, -4.98333072662, -5.34348678589, 17.3559036255, 2.3228738308, -3.48307919502, 2.01524472237, 22.5907459259, 52.7211761475, 24.461933136], [-49.1642150879, 63.3888664246, 3.57197999954, -2.31045055389, 30.0471096039, -14.6590442657, 21.0898914337, -0.994225978851, 0.0816731899977, -4.79238128662, -0.276872485876, 24.461933136, 51.8633346558]],
        "icov": [[0.000404041522415, -0.000914175121579, 0.000885408255272, -0.00123207271099, 0.000868008006364, -0.000981784891337, 0.00072843558155, -0.000994722242467, 0.00074845115887, -0.000171510706423, 0.000246162933763, -0.00015508577053, 0.000346248823917], [-0.000914175121579, 0.00990686565638, -0.00343724270351, 0.00664004404098, -0.00497110560536, 0.0073007075116, -0.00740568805486, 0.00805947650224, -0.00674524949864, 0.00816666521132, -0.00821958389133, 0.00755889108405, -0.00717685790733], [0.000885408255272, -0.00343724270351, 0.00679528573528, -0.00517109595239, 0.00129112869035, -0.00490232650191, 0.00271298456937, -0.0029413618613, 0.00325180171058, -0.000433436274761, 0.00155934330542, -0.00245984061621, 0.00217216112651], [-0.00123207271099, 0.00664004404098, -0.00517109595239, 0.0109223751351, -0.00446622725576, 0.00626006675884, -0.00376559467986, 0.0053291535005, -0.00408737082034, 0.000546634895727, -0.00347185460851, 0.0043861954473, -0.00448093935847], [0.000868008006364, -0.00497110560536, 0.00129112869035, -0.00446622725576, 0.00898543093354, -0.00280971778557, 0.000571587705053, -0.00107527407818, -0.000276638194919, -0.000437275040895, 0.000300282292301, 0.00108643108979, -0.000192950101336], [-0.000981784891337, 0.0073007075116, -0.00490232650191, 0.00626006675884, -0.00280971778557, 0.0144588453695, -0.00499812746421, 0.000887837668415, -0.00325565622188, 0.00792448315769, -0.00959460437298, 0.00786650553346, -0.00449742842466], [0.00072843558155, -0.00740568805486, 0.00271298456937, -0.00376559467986, 0.000571587705053, -0.00499812746421, 0.0132564231753, -0.00683355331421, 0.00631483644247, -0.00632005091757, 0.00798280816525, -0.0091366590932, 0.00587995257229], [-0.000994722242467, 0.00805947650224, -0.0029413618613, 0.0053291535005, -0.00107527407818, 0.000887837668415, -0.00683355331421, 0.0222399830818, -0.0132166957483, 0.00732642970979, -0.00829427503049, 0.00678628170863, -0.00882172118872], [0.00074845115887, -0.00674524949864, 0.00325180171058, -0.00408737082034, -0.000276638194919, -0.00325565622188, 0.00631483644247, -0.0132166957483, 0.0249870028347, -0.0114921052009, 0.00687609240413, -0.00484515214339, 0.00618721777573], [-0.000171510706423, 0.00816666521132, -0.000433436274761, 0.000546634895727, -0.000437275040895, 0.00792448315769, -0.00632005091757, 0.00732642970979, -0.0114921052009, 0.0258994009346, -0.0169476382434, 0.0105129135773, -0.00752399023622], [0.000246162933763, -0.00821958389133, 0.00155934330542, -0.00347185460851, 0.000300282292301, -0.00959460437298, 0.00798280816525, -0.00829427503049, 0.00687609240413, -0.0169476382434, 0.0367389172316, -0.023461362347, 0.0134115731344], [-0.00015508577053, 0.00755889108405, -0.00245984061621, 0.0043861954473, 0.00108643108979, 0.00786650553346, -0.0091366590932, 0.00678628170863, -0.00484515214339, 0.0105129135773, -0.023461362347, 0.0421310923994, -0.0225992053747], [0.000346248823917, -0.00717685790733, 0.00217216112651, -0.00448093935847, -0.000192950101336, -0.00449742842466, 0.00587995257229, -0.00882172118872, 0.00618721777573, -0.00752399023622, 0.0134115731344, -0.0225992053747, 0.0343384332955]]
    },
    "melbands": {
        "dmean": [0.00144464790355, 0.00268094055355, 0.0018146695802, 0.000654709758237, 0.000203560019145, 9.29626185098e-05, 8.51922450238e-05, 5.80373125558e-05, 4.2678329919e-05, 5.17125226907e-05, 3.91265712096e-05, 5.43562709936e-05, 2.8910846595e-05, 3.82346079277e-05, 2.98382165056e-05, 2.93111861538e-05, 2.44377497438e-05, 2.53102243732e-05, 2.46233230428e-05, 2.3825914468e-05, 3.28422720486e-05, 2.38940974668e-05, 1.47239188664e-05, 1.44848772834e-05, 2.17650795094e-05, 1.87635378097e-05, 1.36961243697e-05, 1.18931557154e-05, 1.06052020783e-05, 7.80070513429e-06, 6.1739310695e-06, 5.27240945303e-06, 3.83040242014e-06, 2.97323617815e-06, 2.18967511501e-06, 1.95659413293e-06, 1.48639810504e-06, 1.23838185573e-06, 5.89837952703e-07, 1.21376416473e-07],
        "dmean2": [0.00237863790244, 0.00463649211451, 0.00314609636553, 0.00113506941125, 0.000344129366567, 0.000159705596161, 0.000144706253195, 9.79084288701e-05, 6.83774414938e-05, 8.0569407146e-05, 6.16846155026e-05, 8.5771040176e-05, 4.69897931907e-05, 6.05756322329e-05, 4.64664844912e-05, 4.67271747766e-05, 3.93817863369e-05, 4.1613871872e-05, 3.99648124585e-05, 3.82466314477e-05, 5.30813849764e-05, 3.8514532207e-05, 2.42278820224e-05, 2.37868171098e-05, 3.64795778296e-05, 3.1326089811e-05, 2.32280799537e-05, 1.96312448679e-05, 1.75338373083e-05, 1.26052764244e-05, 9.96994640445e-06, 8.81900450622e-06, 6.41870747131e-06, 4.94803998663e-06, 3.60356648343e-06, 3.00344413517e-06, 2.28571661864e-06, 1.93590335584e-06, 8.9587661023e-07, 1.94351898131e-07],
        "dvar": [4.11544169765e-06, 1.35148911795e-05, 7.70267070038e-06, 1.24217592656e-06, 1.51677710392e-07, 3.09384518005e-08, 4.20730792428e-08, 1.35042883542e-08, 9.42714883934e-09, 2.43747564355e-08, 1.80621615442e-08, 4.61246081329e-08, 1.04395194711e-08, 2.39605579822e-08, 1.33926976176e-08, 1.02441077843e-08, 2.77036393825e-09, 2.46867704057e-09, 3.25412430335e-09, 1.91406579475e-09, 2.5074968768e-09, 1.25760735159e-09, 3.92960303186e-10, 3.61892571465e-10, 7.4079720136e-10, 5.04745634178e-10, 3.76882941522e-10, 2.27324867264e-10, 1.99073341145e-10, 9.68795252354e-11, 5.63382049346e-11, 4.97385466147e-11, 4.06687634957e-11, 2.40910329879e-11, 1.3087310749e-11, 9.43099938422e-12, 8.26225979994e-12, 5.11679847798e-12, 1.22576102914e-12, 6.14698789374e-14],
        "dvar2": [1.02296044133e-05, 3.84796512662e-05, 2.20828005695e-05, 3.3384433209e-06, 4.12027901575e-07, 8.82841817429e-08, 1.14505191107e-07, 3.5725530978e-08, 2.33271784111e-08, 5.4698372054e-08, 4.12909066938e-08, 1.16865820132e-07, 2.48417286741e-08, 5.83230637119e-08, 3.1889616281e-08, 2.53290171059e-08, 6.43709574533e-09, 6.69302391287e-09, 7.83836284768e-09, 4.87324269827e-09, 6.75664413308e-09, 3.10329251185e-09, 1.01709662914e-09, 9.63923940667e-10, 2.01341165962e-09, 1.37318656446e-09, 1.00722719054e-09, 5.98013638609e-10, 5.25712418042e-10, 2.45075099103e-10, 1.41968464762e-10, 1.28363014662e-10, 1.07283737449e-10, 6.2436320003e-11, 3.35070270141e-11, 2.06697037958e-11, 1.97426866522e-11, 1.15130491946e-11, 2.44169311506e-12, 1.56720529566e-13],
        "max": [0.023116607219, 0.0361008681357, 0.0245883930475, 0.00969870388508, 0.00450704758987, 0.00259596877731, 0.00341916363686, 0.00203259731643, 0.00265036313795, 0.00282887928188, 0.00445176148787, 0.00610621087253, 0.00244154594839, 0.00490781106055, 0.00247200881131, 0.00239179679193, 0.000976639916189, 0.000898025464267, 0.00150445103645, 0.000880881387275, 0.000803795701358, 0.000797280517872, 0.000318328558933, 0.000209788166103, 0.000369808927644, 0.000215376989217, 0.000238550332142, 0.000180982271559, 0.000168273501913, 0.000119181451737, 9.56887597567e-05, 7.2629605711e-05, 7.65446384321e-05, 6.10730785411e-05, 5.13339255122e-05, 6.01974679739e-05, 9.18571022339e-05, 6.50965303066e-05, 3.37630153808e-05, 6.28402631264e-06],
        "mean": [0.00199475348927, 0.00357853784226, 0.00236781593412, 0.000715933274478, 0.000255738530541, 0.000134816204081, 0.000113338828669, 8.41192377266e-05, 6.6287953814e-05, 8.05339586805e-05, 5.69072253711e-05, 7.87588796811e-05, 4.04019301641e-05, 5.31246296305e-05, 4.38438910351e-05, 3.96619288949e-05, 3.77379765268e-05, 4.53772190667e-05, 4.32949054812e-05, 4.52032873e-05, 6.23882515356e-05, 4.71107669e-05, 2.86371941911e-05, 2.7915722967e-05, 4.42484597443e-05, 3.8489815779e-05, 2.43447939283e-05, 2.33773153013e-05, 2.1435544113e-05, 1.76188059413e-05, 1.42263816088e-05, 1.00097286122e-05, 5.72148337596e-06, 4.32905653724e-06, 3.6634096432e-06, 3.66456902157e-06, 2.68468920694e-06, 2.21322648031e-06, 1.03678360119e-06, 1.85280441656e-07],
        "median": [0.0012377477251, 0.0025289922487, 0.00146593339741, 0.000393485184759, 0.00015685899416, 9.05798879103e-05, 6.03245607635e-05, 3.80237434001e-05, 2.72307188425e-05, 2.27221917157e-05, 1.88591475307e-05, 1.90981554624e-05, 1.4745347471e-05, 1.97046629182e-05, 1.68588430824e-05, 1.6418603991e-05, 1.98066336452e-05, 2.67202976829e-05, 2.45621231443e-05, 3.04939712805e-05, 4.44810830231e-05, 3.24174980051e-05, 2.21668760787e-05, 1.99388196052e-05, 3.53293653461e-05, 2.99214952975e-05, 1.71767405845e-05, 1.66351601365e-05, 1.47750761244e-05, 1.20299073387e-05, 1.00237430161e-05, 7.34166405891e-06, 3.08104222313e-06, 1.65876792835e-06, 1.38890322887e-06, 1.0860491102e-06, 8.3373453208e-07, 5.75194405883e-07, 3.5867097381e-07, 4.51584796224e-08],
        "min": [4.54539050347e-24, 1.49262706905e-23, 1.79346138407e-23, 2.51309982374e-24, 2.39465866971e-24, 4.26702910015e-24, 1.4583256614e-23, 1.00579039664e-23, 2.09540751964e-23, 1.85216509942e-23, 1.68831537619e-23, 1.09203095849e-23, 7.949129672e-24, 1.06773617254e-23, 1.12897307803e-23, 5.18909942441e-24, 9.71052748903e-24, 5.92754028488e-24, 6.55849963586e-24, 1.1466282584e-23, 1.50767285532e-23, 1.55122129051e-23, 1.10492504776e-23, 7.8165489751e-24, 7.53824042546e-24, 1.03424847491e-23, 5.44897781672e-24, 9.36888129731e-24, 1.3592493071e-23, 7.77754216992e-24, 9.73813919843e-24, 1.19233951353e-23, 1.13358199786e-23, 7.63329027593e-24, 9.76873122434e-24, 1.50913729671e-23, 9.9261902276e-24, 8.53385230761e-24, 7.82540630534e-24, 1.01447938396e-23],
        "var": [5.24031747773e-06, 1.29983955048e-05, 7.53663516662e-06, 1.00246165857e-06, 1.26863199057e-07, 2.78609597615e-08, 4.09519742561e-08, 2.0154859115e-08, 2.07469526003e-08, 5.08190254322e-08, 4.04568716306e-08, 7.82846640845e-08, 1.45651908312e-08, 2.87833348267e-08, 1.86633890564e-08, 1.2900581936e-08, 4.33798952315e-09, 5.53540990822e-09, 7.17924608651e-09, 3.94231580714e-09, 5.13449638362e-09, 3.20724025116e-09, 8.18768997046e-10, 7.48333395251e-10, 1.66362368326e-09, 1.25457721989e-09, 6.07027095256e-10, 5.04375041732e-10, 4.55489812534e-10, 2.958029377e-10, 1.90487278728e-10, 9.92126658605e-11, 5.55298029781e-11, 3.93354862571e-11, 2.69424638849e-11, 3.04888579661e-11, 1.86312666683e-11, 1.39151632925e-11, 3.11576307289e-12, 1.0889493517e-13]
    },
    "mfcc": {
        "mean": [-617.128662109, 101.337875366, -11.6028814316, 58.8112678528, 10.150929451, 20.1446075439, 3.28884744644, 8.34741592407, 2.27512764931, 4.83939552307, -5.86054563522, 3.41030287743, -5.28233575821],
        "cov": [[5117.41699219, -1339.88061523, 179.455230713, -244.802307129, -172.44128418, -163.329605103, -211.924118042, 42.4551124573, -146.941436768, 213.582550049, 28.7114715576, 88.5459976196, -49.2768440247], [-1339.88061523, 1421.30712891, -357.512054443, 190.927627563, 19.1115894318, 129.638061523, 158.150894165, 74.8641815186, 113.730278015, -135.851989746, -49.9205780029, -69.9130401611, 19.5243663788], [179.455230713, -357.512054443, 353.764648438, -77.3738861084, 40.0704956055, -6.65973520279, -4.71151256561, 25.6516857147, -43.1974754333, 34.5728225708, 3.16616606712, 10.8817653656, 7.24556541443], [-244.802307129, 190.927627563, -77.3738861084, 360.341339111, 34.1502380371, 60.8383712769, 10.9417171478, -67.6250762939, 38.302646637, -22.3843708038, -0.10132355988, -21.1407375336, 18.864364624], [-172.44128418, 19.1115894318, 40.0704956055, 34.1502380371, 175.69644165, 25.5832939148, 1.49651575089, 9.62546443939, 5.07089757919, 21.979057312, -3.4799015522, -1.62555468082, 18.1162796021], [-163.329605103, 129.638061523, -6.65973520279, 60.8383712769, 25.5832939148, 103.705223083, 45.2930755615, 11.2063045502, 7.3821439743, -8.05273246765, 0.881362020969, -11.5757522583, -1.72637009621], [-211.924118042, 158.150894165, -4.71151256561, 10.9417171478, 1.49651575089, 45.2930755615, 120.808670044, 41.6990242004, 19.8071746826, -28.715215683, 5.05565214157, -3.76142883301, 1.36355030537], [42.4551124573, 74.8641815186, 25.6516857147, -67.6250762939, 9.62546443939, 11.2063045502, 41.6990242004, 126.199897766, 17.5685539246, 9.80024433136, -15.1234607697, 2.03932976723, -2.34547114372], [-146.941436768, 113.730278015, -43.1974754333, 38.302646637, 5.07089757919, 7.3821439743, 19.8071746826, 17.5685539246, 82.8877639771, 3.71361088753, -2.26452183723, -9.57218933105, 5.26772689819], [213.582550049, -135.851989746, 34.5728225708, -22.3843708038, 21.979057312, -8.05273246765, -28.715215683, 9.80024433136, 3.71361088753, 88.1046447754, 17.741558075, 14.1492424011, -5.30221748352], [28.7114715576, -49.9205780029, 3.16616606712, -0.10132355988, -3.4799015522, 0.881362020969, 5.05565214157, -15.1234607697, -2.26452183723, 17.741558075, 57.9438858032, 23.6959648132, 1.91692996025], [88.5459976196, -69.9130401611, 10.8817653656, -21.1407375336, -1.62555468082, -11.5757522583, -3.76142883301, 2.03932976723, -9.57218933105, 14.1492424011, 23.6959648132, 74.5023803711, 15.4410066605], [-49.2768440247, 19.5243663788, 7.24556541443, 18.864364624, 18.1162796021, -1.72637009621, 1.36355030537, -2.34547114372, 5.26772689819, -5.30221748352, 1.91692996025, 15.4410066605, 59.8128547668]],
