{
"lowlevel": {
    "average_loudness": 0.980676174164,
    "barkbands_crest": {
        "dmean": 2.43068480492,
        "dmean2": 3.96320652962,
        "dvar": 6.63109827042,
        "dvar2": 14.6400089264,
        "max": 20.1797809601,
        "mean": 6.31664276123,
        "median": 5.24832487106,
        "min": 2.25599050522,
        "var": 9.7609577179
    },
    "barkbands_flatness_db": {
        "dmean": 0.0133761754259,
        "dmean2": 0.0216496158391,
        "dvar": 0.000131284905365,
        "dvar2": 0.000321217812598,
        "max": 0.194296464324,
        "mean": 0.121662244201,
        "median": 0.119560584426,
        "min": 0.0778189375997,
        "var": 0.000270932359854
    },
    "barkbands_kurtosis": {
        "dmean": 0.411807835102,
        "dmean2": 0.678681731224,
        "dvar": 0.26954627037,
        "dvar2": 0.630270242691,
        "max": 6.11144924164,
        "mean": -1.1327226162,
        "median": -1.30857777596,
        "min": -1.88473308086,
        "var": 0.372036963701
    },
    "barkbands_skewness": {
        "dmean": 0.391918629408,
        "dmean2": 0.5945084095,
        "dvar": 0.134849205613,
        "dvar2": 0.262382090092,
        "max": 2.44168019295,
        "mean": -0.00467609567568,
        "median": -0.0559791587293,
        "min": -2.32225775719,
        "var": 0.336275160313
    },
    "barkbands_spread": {
        "dmean": 6.8989777565,
        "dmean2": 10.4736461639,
        "dvar": 39.272769928,
        "dvar2": 82.1328582764,
        "max": 78.5502853394,
        "mean": 46.5236625671,
        "median": 46.5309867859,
        "min": 14.3414382935,
        "var": 104.245025635
    },
    "dissonance": {
        "dmean": 0.00713588250801,
        "dmean2": 0.0121002849191,
        "dvar": 4.98306071677e-05,
        "dvar2": 0.000136755843414,
        "max": 0.499999940395,
        "mean": 0.489026516676,
        "median": 0.491084247828,
        "min": 0.411309510469,
        "var": 6.95640337653e-05
    },
    "dynamic_complexity": 1.15463757515,
    "erbbands_crest": {
        "dmean": 1.7907627821,
        "dmean2": 2.95424699783,
        "dvar": 3.63153791428,
        "dvar2": 9.42230796814,
        "max": 23.9747886658,
        "mean": 6.39648199081,
        "median": 5.66454744339,
        "min": 2.88345193863,
        "var": 6.4616060257
    },
    "erbbands_flatness_db": {
        "dmean": 0.0120429033414,
        "dmean2": 0.0181094929576,
        "dvar": 0.000131061387947,
        "dvar2": 0.000281603366602,
        "max": 0.279145181179,
        "mean": 0.187881290913,
        "median": 0.185610607266,
        "min": 0.145495861769,
        "var": 0.000317550759064
    },
    "erbbands_kurtosis": {
        "dmean": 0.87604701519,
        "dmean2": 1.34927749634,
        "dvar": 0.782775104046,
        "dvar2": 1.74223554134,
        "max": 14.6665363312,
        "mean": 0.879707753658,
        "median": 0.578046560287,
        "min": -1.61721432209,
        "var": 2.22527337074
    },
    "erbbands_skewness": {
        "dmean": 0.302983492613,
        "dmean2": 0.474317610264,
        "dvar": 0.0817760080099,
        "dvar2": 0.191115990281,
        "max": 0.979136526585,
        "mean": -0.895752251148,
        "median": -0.907079041004,
        "min": -3.26232290268,
        "var": 0.227949395776
    },
    "erbbands_spread": {
        "dmean": 6.49894189835,
        "dmean2": 10.1505937576,
        "dvar": 38.3492622375,
        "dvar2": 88.1451797485,
        "max": 87.3324584961,
        "mean": 34.3968544006,
        "median": 33.1880569458,
        "min": 7.06962347031,
        "var": 103.738975525
    },
    "hfc": {
        "dmean": 8.73883152008,
        "dmean2": 13.2307882309,
        "dvar": 100.806396484,
        "dvar2": 243.507751465,
        "max": 133.82093811,
        "mean": 39.365234375,
        "median": 36.9350891113,
        "min": 0.000874637044035,
        "var": 315.329193115
    },
    "melbands_crest": {
        "dmean": 3.45458388329,
        "dmean2": 5.25572967529,
        "dvar": 10.6721487045,
        "dvar2": 23.0121631622,
        "max": 28.7798290253,
        "mean": 11.1563978195,
        "median": 10.033539772,
        "min": 3.21521711349,
        "var": 21.2130260468
    },
    "melbands_flatness_db": {
        "dmean": 0.0199927110225,
        "dmean2": 0.0304049458355,
        "dvar": 0.000422108045314,
        "dvar2": 0.000791947357357,
        "max": 0.233864590526,
        "mean": 0.097801014781,
        "median": 0.0920965224504,
        "min": 0.0344013758004,
        "var": 0.0010425047949
    },
    "melbands_kurtosis": {
        "dmean": 2.07703638077,
        "dmean2": 3.23854279518,
        "dvar": 8.11974906921,
        "dvar2": 17.3151779175,
        "max": 29.7948646545,
        "mean": 1.59734606743,
        "median": 0.408927440643,
        "min": -1.70540702343,
        "var": 11.7612419128
    },
    "melbands_skewness": {
        "dmean": 0.558772623539,
        "dmean2": 0.844640791416,
        "dvar": 0.330051541328,
        "dvar2": 0.638634800911,
        "max": 5.05102872849,
        "mean": 1.39866995811,
        "median": 1.22538506985,
        "min": -0.998317956924,
        "var": 0.691599607468
    },
    "melbands_spread": {
        "dmean": 15.5313816071,
        "dmean2": 23.8612918854,
        "dvar": 206.428161621,
        "dvar2": 411.00112915,
        "max": 168.340408325,
        "mean": 73.4931488037,
        "median": 73.0044631958,
        "min": 12.465754509,
        "var": 561.74822998
    },
    "pitch_salience": {
        "dmean": 0.0621841438115,
        "dmean2": 0.0978452637792,
        "dvar": 0.00325714540668,
        "dvar2": 0.00759476423264,
        "max": 0.823924303055,
        "mean": 0.624336600304,
        "median": 0.634112656116,
        "min": 0.259402424097,
        "var": 0.00725893490016
    },
    "silence_rate_20dB": {
        "dmean": 0,
        "dmean2": 0,
        "dvar": 0,
        "dvar2": 0,
        "max": 1,
        "mean": 1,
        "median": 1,
        "min": 1,
        "var": 0
    },
    "silence_rate_30dB": {
        "dmean": 0,
        "dmean2": 0,
        "dvar": 0,
        "dvar2": 0,
        "max": 1,
        "mean": 1,
        "median": 1,
        "min": 1,
        "var": 0
    },
    "silence_rate_60dB": {
        "dmean": 0.000774593325332,
        "dmean2": 0.00154978688806,
        "dvar": 0.00077398942085,
        "dvar2": 0.00154736766126,
        "max": 1,
        "mean": 0.013550135307,
        "median": 0,
        "min": 0,
        "var": 0.0133660361171
    },
    "spectral_centroid": {
        "dmean": 215.999969482,
        "dmean2": 343.670227051,
        "dvar": 38570.1054688,
        "dvar2": 92796.5703125,
        "max": 4117.13232422,
        "mean": 2909.01147461,
        "median": 2923.74682617,
        "min": 1244.11181641,
        "var": 122664.539062
    },
    "spectral_complexity": {
        "dmean": 4.95584821701,
        "dmean2": 7.66989517212,
        "dvar": 19.4139308929,
        "dvar2": 39.3027496338,
        "max": 59,
        "mean": 36.8025550842,
        "median": 38,
        "min": 0,
        "var": 89.9128341675
    },
    "spectral_decrease": {
        "dmean": 1.38707667574e-09,
        "dmean2": 2.07814898623e-09,
        "dvar": 2.37125508736e-18,
        "dvar2": 5.29670753665e-18,
        "max": -7.44493781402e-14,
        "mean": -4.3155199414e-09,
        "median": -3.81028897323e-09,
        "min": -1.22102674638e-08,
        "var": 4.08947134703e-18
    },
    "spectral_energy": {
        "dmean": 0.0057556508109,
        "dmean2": 0.00861410517246,
        "dvar": 3.97610492655e-05,
        "dvar2": 9.1001013061e-05,
        "max": 0.0533357262611,
        "mean": 0.0198583118618,
        "median": 0.0183190852404,
        "min": 3.60320257187e-07,
        "var": 7.37625741749e-05
    },
    "spectral_energyband_high": {
        "dmean": 0.000952358124778,
        "dmean2": 0.00144675828051,
        "dvar": 1.41099133089e-06,
        "dvar2": 3.18695128954e-06,
        "max": 0.0183505192399,
        "mean": 0.00366330938414,
        "median": 0.0032487672288,
        "min": 6.07129706509e-08,
        "var": 4.73340514873e-06
    },
    "spectral_energyband_low": {
        "dmean": 0.00266118859872,
        "dmean2": 0.00399821111932,
        "dvar": 2.07505581784e-05,
        "dvar2": 3.87098007195e-05,
        "max": 0.0314025022089,
        "mean": 0.00418344605714,
        "median": 0.00207786168903,
        "min": 4.98670829074e-08,
        "var": 3.0518614949e-05
    },
    "spectral_energyband_middle_high": {
        "dmean": 0.0021826538723,
        "dmean2": 0.00342405517586,
        "dvar": 8.60159070726e-06,
        "dvar2": 2.11309597944e-05,
        "max": 0.0341504327953,
        "mean": 0.00754718855023,
        "median": 0.00705909309909,
        "min": 2.12289009482e-07,
        "var": 1.46838883666e-05
    },
    "spectral_energyband_middle_low": {
        "dmean": 0.00246111885644,
        "dmean2": 0.00408356916159,
        "dvar": 1.06369116111e-05,
        "dvar2": 2.58891304838e-05,
        "max": 0.0288149248809,
        "mean": 0.00506652658805,
        "median": 0.00400725798681,
        "min": 5.47919718485e-08,
        "var": 1.40432493936e-05
    },
    "spectral_entropy": {
        "dmean": 0.0696116238832,
        "dmean2": 0.105153441429,
        "dvar": 0.00432284036651,
        "dvar2": 0.00929310079664,
        "max": 8.29557800293,
        "mean": 7.99075603485,
        "median": 8.00665283203,
        "min": 7.25563621521,
        "var": 0.0129631236196
    },
    "spectral_flux": {
        "dmean": 0.0209090169519,
        "dmean2": 0.0326412133873,
        "dvar": 0.000405125931138,
        "dvar2": 0.000872416538186,
        "max": 0.205994978547,
        "mean": 0.0893534868956,
        "median": 0.0862142816186,
        "min": 0.000600266794208,
        "var": 0.000920732098166
    },
    "spectral_kurtosis": {
        "dmean": 0.966480672359,
        "dmean2": 1.68982088566,
        "dvar": 0.760877490044,
        "dvar2": 2.16447925568,
        "max": 14.5277252197,
        "mean": 1.38441991806,
        "median": 1.18919229507,
        "min": -0.420712947845,
        "var": 1.12936747074
    },
    "spectral_rms": {
        "dmean": 0.000610192772001,
        "dmean2": 0.000898561847862,
        "dvar": 3.85590624319e-07,
        "dvar2": 8.43311056542e-07,
        "max": 0.00721351895481,
        "mean": 0.00429081683978,
        "median": 0.00422756187618,
        "min": 1.87491859833e-05,
        "var": 9.62832586993e-07
    },
    "spectral_rolloff": {
        "dmean": 586.175598145,
        "dmean2": 889.235473633,
        "dvar": 309124.96875,
        "dvar2": 618220.6875,
        "max": 6675.29296875,
        "mean": 4345.40966797,
        "median": 4392.7734375,
        "min": 344.53125,
        "var": 1033994.5
    },
    "spectral_skewness": {
        "dmean": 0.145085170865,
        "dmean2": 0.247164309025,
        "dvar": 0.0151020279154,
        "dvar2": 0.0411139465868,
        "max": 2.77870082855,
        "mean": 0.482706129551,
        "median": 0.470024853945,
        "min": 0.0380045026541,
        "var": 0.0280813015997
    },
    "spectral_spread": {
        "dmean": 267169.03125,
        "dmean2": 408520.09375,
        "dvar": 58917748736,
        "dvar2": 117461819392,
        "max": 5711614.5,
        "mean": 3549725.5,
        "median": 3518633,
        "min": 2053055,
        "var": 222922080256
    },
    "spectral_strongpeak": {
        "dmean": 0.735822498798,
        "dmean2": 1.30972611904,
        "dvar": 1.72747266293,
        "dvar2": 4.23550987244,
        "max": 13.4613599777,
        "mean": 0.916502773762,
        "median": 0.313142985106,
        "min": 0.000319231476169,
        "var": 1.93263530731
    },
    "zerocrossingrate": {
        "dmean": 0.0121016968042,
        "dmean2": 0.0136705506593,
        "dvar": 0.00010601014219,
        "dvar2": 0.000135997630423,
        "max": 0.216796875,
        "mean": 0.12529169023,
        "median": 0.1259765625,
        "min": 0.04345703125,
        "var": 0.000668122491334
    },
    "barkbands": {
        "dmean": [7.09456944605e-05, 0.00223339349031, 0.000786349177361, 0.00076560350135, 0.00119595392607, 0.00043727690354, 0.000373999995645, 0.000322770734783, 0.000349920766894, 0.000389936176362, 0.000402269390179, 0.000299215433188, 0.000243888862315, 0.000281280372292, 0.000378088356229, 0.000469471124234, 0.000430805521319, 0.000503319606651, 0.00056175631471, 0.000414683046984, 0.000472632469609, 0.000436401518527, 0.000204042953555, 4.171755063e-05, 7.90825833974e-06, 1.08055662196e-08, 5.14758768944e-09],
        "dmean2": [0.000114982321975, 0.00338052539155, 0.00140491710044, 0.001355707529, 0.00201358716004, 0.000708355393726, 0.000624035194051, 0.000546105904505, 0.000593291828409, 0.000644286046736, 0.000637268647552, 0.000473638414405, 0.000385556166293, 0.000460125767859, 0.000632658367977, 0.000787677243352, 0.00072185578756, 0.000831147481222, 0.000921578262933, 0.000691675231792, 0.000780375674367, 0.000674517126754, 0.000313371070661, 6.2309394707e-05, 1.22450983326e-05, 1.84107449286e-08, 9.78833192278e-09],
        "dvar": [2.09990442812e-08, 1.83122465387e-05, 2.07031575883e-06, 1.43268857755e-06, 2.83881013274e-06, 7.09140579147e-07, 9.46374029809e-07, 7.81076096246e-07, 7.89912292021e-07, 1.20581830743e-06, 1.03239676719e-06, 5.51799530513e-07, 2.70749382025e-07, 2.90035416128e-07, 5.948743933e-07, 7.21866342701e-07, 7.4646993653e-07, 5.99981717642e-07, 7.43195982977e-07, 2.15099717593e-07, 4.21412295282e-07, 2.67280285016e-07, 7.74386137437e-08, 2.65279287426e-09, 1.20969512185e-10, 6.83904566008e-16, 1.35930206249e-15],
        "dvar2": [5.20206491217e-08, 3.60955200449e-05, 6.01436659053e-06, 4.08733649238e-06, 6.82680956743e-06, 1.8202767933e-06, 2.53283155871e-06, 2.1650769213e-06, 2.13047155739e-06, 3.1574068089e-06, 2.72462534667e-06, 1.4279402194e-06, 6.32907244835e-07, 7.39855181564e-07, 1.5907174884e-06, 1.88935973711e-06, 2.00051795218e-06, 1.60342233357e-06, 1.92371567209e-06, 5.44120325685e-07, 1.10608448267e-06, 6.09956771314e-07, 1.76680785557e-07, 5.58660895322e-09, 2.92829455129e-10, 1.959110127e-15, 4.0043779043e-15],
        "max": [0.000906487461179, 0.0281505789608, 0.0141318012029, 0.0135521385819, 0.0142238652334, 0.00970756076276, 0.0165608376265, 0.0138708008453, 0.0105309262872, 0.0174645092338, 0.0196492262185, 0.0137778678909, 0.00942680891603, 0.00732174189761, 0.0184399411082, 0.0149369901046, 0.0240605734289, 0.0216453373432, 0.0171814691275, 0.00525791477412, 0.0145045081154, 0.00717306463048, 0.00454904185608, 0.000906385772396, 0.000200576832867, 5.38356061952e-07, 8.5266987071e-07],
        "mean": [7.2599046689e-05, 0.00245307805017, 0.00116463692393, 0.0010488787666, 0.0019574300386, 0.000625241431408, 0.000426483777119, 0.000397782801883, 0.000444651581347, 0.000560238782782, 0.000582132313866, 0.000438759743702, 0.000435039866716, 0.000427241291618, 0.000607602822129, 0.000817575433757, 0.000843597459607, 0.0010837058071, 0.00128129369114, 0.00102574413177, 0.00122356007341, 0.00125230639242, 0.000546164519619, 0.000122971032397, 1.95720822376e-05, 1.66410867308e-08, 3.09379388774e-09],
        "median": [7.85358224675e-06, 0.000457141373772, 0.000703421013895, 0.000743362121284, 0.00133613368962, 0.000352472532541, 0.000168178536114, 0.000149309285916, 0.00019340068684, 0.000192809588043, 0.000141820652061, 0.000185876226169, 0.000154143213877, 0.000237350177485, 0.000399524549721, 0.000598253216594, 0.00065029214602, 0.000885322864633, 0.00102659501135, 0.000887372239958, 0.00101452902891, 0.001062456402, 0.000426905578934, 9.39772435231e-05, 1.40503934745e-05, 1.14169838028e-08, 3.42126771358e-10],
        "min": [7.44114422857e-11, 7.95115617791e-09, 7.02018754239e-09, 2.37523245517e-08, 1.52476520299e-08, 1.41693745626e-09, 5.41348166294e-09, 5.3390594168e-09, 3.24397175788e-09, 8.8014562305e-10, 4.78465800313e-09, 7.21912396529e-09, 2.30588401706e-08, 1.62958588845e-08, 8.08525157936e-09, 2.58306922518e-08, 2.01841316994e-08, 5.39967004443e-08, 1.83424511135e-08, 3.90946155449e-08, 2.86285466444e-08, 1.49062771015e-08, 6.26441165608e-09, 2.98847857572e-09, 2.32765848263e-10, 1.21230293599e-12, 2.84910484961e-12],
        "var": [2.21544951273e-08, 2.26114971156e-05, 1.9285930648e-06, 1.20758181765e-06, 3.83896349376e-06, 7.46500234072e-07, 8.00699240244e-07, 6.55901260416e-07, 7.29169300939e-07, 1.31372235046e-06, 1.26715281112e-06, 6.28764723842e-07, 7.54476502607e-07, 3.76681441594e-07, 5.59594752758e-07, 7.5969393265e-07, 8.33538194911e-07, 7.94640243384e-07, 1.07772029878e-06, 4.21060974531e-07, 7.94242851043e-07, 6.84560518494e-07, 2.41566027626e-07, 1.09746949306e-08, 3.83947346139e-10, 5.43622092718e-16, 7.24025657984e-16]
    },
    "erbbands": {
        "dmean": [0.0781199261546, 0.484114915133, 0.861467957497, 1.59687125683, 4.86450576782, 3.02697324753, 3.50151968002, 3.60427093506, 4.23073577881, 7.06911420822, 6.6196846962, 6.79326057434, 11.5289936066, 13.0178203583, 16.0444431305, 11.1148815155, 10.165769577, 12.875670433, 17.062253952, 19.8468875885, 25.1122665405, 21.7362442017, 23.7357959747, 29.3595237732, 24.7921676636, 19.8571186066, 22.1773147583, 15.0232753754, 14.5186233521, 13.349656105, 3.81541371346, 1.34406113625, 0.535429060459, 0.158926203847, 0.00976278353482, 0.000452619075077, 3.76485295419e-05, 1.00539127743e-05, 5.51375660507e-06, 7.65932054492e-06],
        "dmean2": [0.119752563536, 0.747294425964, 1.53014183044, 2.81571483612, 8.3638458252, 5.11534547806, 5.60341978073, 5.95455932617, 7.13280057907, 12.1006813049, 11.0483541489, 11.5589952469, 19.0892982483, 20.5826320648, 25.0530891418, 17.387550354, 15.8644256592, 20.9727954865, 28.3817310333, 32.9614562988, 42.0725021362, 36.31772995, 39.5616645813, 48.6232948303, 40.7327156067, 33.0856971741, 36.5468521118, 24.7349262238, 22.5505046844, 20.1425228119, 5.81066179276, 2.03968882561, 0.797825455666, 0.236929059029, 0.0145411426201, 0.000660745252389, 5.38456733921e-05, 1.49736806634e-05, 8.16711326479e-06, 1.13873948067e-05],
        "dvar": [0.0235111787915, 0.87097632885, 2.6747841835, 6.9993019104, 47.5715942383, 19.7039375305, 30.5428771973, 63.4996681213, 102.273635864, 398.680023193, 368.732910156, 302.070800781, 1372.73022461, 1164.22497559, 1491.9029541, 729.108093262, 513.241455078, 577.785461426, 1166.25671387, 1554.64831543, 2136.59423828, 1197.82897949, 1872.97753906, 2305.65454102, 1101.60144043, 531.078918457, 1268.60974121, 369.679962158, 346.805419922, 253.341064453, 21.9287757874, 2.83629560471, 0.526076674461, 0.04652499035, 0.000165574107086, 3.67421336023e-07, 4.96570917718e-09, 6.25186569181e-10, 6.82243914141e-11, 7.06647310111e-11],
        "dvar2": [0.0496267005801, 1.8690507412, 7.70482969284, 20.0971050262, 120.918136597, 51.5168228149, 72.8812942505, 164.318954468, 264.022186279, 1102.72119141, 992.8671875, 813.713867188, 3678.40185547, 2910.72875977, 3753.43847656, 1914.37451172, 1215.62219238, 1381.82617188, 3176.80371094, 4108.32714844, 5627.91650391, 3126.84570312, 5057.10351562, 6305.31396484, 2740.73291016, 1388.66687012, 3306.85327148, 975.365478516, 801.750793457, 565.600585938, 48.5620422363, 6.19338560104, 1.07450377941, 0.104973763227, 0.00040035098209, 8.73615420005e-07, 1.29919763836e-08, 1.73670622328e-09, 1.7667542429e-10, 1.67031527498e-10],
        "max": [0.954296469688, 6.21568584442, 15.5327262878, 24.2156410217, 54.1257553101, 43.1050338745, 69.9883346558, 82.7457504272, 180.786209106, 302.719665527, 405.747375488, 229.481719971, 621.596801758, 569.597290039, 496.233978271, 656.61529541, 433.955200195, 296.720062256, 762.617370605, 829.802062988, 907.997375488, 723.897521973, 1324.79711914, 1087.46447754, 523.120117188, 272.850616455, 961.285644531, 300.075866699, 272.01461792, 225.4296875, 77.04737854, 31.150642395, 15.8691558838, 3.92285227776, 0.197554111481, 0.00935120228678, 0.00154660374392, 0.000531788740773, 0.000163456134032, 8.85632980498e-05],
        "mean": [0.0789507180452, 0.523263514042, 1.24458241463, 2.65034937859, 6.40207290649, 5.26945114136, 5.5894613266, 4.6259393692, 5.0763335228, 7.89171457291, 8.94934082031, 9.12210655212, 15.4214515686, 21.4650669098, 24.4765739441, 17.7406730652, 19.9104366302, 22.3133068085, 28.8983440399, 34.7537231445, 46.6976928711, 48.2137985229, 55.4605484009, 68.5842437744, 58.5350723267, 50.3268165588, 54.2607498169, 42.6569709778, 41.4081001282, 35.9930343628, 11.3458251953, 3.97967982292, 1.56404554844, 0.446276158094, 0.0253910142928, 0.00131494994275, 0.000134261601488, 3.53847462975e-05, 2.34337967413e-05, 3.09894385282e-05],
        "median": [0.00780846504495, 0.12490221858, 0.699384093285, 2.16847205162, 3.5974624157, 3.76416516304, 3.2293419838, 2.34735226631, 2.42434287071, 2.87252545357, 3.46694135666, 4.54689598083, 7.22644233704, 7.31541919708, 8.41331195831, 9.52901077271, 7.78259944916, 12.4212741852, 19.790222168, 24.8773803711, 35.2065505981, 38.9259757996, 46.5419044495, 57.8341064453, 46.5982551575, 43.4925727844, 43.289932251, 36.9307441711, 35.10206604, 28.3628997803, 9.3805141449, 3.16044926643, 1.12453055382, 0.3251042068, 0.0193168576807, 0.00103116035461, 0.000111484092486, 3.01187865261e-05, 2.19790545088e-05, 3.00006813632e-05],
        "min": [1.15452593263e-07, 2.53569737652e-06, 1.05450435512e-05, 5.60572771064e-05, 5.94439370616e-05, 4.8183821491e-05, 3.00104074995e-05, 1.14914182632e-05, 4.3342824938e-05, 0.000118726849905, 0.000112036359496, 7.08125226083e-05, 5.54710932192e-05, 0.00011096966773, 0.00014902104158, 0.000408567924751, 0.000895051460247, 0.00110556988511, 0.000455452827737, 0.000757408561185, 0.00131513178349, 0.00148713844828, 0.00249708490446, 0.00175745866727, 0.00154115096666, 0.00162900157738, 0.00142496626358, 0.000660101999529, 0.000488389807288, 0.000372859445633, 0.000192715480807, 6.7150554969e-05, 5.12240731041e-05, 9.53319340624e-06, 2.64135252337e-07, 2.04794918801e-08, 4.30601154733e-09, 1.47802781125e-09, 8.65320759491e-10, 6.24476470534e-10],
        "var": [0.0272412635386, 0.98870074749, 2.38163280487, 6.03516244888, 54.4236602783, 26.2405033112, 45.485534668, 58.9211387634, 92.564743042, 300.529907227, 351.462799072, 278.271331787, 1133.27905273, 1747.16186523, 1915.06933594, 832.183532715, 1482.46899414, 922.514587402, 1186.02514648, 1492.72070312, 2333.5703125, 1709.26208496, 2148.08837891, 2889.12207031, 2066.87866211, 1050.48718262, 2189.92895508, 712.677001953, 759.833740234, 834.579162598, 79.4818115234, 11.0464982986, 2.31776380539, 0.187789350748, 0.000547454401385, 1.30030321088e-06, 1.09581792529e-08, 7.96889776389e-10, 1.36741395984e-10, 1.61092833517e-10]
    },
    "gfcc": {
        "mean": [12.6013050079, 82.5981674194, -174.228851318, 90.0829772949, -77.0937347412, 16.5056018829, -29.458612442, -11.0347509384, -10.39158535, -23.3977966309, -5.50971221924, -15.6440544128, 1.41569721699],
        "cov": [[1178.15454102, -40.1879844666, 69.7539749146, 30.4853305817, -38.6164474487, 38.2073745728, -16.8899841309, 15.2937555313, -8.53141117096, 15.5874052048, 10.4874639511, 11.411690712, 16.0855464935], [-40.1879844666, 312.126373291, 7.56700515747, 17.8096542358, 129.362213135, -2.01422548294, 116.47719574, 29.4865627289, 66.3875350952, 10.083281517, 28.6769313812, -2.94150424004, 16.8970737457], [69.7539749146, 7.56700515747, 207.290054321, 127.18637085, 12.8974523544, 55.8254699707, -0.943753361702, 35.5903320312, 22.4531726837, 30.9056091309, 14.8249254227, 14.3288002014, 14.0733003616], [30.4853305817, 17.8096542358, 127.18637085, 174.149963379, 107.7554245, 59.1799659729, 59.5941505432, 48.7268676758, 42.2756996155, 26.7386951447, 27.4646949768, 13.7760925293, 11.7340126038], [-38.6164474487, 129.362213135, 12.8974523544, 107.7554245, 204.435836792, 85.961769104, 119.848648071, 53.5598754883, 47.9190979004, 29.8584651947, 41.6267280579, 3.97182178497, 11.1097450256], [38.2073745728, -2.01422548294, 55.8254699707, 59.1799659729, 85.961769104, 129.242111206, 63.2903327942, 28.9910163879, 6.30267858505, 24.7495956421, 21.9956874847, 7.03763532639, 4.7388548851], [-16.8899841309, 116.47719574, -0.943753361702, 59.5941505432, 119.848648071, 63.2903327942, 155.173477173, 72.0879135132, 50.9149780273, 9.84738445282, 28.1536865234, 10.3196563721, 16.2481155396], [15.2937555313, 29.4865627289, 35.5903320312, 48.7268676758, 53.5598754883, 28.9910163879, 72.0879135132, 108.579345703, 51.193195343, 16.8890781403, 10.8484554291, 4.6173491478, 18.0732650757], [-8.53141117096, 66.3875350952, 22.4531726837, 42.2756996155, 47.9190979004, 6.30267858505, 50.9149780273, 51.193195343, 82.5752182007, 35.2743530273, 13.5699224472, -3.26489925385, 5.70048809052], [15.5874052048, 10.083281517, 30.9056091309, 26.7386951447, 29.8584651947, 24.7495956421, 9.84738445282, 16.8890781403, 35.2743530273, 67.0020828247, 40.513420105, 2.00004792213, -4.08326387405], [10.4874639511, 28.6769313812, 14.8249254227, 27.4646949768, 41.6267280579, 21.9956874847, 28.1536865234, 10.8484554291, 13.5699224472, 40.513420105, 62.2091903687, 31.202501297, 7.43444776535], [11.411690712, -2.94150424004, 14.3288002014, 13.7760925293, 3.97182178497, 7.03763532639, 10.3196563721, 4.6173491478, -3.26489925385, 2.00004792213, 31.202501297, 58.7215232849, 33.824432373], [16.0855464935, 16.8970737457, 14.0733003616, 11.7340126038, 11.1097450256, 4.7388548851, 16.2481155396, 18.0732650757, 5.70048809052, -4.08326387405, 7.43444776535, 33.824432373, 53.9303588867]],
        "icov": [[0.000936079479288, -0.000937628792599, 0.00125255715102, -0.00180981948506, 0.00191862962674, -0.00142692541704, 0.00082089798525, -0.000749743951019, 0.000657186203171, -0.00050435384037, -0.000103442653199, 0.000179586641025, -0.000390459492337], [-0.000937628792599, 0.0267930589616, -0.0329332873225, 0.0399428978562, -0.0355180241168, 0.0258992891759, -0.0202406216413, 0.0164282303303, -0.0164669603109, 0.0156777892262, -0.0114469733089, 0.00826040282845, -0.00325316353701], [0.00125255715102, -0.0329332873225, 0.0569081567228, -0.0643282011151, 0.0531021617353, -0.0387418977916, 0.02831396088, -0.0224233660847, 0.0194190125912, -0.0214580185711, 0.012720384635, -0.00779793877155, 2.41091271391e-08], [-0.00180981948506, 0.0399428978562, -0.0643282011151, 0.0836009681225, -0.0667784586549, 0.0431415438652, -0.0306997243315, 0.0245560277253, -0.0267775338143, 0.025895440951, -0.0150830401108, 0.00675029214472, 0.000244324444793], [0.00191862962674, -0.0355180241168, 0.0531021617353, -0.0667784586549, 0.0671892017126, -0.0425089746714, 0.0222341828048, -0.020899169147, 0.0191542264074, -0.0184596907347, 0.00511464476585, -0.000980597687885, -0.00208479980938], [-0.00142692541704, 0.0258992891759, -0.0387418977916, 0.0431415438652, -0.0425089746714, 0.0429681912065, -0.0267447102815, 0.0158771518618, -0.00593818165362, 0.00393463810906, -0.00121725338977, 0.00188473507296, 0.000663685903419], [0.00082089798525, -0.0202406216413, 0.02831396088, -0.0306997243315, 0.0222341828048, -0.0267447102815, 0.0359606184065, -0.0190861076117, 0.002599545056, 0.0021479644347, -0.00305465236306, -0.00272978818975, 0.000740532530472], [-0.000749743951019, 0.0164282303303, -0.0224233660847, 0.0245560277253, -0.020899169147, 0.0158771518618, -0.0190861076117, 0.0275195594877, -0.016414443031, 0.00905109941959, -0.00562360370532, 0.00653446279466, -0.00587974488735], [0.000657186203171, -0.0164669603109, 0.0194190125912, -0.0267775338143, 0.0191542264074, -0.00593818165362, 0.002599545056, -0.016414443031, 0.0419884584844, -0.0342847183347, 0.0233343746513, -0.00969483889639, 0.00284539186396], [-0.00050435384037, 0.0156777892262, -0.0214580185711, 0.025895440951, -0.0184596907347, 0.00393463810906, 0.0021479644347, 0.00905109941959, -0.0342847183347, 0.0654866844416, -0.0533013083041, 0.0276069641113, -0.00640455260873], [-0.000103442653199, -0.0114469733089, 0.012720384635, -0.0150830401108, 0.00511464476585, -0.00121725338977, -0.00305465236306, -0.00562360370532, 0.0233343746513, -0.0533013083041, 0.0750932246447, -0.0462683103979, 0.0176028572023], [0.000179586641025, 0.00826040282845, -0.00779793877155, 0.00675029214472, -0.000980597687885, 0.00188473507296, -0.00272978818975, 0.00653446279466, -0.00969483889639, 0.0276069641113, -0.0462683103979, 0.0581369996071, -0.0303760804236], [-0.000390459492337, -0.00325316353701, 2.41091271391e-08, 0.000244324444793, -0.00208479980938, 0.000663685903419, 0.000740532530472, -0.00587974488735, 0.00284539186396, -0.00640455260873, 0.0176028572023, -0.0303760804236, 0.037582680583]]
    },
    "melbands": {
        "dmean": [0.000656914024148, 0.000477054651128, 0.000373008486349, 0.000294315279461, 0.000112777182949, 8.06778698461e-05, 6.77624921082e-05, 7.61938208598e-05, 5.24873794348e-05, 4.71259627375e-05, 5.84232002439e-05, 5.26598269062e-05, 5.59491927561e-05, 3.67068823834e-05, 2.64535829047e-05, 2.49356908171e-05, 2.59692442341e-05, 2.83724748442e-05, 2.95104564429e-05, 3.06211586576e-05, 3.24201573676e-05, 2.49282111326e-05, 2.43759968725e-05, 2.6503483241e-05, 2.68107160082e-05, 2.29741817748e-05, 1.7227137505e-05, 1.37564074976e-05, 1.58616967383e-05, 1.19395408547e-05, 9.34242143558e-06, 9.41393773246e-06, 9.96091421257e-06, 6.96540109857e-06, 2.68903795586e-06, 1.39625342399e-06, 7.49275727685e-07, 4.27946957871e-07, 2.91356201387e-07, 1.00612595588e-07],
        "dmean2": [0.000992254703306, 0.00078918307554, 0.000652363931295, 0.000503487070091, 0.000181226641871, 0.000132638699142, 0.00011375786562, 0.000130514410557, 8.68291172083e-05, 8.04005685495e-05, 9.66964871623e-05, 8.39675631141e-05, 8.79212966538e-05, 5.702139606e-05, 4.29123538197e-05, 3.89966553485e-05, 4.25568250648e-05, 4.74347834825e-05, 4.88985679112e-05, 5.05824573338e-05, 5.45794791833e-05, 4.14803616877e-05, 4.12633671658e-05, 4.40371040895e-05, 4.45867335657e-05, 3.79068515031e-05, 2.89854051516e-05, 2.30687455769e-05, 2.62803750957e-05, 2.01822385861e-05, 1.53861092258e-05, 1.49735969899e-05, 1.56958139996e-05, 1.06985262391e-05, 4.21466847911e-06, 2.22862786359e-06, 1.16947751394e-06, 6.59354441268e-07, 4.43062816657e-07, 1.55236037358e-07],
        "dvar": [1.60932597737e-06, 7.32864464226e-07, 3.0698407727e-07, 1.66350616837e-07, 3.01458236152e-08, 3.02976488342e-08, 2.66963731121e-08, 4.19958290365e-08, 2.43121611732e-08, 1.42313885121e-08, 3.48731958866e-08, 1.96687963694e-08, 1.92074818273e-08, 7.46621342529e-09, 5.70151081902e-09, 2.40633069026e-09, 2.64385557891e-09, 3.08097281021e-09, 4.10634770631e-09, 4.19317336409e-09, 4.76397543636e-09, 2.12017980949e-09, 1.98501615145e-09, 1.42163536498e-09, 2.1812134321e-09, 1.10235032214e-09, 4.40756209308e-10, 2.61255073131e-10, 6.87751466888e-10, 2.13356318723e-10, 1.50274279132e-10, 1.32907962413e-10, 1.59189328386e-10, 8.39375166595e-11, 1.11340034414e-11, 3.64266819833e-12, 8.75606065518e-13, 3.26344420237e-13, 1.76855532714e-13, 1.77898704611e-14],
        "dvar2": [3.20596632264e-06, 1.87086129699e-06, 8.60125453528e-07, 4.11087171415e-07, 7.26849691546e-08, 7.89248915112e-08, 6.90996984076e-08, 1.16036005693e-07, 6.46054090225e-08, 3.83379727964e-08, 9.34534938324e-08, 4.90756093541e-08, 5.00044130547e-08, 1.86828472692e-08, 1.51894710143e-08, 5.60073765143e-09, 6.43811404188e-09, 8.34968894026e-09, 1.08796429643e-08, 1.1142690326e-08, 1.28991892723e-08, 5.60106183656e-09, 5.20435516904e-09, 3.8342888864e-09, 6.05787686681e-09, 2.78870482262e-09, 1.09693931716e-09, 7.02271629738e-10, 1.76773318206e-09, 5.6356608269e-10, 4.05046302054e-10, 3.24769433568e-10, 3.86673304487e-10, 1.89042489995e-10, 2.64191273025e-11, 9.19341078959e-12, 2.03849740907e-12, 7.13757883092e-13, 3.83418909686e-13, 4.468649707e-14],
        "max": [0.00799031835049, 0.00694756954908, 0.00538769457489, 0.00377286830917, 0.00216055172496, 0.00179424963426, 0.00280709867366, 0.00275534600951, 0.00329772708938, 0.00152790080756, 0.00317605398595, 0.0022776320111, 0.00239021796733, 0.00179718644358, 0.00155147630721, 0.000888244132511, 0.000680386321619, 0.000965383194853, 0.00138918997254, 0.00131173944101, 0.00154642912094, 0.00114893727005, 0.00120146677364, 0.000801405287348, 0.00107110594399, 0.000595896330196, 0.000282281805994, 0.000193052866962, 0.000650139641948, 0.000215525506064, 0.000226484553423, 0.000171351755853, 0.000182474614121, 0.000150643332745, 6.7909284553e-05, 3.21674269799e-05, 1.65935452969e-05, 1.21429502542e-05, 7.3787114161e-06, 2.11913697967e-06],
        "mean": [0.000695970724337, 0.000670327688567, 0.00057243113406, 0.00045611418318, 0.00019098118355, 0.000106300947664, 8.11958889244e-05, 8.53786768857e-05, 6.91367822583e-05, 6.20006685494e-05, 7.61671544751e-05, 8.3506842202e-05, 8.39049680508e-05, 5.45920447621e-05, 3.87571344618e-05, 4.71266284876e-05, 3.98236297769e-05, 4.38812530774e-05, 4.53950015071e-05, 5.18996384926e-05, 5.39488610229e-05, 4.75077504234e-05, 5.03600858792e-05, 5.25999348611e-05, 5.62429886486e-05, 4.77171779494e-05, 3.7025907659e-05, 3.11109870381e-05, 3.44652144122e-05, 2.89186336886e-05, 2.36261512327e-05, 2.37994045165e-05, 2.40963581746e-05, 1.78161808435e-05, 6.82210702507e-06, 3.57033923137e-06, 1.90323862626e-06, 1.1261237205e-06, 7.40577377201e-07, 2.46013257765e-07],
        "median": [9.71547560766e-05, 0.000337567966199, 0.000437709095422, 0.00031068030512, 0.00012012021034, 5.63156208955e-05, 3.74012015527e-05, 3.24912762153e-05, 2.57015854004e-05, 2.839363151e-05, 3.42175044352e-05, 2.44347520493e-05, 2.34390827245e-05, 2.24220166274e-05, 1.74558663275e-05, 1.76178673428e-05, 2.12557933992e-05, 2.79455616692e-05, 2.92093991447e-05, 3.68565997633e-05, 3.80355595553e-05, 3.59488767572e-05, 4.09300482715e-05, 4.16489237978e-05, 4.6101060434e-05, 3.65063424397e-05, 2.95387053484e-05, 2.65899780061e-05, 2.53420075751e-05, 2.38448192249e-05, 2.03706240427e-05, 1.97816734726e-05, 1.92075494851e-05, 1.34206748044e-05, 5.47821537111e-06, 2.64399022853e-06, 1.49453978793e-06, 8.20746436148e-07, 5.02996044816e-07, 1.82598597576e-07],
        "min": [1.58464441569e-09, 7.28985094511e-09, 1.14920011285e-08, 3.74873199149e-09, 1.31306021611e-09, 2.56299620416e-10, 8.0698014937e-10, 1.28960553347e-09, 8.07779232392e-10, 4.65195187926e-10, 2.53409238038e-10, 3.85316778484e-10, 5.55867407659e-10, 4.4808223798e-10, 1.95299354466e-09, 2.45996956139e-09, 1.84366133471e-09, 7.23138438019e-10, 4.90181839563e-10, 1.84437676243e-09, 1.31136101977e-09, 1.5000612974e-09, 1.97290916937e-09, 2.27445018375e-09, 1.36490563296e-09, 6.99442503915e-10, 1.91602445021e-09, 7.60148000101e-10, 6.9949240844e-10, 8.58234205925e-10, 2.64651411896e-10, 3.1230421027e-10, 2.50985981998e-10, 1.61174032454e-10, 1.21435680955e-10, 6.00250543714e-11, 2.82253265899e-11, 3.62710590729e-11, 2.63734589723e-11, 2.33116629299e-12],
        "var": [1.96015162146e-06, 7.82917936704e-07, 2.68521233693e-07, 2.09712425203e-07, 4.54619843993e-08, 2.83026420078e-08, 2.43186306648e-08, 3.18690780432e-08, 2.34030501645e-08, 1.36211548707e-08, 2.90212547327e-08, 2.99411873073e-08, 2.48593128305e-08, 9.42433597828e-09, 6.21245099808e-09, 9.2962633147e-09, 3.73400377285e-09, 3.28617311141e-09, 3.71871089477e-09, 4.01156263763e-09, 4.56335369492e-09, 2.60769383864e-09, 2.43380093856e-09, 1.95825111682e-09, 2.45548115174e-09, 1.67203872969e-09, 7.96295529515e-10, 4.47790415858e-10, 1.2025852536e-09, 4.36582936469e-10, 2.38413983e-10, 2.55903603863e-10, 3.51519341413e-10, 2.55414189798e-10, 3.06968478414e-11, 1.09875259932e-11, 2.50572696273e-12, 1.19489021542e-12, 6.69109353427e-13, 5.43740230521e-14]
    },
    "mfcc": {
        "mean": [-589.291320801, 62.3990211487, -19.2211265564, 48.5690727234, -7.54896783829, 18.0441055298, -7.56187772751, 10.7418241501, -3.2670249939, -1.98335075378, -5.36728334427, -6.76722812653, -5.07757854462],
        "cov": [[1149.12011719, -49.2678833008, 48.3838882446, -10.5541534424, -11.4281587601, 5.01887178421, -3.43763017654, -4.19465303421, -11.9720659256, 3.17944121361, -17.3822021484, 7.70543050766, 9.64847183228], [-49.2678833008, 292.924591064, -80.0580673218, 44.7137641907, 1.55094838142, 17.8922367096, 32.9004364014, 34.16746521, 45.0242538452, 27.5424175262, 35.206993103, 22.419380188, -0.133458778262], [48.3838882446, -80.0580673218, 225.131393433, 29.1126270294, 30.8611755371, 10.6695175171, -15.6028699875, -8.85359954834, -5.34848928452, 3.07825350761, -2.56001520157, 3.02170658112, 6.84811401367], [-10.5541534424, 44.7137641907, 29.1126270294, 142.843078613, 58.9026145935, 30.0785675049, 41.7267723083, 48.1556129456, 43.1084594727, 36.360168457, 26.7018184662, 32.6907196045, 18.7646999359], [-11.4281587601, 1.55094838142, 30.8611755371, 58.9026145935, 98.0100097656, 54.7596473694, 47.3490829468, 22.323797226, 25.8940353394, 25.2393455505, 24.86677742, 26.4025230408, 15.4891300201], [5.01887178421, 17.8922367096, 10.6695175171, 30.0785675049, 54.7596473694, 112.286331177, 63.2918930054, 26.383020401, 10.7153205872, 20.7969894409, 22.5439491272, 22.1921482086, 9.89744472504], [-3.43763017654, 32.9004364014, -15.6028699875, 41.7267723083, 47.3490829468, 63.2918930054, 114.363128662, 61.2739028931, 35.3171043396, 27.0345478058, 23.1700248718, 29.5525398254, 23.1472015381], [-4.19465303421, 34.16746521, -8.85359954834, 48.1556129456, 22.323797226, 26.383020401, 61.2739028931, 94.7308197021, 57.6915016174, 26.5296707153, 11.3787727356, 11.2258338928, 11.1308717728], [-11.9720659256, 45.0242538452, -5.34848928452, 43.1084594727, 25.8940353394, 10.7153205872, 35.3171043396, 57.6915016174, 82.5714263916, 50.0908241272, 19.7055950165, 11.4395084381, 4.73965167999], [3.17944121361, 27.5424175262, 3.07825350761, 36.360168457, 25.2393455505, 20.7969894409, 27.0345478058, 26.5296707153, 50.0908241272, 80.9539489746, 41.5108680725, 17.828086853, 1.86660861969], [-17.3822021484, 35.206993103, -2.56001520157, 26.7018184662, 24.86677742, 22.5439491272, 23.1700248718, 11.3787727356, 19.7055950165, 41.5108680725, 66.8491744995, 36.8158302307, 6.80683279037], [7.70543050766, 22.419380188, 3.02170658112, 32.6907196045, 26.4025230408, 22.1921482086, 29.5525398254, 11.2258338928, 11.4395084381, 17.828086853, 36.8158302307, 66.6697235107, 32.8591194153], [9.64847183228, -0.133458778262, 6.84811401367, 18.7646999359, 15.4891300201, 9.89744472504, 23.1472015381, 11.1308717728, 4.73965167999, 1.86660861969, 6.80683279037, 32.8591194153, 61.0004425049]],
