{
"lowlevel": {
    "average_loudness": 0.979296803474,
    "barkbands_crest": {
        "dmean": 2.55717635155,
        "dmean2": 4.30695104599,
        "dvar": 5.07695198059,
        "dvar2": 13.467751503,
        "max": 20.9579544067,
        "mean": 7.87315797806,
        "median": 7.39139080048,
        "min": 2.38221502304,
        "var": 9.20494556427
    },
    "barkbands_flatness_db": {
        "dmean": 0.0171812847257,
        "dmean2": 0.0293329749256,
        "dvar": 0.00023917281942,
        "dvar2": 0.000636701646727,
        "max": 0.254929512739,
        "mean": 0.128075391054,
        "median": 0.12586478889,
        "min": 0.0625568106771,
        "var": 0.000618166290224
    },
    "barkbands_kurtosis": {
        "dmean": 0.88989585638,
        "dmean2": 1.50323021412,
        "dvar": 1.9511153698,
        "dvar2": 5.37431812286,
        "max": 19.8103046417,
        "mean": -0.471650272608,
        "median": -0.96338224411,
        "min": -1.83496439457,
        "var": 2.92895388603
    },
    "barkbands_skewness": {
        "dmean": 0.465739518404,
        "dmean2": 0.746667861938,
        "dvar": 0.176899492741,
        "dvar2": 0.453298658133,
        "max": 4.45615434647,
        "mean": 0.71761649847,
        "median": 0.66348361969,
        "min": -1.91082525253,
        "var": 0.463659822941
    },
    "barkbands_spread": {
        "dmean": 6.67776632309,
        "dmean2": 10.781917572,
        "dvar": 31.9067821503,
        "dvar2": 80.9181442261,
        "max": 71.559463501,
        "mean": 44.5110015869,
        "median": 44.9032592773,
        "min": 10.2957010269,
        "var": 95.2523498535
    },
    "dissonance": {
        "dmean": 0.00788140110672,
        "dmean2": 0.0132862152532,
        "dvar": 5.70512020204e-05,
        "dvar2": 0.000151732383529,
        "max": 0.500000059605,
        "mean": 0.486990630627,
        "median": 0.489225834608,
        "min": 0.424336135387,
        "var": 9.19377416722e-05
    },
    "dynamic_complexity": 2.05642676353,
    "erbbands_crest": {
        "dmean": 1.98967015743,
        "dmean2": 3.23539614677,
        "dvar": 3.32240176201,
        "dvar2": 8.25429821014,
        "max": 21.9607982635,
        "mean": 7.33492183685,
        "median": 6.67655801773,
        "min": 2.82695746422,
        "var": 8.4124584198
    },
    "erbbands_flatness_db": {
        "dmean": 0.0108541520312,
        "dmean2": 0.0167846698314,
        "dvar": 8.23931841296e-05,
        "dvar2": 0.000179752867552,
        "max": 0.240192264318,
        "mean": 0.172142967582,
        "median": 0.172090157866,
        "min": 0.0929382219911,
        "var": 0.000380980229238
    },
    "erbbands_kurtosis": {
        "dmean": 0.746397197247,
        "dmean2": 1.1954625845,
        "dvar": 0.577854692936,
        "dvar2": 1.37556445599,
        "max": 7.75099182129,
        "mean": 0.496165126562,
        "median": 0.165699720383,
        "min": -1.74467253685,
        "var": 1.94403064251
    },
    "erbbands_skewness": {
        "dmean": 0.284791707993,
        "dmean2": 0.444158494473,
        "dvar": 0.0569564178586,
        "dvar2": 0.130529254675,
        "max": 1.11475884914,
        "mean": -0.743375182152,
        "median": -0.751442492008,
        "min": -2.33601689339,
        "var": 0.28647339344
    },
    "erbbands_spread": {
        "dmean": 7.55464982986,
        "dmean2": 11.9832496643,
        "dvar": 49.2701148987,
        "dvar2": 121.869796753,
        "max": 97.9952926636,
        "mean": 40.0403442383,
        "median": 37.9448776245,
        "min": 15.8410072327,
        "var": 155.763183594
    },
    "hfc": {
        "dmean": 5.9936413765,
        "dmean2": 8.99339103699,
        "dvar": 38.3180084229,
        "dvar2": 84.5294113159,
        "max": 84.1992874146,
        "mean": 33.9405059814,
        "median": 34.461479187,
        "min": 1.20683282326e-16,
        "var": 228.571273804
    },
    "melbands_crest": {
        "dmean": 4.03031826019,
        "dmean2": 6.7240858078,
        "dvar": 11.7811326981,
        "dvar2": 31.5408000946,
        "max": 28.6626605988,
        "mean": 14.5070257187,
        "median": 14.0548868179,
        "min": 2.23405432701,
        "var": 20.7425899506
    },
    "melbands_flatness_db": {
        "dmean": 0.0257534086704,
        "dmean2": 0.0421715267003,
        "dvar": 0.000545686285477,
        "dvar2": 0.00136205856688,
        "max": 0.302375108004,
        "mean": 0.136095911264,
        "median": 0.134844511747,
        "min": 0.00545358238742,
        "var": 0.00147233624011
    },
    "melbands_kurtosis": {
        "dmean": 4.62024497986,
        "dmean2": 7.71832323074,
        "dvar": 41.5269126892,
        "dvar2": 113.015434265,
        "max": 95.6250152588,
        "mean": 6.64131546021,
        "median": 4.29564571381,
        "min": -1.40102815628,
        "var": 75.6111907959
    },
    "melbands_skewness": {
        "dmean": 0.740661680698,
        "dmean2": 1.19837129116,
        "dvar": 0.495741575956,
        "dvar2": 1.26950931549,
        "max": 9.08878040314,
        "mean": 2.36588001251,
        "median": 2.21461558342,
        "min": 0.0212106648833,
        "var": 1.32372331619
    },
    "melbands_spread": {
        "dmean": 13.6706142426,
        "dmean2": 22.0498332977,
        "dvar": 156.553329468,
        "dvar2": 381.750823975,
        "max": 134.406707764,
        "mean": 46.5525970459,
        "median": 43.8245697021,
        "min": 4.77105617523,
        "var": 378.12512207
    },
    "pitch_salience": {
        "dmean": 0.0737508907914,
        "dmean2": 0.125366464257,
        "dvar": 0.0041839806363,
        "dvar2": 0.011167335324,
        "max": 0.848111152649,
        "mean": 0.547213256359,
        "median": 0.546300470829,
        "min": 0.233706966043,
        "var": 0.00796107947826
    },
    "silence_rate_20dB": {
        "dmean": 0,
        "dmean2": 0,
        "dvar": 0,
        "dvar2": 0,
        "max": 1,
        "mean": 1,
        "median": 1,
        "min": 1,
        "var": 0
    },
    "silence_rate_30dB": {
        "dmean": 0,
        "dmean2": 0,
        "dvar": 0,
        "dvar2": 0,
        "max": 1,
        "mean": 1,
        "median": 1,
        "min": 1,
        "var": 0
    },
    "silence_rate_60dB": {
        "dmean": 0.00154798757285,
        "dmean2": 0.00309837330133,
        "dvar": 0.00154557963833,
        "dvar2": 0.00308882375248,
        "max": 1,
        "mean": 0.0680587813258,
        "median": 0,
        "min": 0,
        "var": 0.0634259209037
    },
    "spectral_centroid": {
        "dmean": 267.757751465,
        "dmean2": 422.273132324,
        "dvar": 113347.765625,
        "dvar2": 189202.375,
        "max": 11306.5283203,
        "mean": 2544.18725586,
        "median": 2562.35644531,
        "min": 1097.04199219,
        "var": 209733.421875
    },
    "spectral_complexity": {
        "dmean": 4.05417966843,
        "dmean2": 6.36250972748,
        "dvar": 12.1456737518,
        "dvar2": 28.4308986664,
        "max": 59,
        "mean": 34.4547576904,
        "median": 37,
        "min": 0,
        "var": 141.061401367
    },
    "spectral_decrease": {
        "dmean": 2.07442285571e-09,
        "dmean2": 3.47089734731e-09,
        "dvar": 5.17419629766e-18,
        "dvar2": 1.40983704074e-17,
        "max": 6.95214969088e-29,
        "mean": -6.67213884142e-09,
        "median": -6.47731734915e-09,
        "min": -2.01597458727e-08,
        "var": 1.14193755944e-17
    },
    "spectral_energy": {
        "dmean": 0.00802574772388,
        "dmean2": 0.0133799221367,
        "dvar": 7.59743052186e-05,
        "dvar2": 0.000206274111406,
        "max": 0.0800071433187,
        "mean": 0.0282607227564,
        "median": 0.0279881637543,
        "min": 1.06839512256e-20,
        "var": 0.000182876246981
    },
    "spectral_energyband_high": {
        "dmean": 0.000686933810357,
        "dmean2": 0.00104654754978,
        "dvar": 5.39091843166e-07,
        "dvar2": 1.23698873722e-06,
        "max": 0.00883993227035,
        "mean": 0.00256492826156,
        "median": 0.0023508341983,
        "min": 7.74525315906e-21,
        "var": 2.1513228603e-06
    },
    "spectral_energyband_low": {
        "dmean": 0.0068375710398,
        "dmean2": 0.011736497283,
        "dvar": 7.24071433069e-05,
        "dvar2": 0.000198750494746,
        "max": 0.0654820129275,
        "mean": 0.012128604576,
        "median": 0.00951499212533,
        "min": 9.15819232674e-23,
        "var": 0.000108287174953
    },
    "spectral_energyband_middle_high": {
        "dmean": 0.00174860155676,
        "dmean2": 0.00270089320838,
        "dvar": 3.69997633243e-06,
        "dvar2": 8.91562194738e-06,
        "max": 0.034750316292,
        "mean": 0.00787527021021,
        "median": 0.00733007723466,
        "min": 1.5386402528e-21,
        "var": 2.02654446184e-05
    },
    "spectral_energyband_middle_low": {
        "dmean": 0.00335801905021,
        "dmean2": 0.00551614351571,
        "dvar": 2.29107481573e-05,
        "dvar2": 5.8467638155e-05,
        "max": 0.0466525778174,
        "mean": 0.00700614228845,
        "median": 0.00538156880066,
        "min": 3.15139783729e-22,
        "var": 3.55400225089e-05
    },
    "spectral_entropy": {
        "dmean": 0.0721757113934,
        "dmean2": 0.111165009439,
        "dvar": 0.00577061623335,
        "dvar2": 0.00952179916203,
        "max": 9.80574512482,
        "mean": 7.90183162689,
        "median": 7.89635801315,
        "min": 7.46451377869,
        "var": 0.0227603483945
    },
    "spectral_flux": {
        "dmean": 0.020127043128,
        "dmean2": 0.0309606473893,
        "dvar": 0.000388865650166,
        "dvar2": 0.00088796869386,
        "max": 0.233734592795,
        "mean": 0.0953344106674,
        "median": 0.0942416265607,
        "min": 1.03363199944e-10,
        "var": 0.00138345663436
    },
    "spectral_kurtosis": {
        "dmean": 0.990993142128,
        "dmean2": 1.74601733685,
        "dvar": 0.931397616863,
        "dvar2": 2.64103364944,
        "max": 15.221446991,
        "mean": 1.59770178795,
        "median": 1.31326150894,
        "min": -1.19934642315,
        "var": 1.28117382526
    },
    "spectral_rms": {
        "dmean": 0.000699624535628,
        "dmean2": 0.00115539156832,
        "dvar": 4.66223269768e-07,
        "dvar2": 1.26403460854e-06,
        "max": 0.00883491709828,
        "mean": 0.00501395761967,
        "median": 0.0052254688926,
        "min": 3.22852400196e-12,
        "var": 2.43162776314e-06
    },
    "spectral_rolloff": {
        "dmean": 705.662658691,
        "dmean2": 1167.11437988,
        "dvar": 690697,
        "dvar2": 1447247.875,
        "max": 18669.2871094,
        "mean": 3008.16870117,
        "median": 3165.38085938,
        "min": 107.666015625,
        "var": 1277319
    },
    "spectral_skewness": {
        "dmean": 0.143488556147,
        "dmean2": 0.245914846659,
        "dvar": 0.0184023752809,
        "dvar2": 0.0479367300868,
        "max": 2.82761597633,
        "mean": 0.629203021526,
        "median": 0.624602079391,
        "min": -0.0452367290854,
        "var": 0.035582754761
    },
    "spectral_spread": {
        "dmean": 297648.53125,
        "dmean2": 443364.78125,
        "dvar": 1.12787967181e+12,
        "dvar2": 1.07786993664e+12,
        "max": 41087476,
        "mean": 3728165,
        "median": 3652673.25,
        "min": 2307062.5,
        "var": 1.42710184346e+12
    },
    "spectral_strongpeak": {
        "dmean": 0.489961802959,
        "dmean2": 0.885822176933,
        "dvar": 0.898462712765,
        "dvar2": 2.32236838341,
        "max": 7.37486934662,
        "mean": 0.653434634209,
        "median": 0.314036071301,
        "min": 1.93609750454e-09,
        "var": 1.03762507439
    },
    "zerocrossingrate": {
        "dmean": 0.0108015220612,
        "dmean2": 0.0133450934663,
        "dvar": 0.000217638546019,
        "dvar2": 0.000279520230833,
        "max": 0.5,
        "mean": 0.0900227501988,
        "median": 0.0888671875,
        "min": 0.01806640625,
        "var": 0.000594640907366
    },
    "barkbands": {
        "dmean": [6.68503926136e-05, 0.00388091057539, 0.00401442451403, 0.00179403857328, 0.0014065450523, 0.000450735620689, 0.000462110794615, 0.000441645010142, 0.000321228144458, 0.000428427767474, 0.000505359494127, 0.000276950973785, 0.000285096146399, 0.000266662536887, 0.000309956812998, 0.000285935762804, 0.000389092107071, 0.000301001156913, 0.000609535956755, 0.000381217745598, 0.000332635041559, 0.00016909110127, 0.000124324578792, 6.96800125297e-05, 1.71854771907e-05, 1.67875651158e-08, 2.25646190621e-09],
        "dmean2": [0.000110359767859, 0.00681091798469, 0.00672031380236, 0.00301154190674, 0.0023989090696, 0.00074106984539, 0.000752938736696, 0.000726968923118, 0.000515432446264, 0.000672587135341, 0.000808536424302, 0.00042303148075, 0.000454691238701, 0.000434952729847, 0.000497980858199, 0.000463893811684, 0.000648265297059, 0.000500997237395, 0.00101516349241, 0.000617663550656, 0.000519614841323, 0.000274632504443, 0.000193308282178, 0.000107214873424, 2.63499932771e-05, 2.71481219727e-08, 4.28669455488e-09],
        "dvar": [1.12308793376e-08, 2.39761520788e-05, 2.91452561214e-05, 8.81981850398e-06, 6.11461791777e-06, 1.40066333643e-06, 1.52901236561e-06, 1.43282193221e-06, 6.45765453555e-07, 1.20229117329e-06, 1.59515207088e-06, 2.44246336933e-07, 4.68803250442e-07, 1.98834470666e-07, 2.81571686855e-07, 1.81511381925e-07, 2.22374751502e-07, 1.04152853453e-07, 4.36945214233e-07, 1.52154584043e-07, 1.69675999473e-07, 5.03020416431e-08, 2.74260383293e-08, 1.58862913935e-08, 6.56510179553e-10, 9.91302986962e-16, 1.65356091132e-16],
        "dvar2": [2.67737423343e-08, 7.07275466993e-05, 7.67335586715e-05, 2.39069759118e-05, 1.73262214958e-05, 3.23179779116e-06, 3.60032322533e-06, 3.1301076433e-06, 1.59865157912e-06, 3.01093155031e-06, 3.85364091926e-06, 5.06431263148e-07, 1.08166648261e-06, 4.49618255516e-07, 5.10767335982e-07, 3.80897546393e-07, 5.86348903653e-07, 2.71616045211e-07, 1.20285426419e-06, 3.77848010658e-07, 3.7938283981e-07, 1.23906318095e-07, 6.43012754153e-08, 3.01365261635e-08, 1.33637156896e-09, 2.28107327948e-15, 4.91643015937e-16],
        "max": [0.00098218547646, 0.0475166290998, 0.0431538522243, 0.0412062704563, 0.0268656499684, 0.0271158777177, 0.0268603153527, 0.0230504069477, 0.0123899271712, 0.015245965682, 0.0238716304302, 0.0107309129089, 0.0144395716488, 0.00725534558296, 0.0114890644327, 0.00852926820517, 0.00611755764112, 0.00414755754173, 0.00718988757581, 0.00446112221107, 0.00598377501592, 0.00239623500966, 0.00203925929964, 0.00241241510957, 0.000335215037921, 3.85228275945e-07, 2.81519135115e-07],
        "mean": [6.92257308401e-05, 0.00546287419274, 0.00536124082282, 0.00243389396928, 0.00206171674654, 0.000641116523184, 0.000644138199277, 0.000621526094619, 0.000488853314891, 0.000691174820531, 0.000939969788305, 0.000552970392164, 0.000509548990522, 0.000491230573971, 0.000581143249292, 0.000595594872721, 0.000849791744258, 0.000734481203835, 0.00155236083083, 0.00109140016139, 0.000922891951632, 0.000427990569733, 0.000328691676259, 0.000172523505171, 3.43342908309e-05, 2.61170249871e-08, 1.50270695887e-09],
        "median": [2.89748004434e-05, 0.0036882464774, 0.00322231976315, 0.00161412579473, 0.00122367113363, 0.00031044363277, 0.000201587943593, 0.00018558796728, 0.00016967857664, 0.000242512163823, 0.000253492442425, 0.000258458952885, 0.000273208454018, 0.000324477936374, 0.000395523733459, 0.000452291365946, 0.000672263966408, 0.000661241356283, 0.0013600254897, 0.00100701686461, 0.000694355170708, 0.000345379550708, 0.000258743122686, 0.000115616814583, 2.11751194001e-05, 1.40480889144e-08, 3.84979520485e-10],
        "min": [1.49161685378e-23, 6.04526515321e-23, 1.14890483209e-23, 2.26772314034e-23, 3.91306058555e-23, 2.68673276326e-23, 6.00723196015e-23, 3.09041939419e-23, 1.1109789399e-22, 4.73676894794e-23, 4.62228314249e-23, 1.17633877958e-22, 1.13822935101e-22, 1.26124621383e-22, 9.3528579546e-23, 2.61067748432e-22, 1.63633834089e-22, 1.34599044855e-22, 2.73852141858e-22, 2.787926578e-22, 3.80154417876e-22, 3.7295409943e-22, 6.14869592504e-22, 8.92279383449e-22, 1.20469334352e-21, 1.88107374033e-21, 2.50077762392e-21],
        "var": [1.27002870443e-08, 3.16384539474e-05, 3.64178522432e-05, 1.06862671601e-05, 6.57913642499e-06, 1.78545576546e-06, 2.21413938561e-06, 2.01720172299e-06, 1.12404302399e-06, 2.1340586045e-06, 4.23597111876e-06, 1.05838932996e-06, 8.24134133381e-07, 3.84667913522e-07, 6.05326761161e-07, 4.31204910001e-07, 5.82543520977e-07, 2.57732096998e-07, 1.1474414805e-06, 4.88102955387e-07, 6.43610405859e-07, 1.0633784342e-07, 6.97661164395e-08, 3.76023869819e-08, 1.69851832599e-09, 1.47459214046e-15, 8.59168877981e-17]
    },
    "erbbands": {
        "dmean": [0.0716709569097, 1.04648303986, 4.21351194382, 4.73377799988, 5.52845144272, 4.74815702438, 4.03551292419, 3.58738875389, 4.53480911255, 9.48323917389, 8.66093826294, 7.10586261749, 9.24042892456, 19.2369232178, 15.4249544144, 9.78794384003, 11.2772874832, 12.8983335495, 15.0203008652, 13.8926296234, 14.9476938248, 22.9442749023, 13.1671905518, 37.5775299072, 18.9302196503, 18.1283149719, 15.9845504761, 11.1483278275, 6.02815198898, 4.46581792831, 3.6989467144, 1.90096378326, 1.05460071564, 0.350140661001, 0.0206828378141, 0.000931811402552, 5.59061409149e-05, 9.6172798294e-06, 5.15559804626e-06, 9.19248850551e-06],
        "dmean2": [0.121980130672, 1.84011828899, 7.16831064224, 7.72205924988, 9.44596004486, 8.02680015564, 6.76867437363, 5.85319709778, 7.66304111481, 15.3423700333, 14.4906826019, 11.6098203659, 15.0515031815, 30.5017433167, 23.6398658752, 15.2640142441, 17.5088634491, 20.3575057983, 24.189245224, 22.1554927826, 24.7406959534, 38.8811073303, 21.9802455902, 63.0295066833, 30.8110027313, 29.171705246, 24.8932342529, 17.8843708038, 9.7108373642, 7.15657377243, 5.86722135544, 2.90518546104, 1.59063005447, 0.52362793684, 0.0316479764879, 0.00141292077024, 8.24130111141e-05, 1.41214331961e-05, 8.08037839306e-06, 1.51173162521e-05],
        "dvar": [0.0095670344308, 1.78462314606, 33.943359375, 42.5576515198, 107.938827515, 59.1772193909, 69.2416229248, 126.54485321, 270.345397949, 463.857086182, 693.319091797, 430.163696289, 772.686706543, 2116.0625, 1124.15014648, 228.383590698, 621.384643555, 535.953918457, 561.190917969, 703.836181641, 366.39956665, 771.45892334, 210.977600098, 1593.70361328, 506.640472412, 345.131774902, 406.787109375, 196.510910034, 61.6594352722, 41.5330810547, 22.7222385406, 10.0453929901, 3.48134851456, 0.283419758081, 0.00230620824732, 4.076672667e-06, 8.84688411418e-09, 2.31692040553e-10, 3.61731998522e-11, 9.7445933267e-11],
        "dvar2": [0.0265641603619, 5.2675204277, 93.3929214478, 111.089416504, 285.974761963, 163.015182495, 171.714019775, 295.966278076, 623.341064453, 1090.34741211, 1581.38525391, 1084.46630859, 2075.81762695, 5226.99902344, 2415.15869141, 511.066864014, 1393.65002441, 1124.97827148, 1337.86499023, 1186.94592285, 960.996704102, 2076.37158203, 531.170166016, 4432.90576172, 1303.16918945, 845.765686035, 911.605834961, 457.649169922, 154.473098755, 98.6839447021, 54.7155723572, 19.1608104706, 7.10626077652, 0.564943373203, 0.0045025581494, 7.94886727817e-06, 1.67093965331e-08, 4.86463425098e-10, 8.24259271948e-11, 2.57242366297e-10],
        "max": [1.06304204464, 12.683968544, 46.253452301, 83.7808685303, 98.5164489746, 65.4710083008, 133.007354736, 287.392242432, 440.978820801, 281.184356689, 434.359283447, 350.107330322, 453.456359863, 820.117126465, 532.093261719, 360.554901123, 476.930511475, 362.38079834, 308.923065186, 665.182861328, 362.411621094, 314.566131592, 192.343948364, 416.309967041, 362.87487793, 247.361236572, 312.194854736, 229.828933716, 100.36743927, 82.5472946167, 52.3854255676, 70.9552688599, 35.4680099487, 6.92077684402, 0.880387127399, 0.0358615666628, 0.00146967591718, 0.000222396061872, 8.78463470144e-05, 9.598860197e-05],
        "mean": [0.097892858088, 1.46374166012, 5.70225286484, 7.55381441116, 7.40857076645, 7.36522769928, 5.95168685913, 5.07979774475, 5.57494401932, 15.9490861893, 11.7401609421, 11.0693264008, 14.903678894, 38.2848587036, 30.1514472961, 21.5183105469, 21.6798858643, 26.1535949707, 29.6728305817, 31.2902317047, 36.0687522888, 49.8114585876, 37.121711731, 89.2172622681, 54.5326576233, 51.8937263489, 44.123664856, 30.5821228027, 15.7040901184, 11.0032253265, 9.5544719696, 4.91395807266, 2.49744391441, 0.76266682148, 0.0328773185611, 0.00165522808675, 0.000152184453327, 3.29172398779e-05, 2.4684220989e-05, 3.82274265576e-05],
        "median": [0.0603631399572, 0.992074549198, 3.70976567268, 5.36138725281, 4.60261154175, 4.01860046387, 3.23301076889, 2.52404594421, 2.33460259438, 3.99584364891, 4.41499233246, 4.1969332695, 6.87930011749, 11.6416406631, 12.9633235931, 12.2910375595, 13.4041652679, 17.7945289612, 20.3573684692, 21.1041965485, 29.363237381, 40.7339553833, 33.4753379822, 79.5634002686, 45.5993804932, 46.9758415222, 34.4105491638, 24.5663814545, 12.937869072, 8.3557882309, 7.66260528564, 3.59624242783, 1.59595441818, 0.481674551964, 0.0146400574595, 0.000837429077365, 0.000108588203148, 2.68178446277e-05, 2.4465003662e-05, 3.85551320505e-05],
        "min": [2.49080258506e-21, 1.09701751046e-20, 1.69680108353e-20, 4.12344527038e-20, 5.73938815656e-20, 1.59720886089e-19, 2.28862755068e-19, 2.38065733919e-19, 7.0005293027e-19, 1.09071528923e-18, 5.86157966438e-19, 2.28426608581e-18, 2.77299768572e-18, 1.24191108391e-18, 2.86316698993e-18, 4.7771640793e-18, 5.56804924734e-18, 5.71117548155e-18, 3.9407182167e-18, 6.9211450895e-18, 1.77707595052e-17, 8.98728509534e-18, 6.91983194028e-18, 1.82286718031e-17, 9.07455430433e-18, 1.25914954855e-17, 1.12261867352e-17, 1.71441073255e-17, 1.37265915995e-17, 2.15724650569e-17, 1.48147567943e-17, 1.88156126959e-17, 1.30793724011e-17, 1.13839945981e-17, 9.60907510744e-18, 6.76758149033e-18, 3.45770016007e-18, 1.68374878092e-18, 3.37305487139e-19, 3.37877689328e-20],
        "var": [0.0125880334526, 2.26160025597, 36.9712715149, 68.2826461792, 104.776794434, 86.8578796387, 93.2367858887, 152.921905518, 273.53817749, 1331.65637207, 798.702026367, 650.285400391, 934.458251953, 6105.41796875, 2813.4777832, 1004.81005859, 1219.53271484, 1109.63696289, 1106.70288086, 2739.17773438, 944.931762695, 1544.53991699, 594.071594238, 3367.89282227, 1866.93615723, 1160.80236816, 1356.43798828, 600.156311035, 135.3775177, 87.7051925659, 55.1919937134, 24.303445816, 8.49165630341, 0.779033780098, 0.00407716771588, 7.72860948928e-06, 2.35636843371e-08, 6.38718633539e-10, 1.28164132085e-10, 2.84375800685e-10]
    },
    "gfcc": {
        "mean": [10.7548007965, 97.9276351929, -160.954360962, 92.0688476562, -65.6712875366, 26.9522247314, -24.8949699402, -0.767149865627, -11.4561033249, -22.138841629, 2.58146071434, -21.7927684784, 2.30161595345],
        "cov": [[6552.36132812, 95.8440933228, -109.839164734, 192.605926514, -143.041244507, -22.319940567, -119.644760132, -58.6009101868, -72.0080490112, 7.66495895386, 83.2639160156, 11.3804626465, -35.2995986938], [95.8440933228, 186.469482422, -13.3972129822, 12.7510309219, 32.7722434998, -15.4322376251, 69.2698669434, -22.1693305969, 25.7174472809, -27.9146633148, 15.2856035233, -15.9404859543, 13.8048706055], [-109.839164734, -13.3972129822, 196.058288574, 68.6506347656, 14.7951307297, -6.92121839523, -51.8669013977, 18.9474010468, 12.6929283142, 17.5416202545, -9.58361625671, -0.163995549083, -14.310552597], [192.605926514, 12.7510309219, 68.6506347656, 146.951797485, 73.6768951416, -17.0367431641, -7.00858211517, -12.5430870056, 15.6137828827, 6.57275247574, 7.53600597382, -6.6548781395, 3.33203577995], [-143.041244507, 32.7722434998, 14.7951307297, 73.6768951416, 150.098449707, 43.6576271057, 56.8190841675, -14.7499656677, -13.708855629, -1.13657867908, 22.7358722687, -3.2384531498, 9.49214553833], [-22.319940567, -15.4322376251, -6.92121839523, -17.0367431641, 43.6576271057, 107.911216736, 49.5291519165, 4.4944601059, -35.9424705505, -15.1739244461, 4.78971862793, 5.47951745987, -2.78271985054], [-119.644760132, 69.2698669434, -51.8669013977, -7.00858211517, 56.8190841675, 49.5291519165, 142.729324341, 12.1771831512, 0.214274168015, -33.0757102966, -2.7505068779, -8.57447528839, 17.666683197], [-58.6009101868, -22.1693305969, 18.9474010468, -12.5430870056, -14.7499656677, 4.4944601059, 12.1771831512, 77.3152542114, 32.2300186157, 11.9050188065, -22.8585700989, -8.12861633301, -0.861121892929], [-72.0080490112, 25.7174472809, 12.6929283142, 15.6137828827, -13.708855629, -35.9424705505, 0.214274168015, 32.2300186157, 81.0343322754, 22.2308559418, -12.8075265884, -16.9133071899, -5.58276128769], [7.66495895386, -27.9146633148, 17.5416202545, 6.57275247574, -1.13657867908, -15.1739244461, -33.0757102966, 11.9050188065, 22.2308559418, 68.3370285034, 25.2038726807, -0.0725475177169, -12.4067144394], [83.2639160156, 15.2856035233, -9.58361625671, 7.53600597382, 22.7358722687, 4.78971862793, -2.7505068779, -22.8585700989, -12.8075265884, 25.2038726807, 73.1749572754, 28.7493629456, -9.01205539703], [11.3804626465, -15.9404859543, -0.163995549083, -6.6548781395, -3.2384531498, 5.47951745987, -8.57447528839, -8.12861633301, -16.9133071899, -0.0725475177169, 28.7493629456, 48.9570999146, 19.4842262268], [-35.2995986938, 13.8048706055, -14.310552597, 3.33203577995, 9.49214553833, -2.78271985054, 17.666683197, -0.861121892929, -5.58276128769, -12.4067144394, -9.01205539703, 19.4842262268, 50.458065033]],
        "icov": [[0.00022391321545, -0.000507239252329, 0.000493588799145, -0.000987075152807, 0.000748424383346, -0.000401931320084, 0.000329751637764, -0.000375067087589, 0.000632177863736, -0.000273792364169, 8.32645400806e-06, -0.00015852919023, 0.000281104672467], [-0.000507239252329, 0.0132505781949, -0.00416247127578, 0.00478739058599, -0.00192002102267, 0.00365196308121, -0.00562891177833, 0.0053356369026, -0.00800665467978, 0.00850556604564, -0.0112769668922, 0.0115313269198, -0.00811369344592], [0.000493588799145, -0.00416247127578, 0.00973964761943, -0.00678807357326, 0.00116887094919, -0.00255581620149, 0.00468277884647, -0.00439487444237, 0.00320080737583, -0.00328383455053, 0.00584761146456, -0.00651881983504, 0.00572760170326], [-0.000987075152807, 0.00478739058599, -0.00678807357326, 0.0183909516782, -0.0108538288623, 0.00553101208061, -0.000766998738982, 0.00467540277168, -0.00727800140157, 0.00479922583327, -0.0037483649794, 0.00514529738575, -0.0047263125889], [0.000748424383346, -0.00192002102267, 0.00116887094919, -0.0108538288623, 0.017559748143, -0.00645010685548, -0.00346683920361, 6.53033421258e-05, 0.00411003036425, -0.00315028359182, -0.00466444762424, 0.00445202132687, -0.00321905477904], [-0.000401931320084, 0.00365196308121, -0.00255581620149, 0.00553101208061, -0.00645010685548, 0.0181000195444, -0.00663597602397, -0.00118701788597, 0.00476759858429, 0.00151013035793, 0.000597709498834, -0.00205754092894, 0.00394440209493], [0.000329751637764, -0.00562891177833, 0.00468277884647, -0.000766998738982, -0.00346683920361, -0.00663597602397, 0.0174222048372, -0.00619090953842, -0.000876701378729, 0.00475179869682, -0.00118386955, 0.00200680084527, -0.00268494151533], [-0.000375067087589, 0.0053356369026, -0.00439487444237, 0.00467540277168, 6.53033421258e-05, -0.00118701788597, -0.00619090953842, 0.0231684856117, -0.0106540489942, -0.00282856239937, 0.00422121351585, -6.80758748786e-05, -0.00188616872765], [0.000632177863736, -0.00800665467978, 0.00320080737583, -0.00727800140157, 0.00411003036425, 0.00476759858429, -0.000876701378729, -0.0106540489942, 0.02758041583, -0.0117774633691, 0.00855761021376, -0.00419304799289, 0.00693933479488], [-0.000273792364169, 0.00850556604564, -0.00328383455053, 0.00479922583327, -0.00315028359182, 0.00151013035793, 0.00475179869682, -0.00282856239937, -0.0117774633691, 0.0323211625218, -0.0228331405669, 0.0162320006639, -0.00850487500429], [8.32645400806e-06, -0.0112769668922, 0.00584761146456, -0.0037483649794, -0.00466444762424, 0.000597709498834, -0.00118386955, 0.00422121351585, 0.00855761021376, -0.0228331405669, 0.0477890819311, -0.0393121242523, 0.0254422575235], [-0.00015852919023, 0.0115313269198, -0.00651881983504, 0.00514529738575, 0.00445202132687, -0.00205754092894, 0.00200680084527, -6.80758748786e-05, -0.00419304799289, 0.0162320006639, -0.0393121242523, 0.0610183030367, -0.0341652818024], [0.000281104672467, -0.00811369344592, 0.00572760170326, -0.0047263125889, -0.00321905477904, 0.00394440209493, -0.00268494151533, -0.00188616872765, 0.00693933479488, -0.00850487500429, 0.0254422575235, -0.0341652818024, 0.0423159450293]]
    },
    "melbands": {
        "dmean": [0.000866951129865, 0.00182489387225, 0.000820032029878, 0.000351614842657, 0.000148815539433, 8.00282941782e-05, 7.56460503908e-05, 0.000102274985693, 6.5131993324e-05, 4.62517928099e-05, 4.80881681142e-05, 7.81524067861e-05, 6.18447520537e-05, 3.36192679242e-05, 2.34310828091e-05, 3.12322408718e-05, 2.45193768933e-05, 2.65455510089e-05, 2.25615876843e-05, 1.95301417989e-05, 1.99872029043e-05, 2.99974672089e-05, 1.18068492156e-05, 1.66694917425e-05, 3.62600803783e-05, 1.77588863153e-05, 1.26105951495e-05, 1.48801454998e-05, 1.17188501463e-05, 9.30290207179e-06, 6.65905099595e-06, 3.98823112846e-06, 3.26648819282e-06, 2.44422176365e-06, 2.24299310503e-06, 2.09539825846e-06, 1.06354468699e-06, 8.65523077209e-07, 5.65718892176e-07, 2.30512071653e-07],
        "dmean2": [0.00151625694707, 0.00314512103796, 0.00134346808773, 0.000602617510594, 0.000245391973294, 0.000129531254061, 0.000126377301058, 0.000164964061696, 0.000108708140033, 7.45483557694e-05, 7.82055212767e-05, 0.000123882782646, 9.67965461314e-05, 4.97971195728e-05, 3.73133734684e-05, 4.87996003358e-05, 3.91252578993e-05, 4.31954467786e-05, 3.61283236998e-05, 3.15488541673e-05, 3.36432713084e-05, 5.06673641212e-05, 1.99240948859e-05, 2.78106163023e-05, 6.10063361819e-05, 2.92740260193e-05, 2.09027475648e-05, 2.40476038016e-05, 1.87184814422e-05, 1.47069140439e-05, 1.0968567949e-05, 6.47337628834e-06, 5.47050103705e-06, 3.90685818275e-06, 3.60378521691e-06, 3.33822981702e-06, 1.65295205079e-06, 1.32879199555e-06, 8.58077044086e-07, 3.57722541366e-07],
        "dvar": [1.2228470041e-06, 6.13284009887e-06, 1.30550722588e-06, 4.03896393664e-07, 6.87144989797e-08, 5.68762565933e-08, 5.53048700169e-08, 5.36745581314e-08, 3.74207438369e-08, 1.66072045005e-08, 2.0710650972e-08, 3.38432677438e-08, 1.90664533051e-08, 4.13165768265e-09, 1.7773857941e-09, 6.47136610965e-09, 1.97956051551e-09, 2.04957717465e-09, 1.66009039848e-09, 9.74808345156e-10, 7.73081931804e-10, 1.36072153545e-09, 1.92766080875e-10, 3.3490246687e-10, 1.4971546225e-09, 4.85081697033e-10, 2.61766219811e-10, 2.49213649717e-10, 2.11367520708e-10, 1.44086312326e-10, 7.21284212912e-11, 2.65307151248e-11, 2.02535765936e-11, 1.25595107231e-11, 8.73297094361e-12, 7.35537412228e-12, 4.16146327467e-12, 2.37010628137e-12, 8.08280363213e-13, 1.60870909692e-13],
        "dvar2": [3.56607847607e-06, 1.70535404322e-05, 3.32075433107e-06, 1.13834869353e-06, 1.66891254594e-07, 1.29509700741e-07, 1.23347618342e-07, 1.26305721437e-07, 8.62383870981e-08, 4.10715088606e-08, 5.53734125219e-08, 8.3035040177e-08, 4.4169865987e-08, 7.85114817603e-09, 3.94888699518e-09, 1.50296877166e-08, 4.17788603713e-09, 4.84717332938e-09, 3.1229141495e-09, 1.86865323215e-09, 2.07056594093e-09, 3.66127239637e-09, 5.15375297994e-10, 8.67362126566e-10, 4.16939505143e-09, 1.20563470318e-09, 6.7936534176e-10, 6.25898499695e-10, 4.81775341843e-10, 3.18772119812e-10, 1.78625281233e-10, 6.89303128465e-11, 5.08753733586e-11, 3.00852294466e-11, 2.14006399407e-11, 1.7697987173e-11, 7.9209425477e-12, 5.07257387136e-12, 1.76378779203e-12, 3.39400274378e-13],
        "max": [0.0105410236865, 0.0192899759859, 0.0143032101914, 0.00680752331391, 0.0038019712083, 0.00616071838886, 0.00624190969393, 0.00346088968217, 0.00290814833716, 0.0021042174194, 0.00227443594486, 0.00302857602946, 0.00211231131107, 0.00163934112061, 0.000733774737455, 0.00183905544691, 0.0007929794956, 0.000584526511375, 0.00112950021867, 0.000817816180643, 0.000540429318789, 0.000425539066782, 0.000195219661691, 0.000251296791248, 0.000395228533307, 0.00036134372931, 0.000258781685261, 0.000201849004952, 0.00023414066527, 0.000255993043538, 0.000105379040178, 6.26405599178e-05, 4.08488231187e-05, 5.04198033013e-05, 2.71668832283e-05, 3.58988218068e-05, 4.78848669445e-05, 3.09601018671e-05, 1.18187235785e-05, 5.67358893022e-06],
        "mean": [0.00120983377565, 0.0027227778919, 0.0013759129215, 0.000509681820404, 0.00024065071193, 0.000114256145025, 9.51184483711e-05, 0.00016931151913, 8.49029529491e-05, 7.16577633284e-05, 7.32025728212e-05, 0.000150586784002, 0.000116497438285, 6.84219849063e-05, 4.13487723563e-05, 5.52455021534e-05, 4.63151591248e-05, 4.75818414998e-05, 4.27584745921e-05, 3.87262552977e-05, 4.26701844845e-05, 5.90979143453e-05, 2.6683204851e-05, 4.05013706768e-05, 7.89780024206e-05, 4.50919724244e-05, 3.04756722471e-05, 3.65389823855e-05, 2.8484431823e-05, 2.24845534831e-05, 1.61649313668e-05, 8.95059656614e-06, 7.34266677682e-06, 5.33152342541e-06, 5.26966186953e-06, 5.07875529365e-06, 2.29626107284e-06, 1.87586624634e-06, 1.29268698856e-06, 3.83195839504e-07],
        "median": [0.000812662183307, 0.00200756639242, 0.00101115112193, 0.000304254557705, 0.000139511859743, 5.64676483918e-05, 3.64214174624e-05, 4.55540757685e-05, 3.18603233609e-05, 2.43517442868e-05, 3.28551432176e-05, 4.33710083598e-05, 3.93311856897e-05, 2.94858491543e-05, 2.73052119155e-05, 2.78336356132e-05, 3.06321089738e-05, 2.98237846437e-05, 2.97820297419e-05, 2.65077360382e-05, 3.19238424709e-05, 4.59864968434e-05, 2.3448266802e-05, 3.59592631867e-05, 6.87277133693e-05, 3.56936943717e-05, 2.48717551585e-05, 3.20108847518e-05, 2.2458641979e-05, 1.53859818965e-05, 1.29224217744e-05, 7.21205333321e-06, 5.66549306313e-06, 3.88586113331e-06, 4.09793619838e-06, 4.0347790673e-06, 1.47147113694e-06, 1.19549804367e-06, 8.08792037787e-07, 1.95012518134e-07],
        "min": [2.02198145099e-23, 1.00895246669e-23, 8.23969159808e-24, 6.19202444158e-24, 9.1466733798e-24, 5.79796041486e-24, 1.06563251716e-23, 1.07275324901e-23, 3.97009120581e-24, 1.69937504831e-23, 1.36690394e-23, 4.57716858175e-24, 7.82882049534e-24, 9.86481211601e-24, 1.76299415596e-23, 1.00088951938e-23, 1.06072903666e-23, 6.22126712091e-24, 8.7120559861e-24, 1.11360969635e-23, 2.22820641547e-23, 1.04338237978e-23, 4.26847823764e-24, 8.34858990174e-24, 1.62884094373e-23, 5.6999057932e-24, 9.29733082434e-24, 7.52752375006e-24, 6.98355051337e-24, 7.11260657974e-24, 1.14385146801e-23, 7.49237210813e-24, 8.35891214668e-24, 1.3406550667e-23, 7.97830095941e-24, 9.26037900182e-24, 1.25868161125e-23, 9.20256259722e-24, 8.44021925133e-24, 1.02572806716e-23],
        "var": [1.62339665621e-06, 7.0115811468e-06, 1.99538521883e-06, 4.06190935109e-07, 1.07998083365e-07, 7.21293673678e-08, 6.30432666071e-08, 1.3932324805e-07, 4.24764969864e-08, 2.83347798558e-08, 2.56795189557e-08, 9.62248947189e-08, 4.84076956297e-08, 1.94149212263e-08, 3.31139538012e-09, 1.08603996907e-08, 3.79947318052e-09, 3.75766617822e-09, 3.82577169944e-09, 3.42860362323e-09, 1.95951521675e-09, 2.70092459509e-09, 3.83275355897e-10, 8.24570300928e-10, 2.92846391581e-09, 1.49658374582e-09, 7.11346259674e-10, 6.64552135543e-10, 5.8344434839e-10, 5.53183276963e-10, 1.67495017855e-10, 5.07931266491e-11, 3.81923243031e-11, 2.44529708981e-11, 1.88975866205e-11, 1.80982034914e-11, 8.24842191077e-12, 5.27541335268e-12, 2.04660789184e-12, 3.22830006e-13]
    },
    "mfcc": {
        "mean": [-594.524902344, 77.2236633301, -10.0960931778, 46.1764259338, 5.27222776413, 17.612903595, 8.86516094208, 12.8908452988, -1.20626842976, 6.1817855835, -5.59652805328, 1.25475883484, -5.08393192291],
        "cov": [[5263.88330078, 106.889259338, -31.9257125854, 150.198257446, -44.1627960205, 32.9387397766, -32.8231735229, -31.3876914978, -135.715332031, -45.3736457825, -1.08251059055, 14.4304237366, 5.82374334335], [106.889259338, 172.623001099, -28.0801353455, 20.9497070312, -25.3115844727, 21.7616405487, 24.7455596924, 22.7036151886, 4.21272945404, 16.8178386688, -4.22336101532, 0.823636770248, -7.03372335434], [-31.9257125854, -28.0801353455, 167.637191772, 23.0483722687, 35.7607078552, -29.9032592773, -52.0211830139, -13.7434740067, 1.46984934807, -7.58264493942, 16.8985729218, 0.333302438259, 5.10475826263], [150.198257446, 20.9497070312, 23.0483722687, 172.963546753, 58.3685798645, 19.7329788208, -5.0014257431, -10.7274236679, 13.3241024017, 10.9161729813, -4.0327796936, 20.2302722931, 9.7993812561], [-44.1627960205, -25.3115844727, 35.7607078552, 58.3685798645, 105.63684082, 24.5687866211, 11.0768070221, -12.2329454422, -9.66014671326, -2.00556707382, 11.4316825867, 8.96005535126, 15.6502828598], [32.9387397766, 21.7616405487, -29.9032592773, 19.7329788208, 24.5687866211, 96.2335739136, 66.7974853516, 22.9190139771, -13.6017951965, 1.89837229252, -9.88147640228, -7.80025911331, -4.67879009247], [-32.8231735229, 24.7455596924, -52.0211830139, -5.0014257431, 11.0768070221, 66.7974853516, 124.687103271, 42.24559021, -6.12391328812, 0.401556760073, -8.36586856842, -8.87431716919, 2.04168438911], [-31.3876914978, 22.7036151886, -13.7434740067, -10.7274236679, -12.2329454422, 22.9190139771, 42.24559021, 78.2604522705, 26.7518177032, 8.26604747772, -8.27027416229, -16.6072692871, -14.0853748322], [-135.715332031, 4.21272945404, 1.46984934807, 13.3241024017, -9.66014671326, -13.6017951965, -6.12391328812, 26.7518177032, 97.9429016113, 30.6784629822, 3.72424125671, -6.4259853363, -18.9223880768], [-45.3736457825, 16.8178386688, -7.58264493942, 10.9161729813, -2.00556707382, 1.89837229252, 0.401556760073, 8.26604747772, 30.6784629822, 50.9842948914, 15.8057384491, 5.24673032761, -8.25194358826], [-1.08251059055, -4.22336101532, 16.8985729218, -4.0327796936, 11.4316825867, -9.88147640228, -8.36586856842, -8.27027416229, 3.72424125671, 15.8057384491, 54.0215034485, 26.1623783112, 10.5203056335], [14.4304237366, 0.823636770248, 0.333302438259, 20.2302722931, 8.96005535126, -7.80025911331, -8.87431716919, -16.6072692871, -6.4259853363, 5.24673032761, 26.1623783112, 56.7198791504, 25.5707149506], [5.82374334335, -7.03372335434, 5.10475826263, 9.7993812561, 15.6502828598, -4.67879009247, 2.04168438911, -14.0853748322, -18.9223880768, -8.25194358826, 10.5203056335, 25.5707149506, 48.1572761536]],
