{
"lowlevel": {
    "average_loudness": 0.953747391701,
    "barkbands_crest": {
        "dmean": 2.60367679596,
        "dmean2": 4.33097887039,
        "dvar": 6.78363847733,
        "dvar2": 19.4071235657,
        "max": 22.895652771,
        "mean": 9.83380031586,
        "median": 9.45134544373,
        "min": 2.59517407417,
        "var": 11.3238687515
    },
    "barkbands_flatness_db": {
        "dmean": 0.021044831723,
        "dmean2": 0.0341750644147,
        "dvar": 0.000458398746559,
        "dvar2": 0.00122997607104,
        "max": 0.318657189608,
        "mean": 0.102657876909,
        "median": 0.0978106930852,
        "min": 0.0346296168864,
        "var": 0.00108883739449
    },
    "barkbands_kurtosis": {
        "dmean": 2.89961981773,
        "dmean2": 5.03839731216,
        "dvar": 68.6038818359,
        "dvar2": 165.340988159,
        "max": 175.259521484,
        "mean": 2.19575977325,
        "median": 0.38538813591,
        "min": -1.79596424103,
        "var": 87.8963623047
    },
    "barkbands_skewness": {
        "dmean": 0.604772388935,
        "dmean2": 0.995054781437,
        "dvar": 0.540607571602,
        "dvar2": 1.42427492142,
        "max": 11.2910852432,
        "mean": 1.49536514282,
        "median": 1.32619667053,
        "min": -0.511996388435,
        "var": 1.10606431961
    },
    "barkbands_spread": {
        "dmean": 8.77625465393,
        "dmean2": 13.7811546326,
        "dvar": 81.7729721069,
        "dvar2": 199.064697266,
        "max": 98.6633453369,
        "mean": 39.2165222168,
        "median": 39.5488395691,
        "min": 1.31856763363,
        "var": 176.546203613
    },
    "dissonance": {
        "dmean": 0.00807986501604,
        "dmean2": 0.0135671775788,
        "dvar": 5.81300082558e-05,
        "dvar2": 0.000159380215337,
        "max": 0.499948084354,
        "mean": 0.485381782055,
        "median": 0.487370371819,
        "min": 0.395012110472,
        "var": 0.000111199609819
    },
    "dynamic_complexity": 2.97667908669,
    "erbbands_crest": {
        "dmean": 2.11297297478,
        "dmean2": 3.5303003788,
        "dvar": 4.5189781189,
        "dvar2": 11.9229373932,
        "max": 21.5662574768,
        "mean": 6.801612854,
        "median": 6.0171251297,
        "min": 2.48504948616,
        "var": 8.28370857239
    },
    "erbbands_flatness_db": {
        "dmean": 0.0122440280393,
        "dmean2": 0.0180243439972,
        "dvar": 0.000140815245686,
        "dvar2": 0.000287472241325,
        "max": 0.198789089918,
        "mean": 0.117145039141,
        "median": 0.116072930396,
        "min": 0.0593946389854,
        "var": 0.000529351644218
    },
    "erbbands_kurtosis": {
        "dmean": 0.685586810112,
        "dmean2": 1.08155012131,
        "dvar": 0.522381484509,
        "dvar2": 1.14956581593,
        "max": 7.88949489594,
        "mean": 0.124771729112,
        "median": -0.0430357456207,
        "min": -1.82316219807,
        "var": 1.25447773933
    },
    "erbbands_skewness": {
        "dmean": 0.305278211832,
        "dmean2": 0.467550605536,
        "dvar": 0.0888141542673,
        "dvar2": 0.190142974257,
        "max": 2.40692329407,
        "mean": -0.616374850273,
        "median": -0.708368182182,
        "min": -2.15484118462,
        "var": 0.310367196798
    },
    "erbbands_spread": {
        "dmean": 9.91576957703,
        "dmean2": 15.0610170364,
        "dvar": 113.406059265,
        "dvar2": 231.2578125,
        "max": 208.461578369,
        "mean": 50.9612159729,
        "median": 48.1709060669,
        "min": 15.3378915787,
        "var": 377.25680542
    },
    "hfc": {
        "dmean": 5.50274372101,
        "dmean2": 8.25019264221,
        "dvar": 49.5703201294,
        "dvar2": 103.915252686,
        "max": 138.78692627,
        "mean": 29.3092308044,
        "median": 28.0234413147,
        "min": 1.74826200237e-05,
        "var": 292.679199219
    },
    "melbands_crest": {
        "dmean": 3.06317138672,
        "dmean2": 5.12686920166,
        "dvar": 7.35908174515,
        "dvar2": 19.1874103546,
        "max": 26.9404888153,
        "mean": 16.7367305756,
        "median": 16.7031326294,
        "min": 5.67377090454,
        "var": 17.642414093
    },
    "melbands_flatness_db": {
        "dmean": 0.0278218854219,
        "dmean2": 0.0455884896219,
        "dvar": 0.000799644680228,
        "dvar2": 0.00213853362948,
        "max": 0.433410644531,
        "mean": 0.170540526509,
        "median": 0.165266543627,
        "min": 0.0463923923671,
        "var": 0.00212927768007
    },
    "melbands_kurtosis": {
        "dmean": 11.7716217041,
        "dmean2": 19.8441009521,
        "dvar": 535.13092041,
        "dvar2": 1368.25219727,
        "max": 374.822113037,
        "mean": 18.8792190552,
        "median": 11.5229482651,
        "min": -0.794252634048,
        "var": 902.276123047
    },
    "melbands_skewness": {
        "dmean": 1.00807118416,
        "dmean2": 1.64840137959,
        "dvar": 1.37234973907,
        "dvar2": 3.7231798172,
        "max": 14.3304758072,
        "mean": 3.63386535645,
        "median": 3.318836689,
        "min": 0.464610010386,
        "var": 3.31407546997
    },
    "melbands_spread": {
        "dmean": 9.68187236786,
        "dmean2": 15.3857717514,
        "dvar": 91.1515731812,
        "dvar2": 223.357589722,
        "max": 119.457336426,
        "mean": 29.7360210419,
        "median": 27.507019043,
        "min": 0.769384205341,
        "var": 234.468048096
    },
    "pitch_salience": {
        "dmean": 0.078323148191,
        "dmean2": 0.13142965734,
        "dvar": 0.00534021947533,
        "dvar2": 0.0160218831152,
        "max": 0.821948289871,
        "mean": 0.510251045227,
        "median": 0.508102715015,
        "min": 0.204745694995,
        "var": 0.00911427754909
    },
    "silence_rate_20dB": {
        "dmean": 0,
        "dmean2": 0,
        "dvar": 0,
        "dvar2": 0,
        "max": 1,
        "mean": 1,
        "median": 1,
        "min": 1,
        "var": 0
    },
    "silence_rate_30dB": {
        "dmean": 0,
        "dmean2": 0,
        "dvar": 0,
        "dvar2": 0,
        "max": 1,
        "mean": 1,
        "median": 1,
        "min": 1,
        "var": 0
    },
    "silence_rate_60dB": {
        "dmean": 0.00464396271855,
        "dmean2": 0.00929511990398,
        "dvar": 0.0046222913079,
        "dvar2": 0.0107578318566,
        "max": 1,
        "mean": 0.0603248253465,
        "median": 0,
        "min": 0,
        "var": 0.0566858351231
    },
    "spectral_centroid": {
        "dmean": 306.296142578,
        "dmean2": 475.488525391,
        "dvar": 97847.9609375,
        "dvar2": 205569.8125,
        "max": 4002.49682617,
        "mean": 2187.29418945,
        "median": 2270.20581055,
        "min": 229.134597778,
        "var": 275108.5
    },
    "spectral_complexity": {
        "dmean": 4.38854503632,
        "dmean2": 6.95274972916,
        "dvar": 16.7685565948,
        "dvar2": 39.8606452942,
        "max": 54,
        "mean": 29.6341838837,
        "median": 32,
        "min": 0,
        "var": 176.196365356
    },
    "spectral_decrease": {
        "dmean": 3.25530424838e-09,
        "dmean2": 5.43152989252e-09,
        "dvar": 2.36993780223e-17,
        "dvar2": 6.4187071482e-17,
        "max": -2.3581253256e-15,
        "mean": -8.24541590561e-09,
        "median": -7.47617168173e-09,
        "min": -3.37662555694e-08,
        "var": 3.0224484751e-17
    },
    "spectral_energy": {
        "dmean": 0.0124941151589,
        "dmean2": 0.0207904390991,
        "dvar": 0.000345427222783,
        "dvar2": 0.000932304072194,
        "max": 0.13045451045,
        "mean": 0.0337785482407,
        "median": 0.0311067812145,
        "min": 1.04858557393e-08,
        "var": 0.000467599165859
    },
    "spectral_energyband_high": {
        "dmean": 0.000516960339155,
        "dmean2": 0.000748007500079,
        "dvar": 4.89070259846e-07,
        "dvar2": 1.03053071143e-06,
        "max": 0.0121952192858,
        "mean": 0.00193727505393,
        "median": 0.00166193465702,
        "min": 1.44025258386e-09,
        "var": 2.10357211472e-06
    },
    "spectral_energyband_low": {
        "dmean": 0.00942321587354,
        "dmean2": 0.0161105282605,
        "dvar": 0.000279912113911,
        "dvar2": 0.000797033309937,
        "max": 0.114562906325,
        "mean": 0.0184564590454,
        "median": 0.0149665595964,
        "min": 3.73986752678e-09,
        "var": 0.000267767522018
    },
    "spectral_energyband_middle_high": {
        "dmean": 0.0013543543173,
        "dmean2": 0.00213201274164,
        "dvar": 2.31022249864e-06,
        "dvar2": 5.68331961404e-06,
        "max": 0.0216222070158,
        "mean": 0.00567460712045,
        "median": 0.00506378943101,
        "min": 3.15852211052e-09,
        "var": 1.63581971719e-05
    },
    "spectral_energyband_middle_low": {
        "dmean": 0.0052076834254,
        "dmean2": 0.00800333544612,
        "dvar": 0.000121208118799,
        "dvar2": 0.000267946918029,
        "max": 0.0858987048268,
        "mean": 0.00865343119949,
        "median": 0.00528267258778,
        "min": 1.66937952351e-09,
        "var": 0.000149406434502
    },
    "spectral_entropy": {
        "dmean": 0.0930471196771,
        "dmean2": 0.133952647448,
        "dvar": 0.00970428157598,
        "dvar2": 0.0195653773844,
        "max": 8.53549098969,
        "mean": 7.99925374985,
        "median": 8.00150775909,
        "min": 6.90420341492,
        "var": 0.0291592944413
    },
    "spectral_flux": {
        "dmean": 0.0296783000231,
        "dmean2": 0.0462454669178,
        "dvar": 0.00137862830888,
        "dvar2": 0.00276420149021,
        "max": 0.28610688448,
        "mean": 0.0970484465361,
        "median": 0.0847888067365,
        "min": 0.000102400466858,
        "var": 0.00285893050022
    },
    "spectral_kurtosis": {
        "dmean": 0.642939209938,
        "dmean2": 1.04610729218,
        "dvar": 0.383816987276,
        "dvar2": 1.02631270885,
        "max": 8.55698299408,
        "mean": 2.5952231884,
        "median": 2.53251266479,
        "min": -0.916847467422,
        "var": 0.822642326355
    },
    "spectral_rms": {
        "dmean": 0.000944853934925,
        "dmean2": 0.00154309649952,
        "dvar": 1.47347327584e-06,
        "dvar2": 3.93205482396e-06,
        "max": 0.0112815201283,
        "mean": 0.00540093611926,
        "median": 0.00550890900195,
        "min": 3.19845321428e-06,
        "var": 3.78454387828e-06
    },
    "spectral_rolloff": {
        "dmean": 834.729797363,
        "dmean2": 1377.99206543,
        "dvar": 1014969.4375,
        "dvar2": 2449105.5,
        "max": 11563.3300781,
        "mean": 2086.15844727,
        "median": 2217.91992188,
        "min": 86.1328125,
        "var": 1957792.625
    },
    "spectral_skewness": {
        "dmean": 0.118540428579,
        "dmean2": 0.189092487097,
        "dvar": 0.0119502041489,
        "dvar2": 0.0270891822875,
        "max": 1.88596773148,
        "mean": 1.05458581448,
        "median": 1.0548183918,
        "min": 0.280956447124,
        "var": 0.0318150557578
    },
    "spectral_spread": {
        "dmean": 516488.375,
        "dmean2": 694652.75,
        "dvar": 448917635072,
        "dvar2": 725912059904,
        "max": 18616418,
        "mean": 4928677.5,
        "median": 4736753,
        "min": 2787340.5,
        "var": 1.70871711334e+12
    },
    "spectral_strongpeak": {
        "dmean": 0.330246776342,
        "dmean2": 0.584381639957,
        "dvar": 0.355121225119,
        "dvar2": 0.986838698387,
        "max": 7.50776481628,
        "mean": 0.463997483253,
        "median": 0.319775819778,
        "min": 3.58893994417e-05,
        "var": 0.306722581387
    },
    "zerocrossingrate": {
        "dmean": 0.0123468637466,
        "dmean2": 0.0155399003997,
        "dvar": 0.0001393098064,
        "dvar2": 0.00019779028662,
        "max": 0.24658203125,
        "mean": 0.0802303105593,
        "median": 0.0771484375,
        "min": 0.0107421875,
        "var": 0.000679036602378
    },
    "barkbands": {
        "dmean": [0.000398017291445, 0.00645143259317, 0.00395591557026, 0.00174246483948, 0.00301578524522, 0.000798082211986, 0.000379823148251, 0.000229049852351, 0.000633004354313, 0.000263534893747, 0.000237720392761, 0.000259231077507, 0.000268027273705, 0.00025434003328, 0.000289868243271, 0.000316260993714, 0.000365455489373, 0.00026548182359, 0.000332201365381, 0.0002605994232, 0.00020094368665, 0.000135467606015, 0.00010841369658, 7.18939845683e-05, 8.16972824396e-05, 4.71641396871e-05, 2.94958022096e-06],
        "dmean2": [0.000687075604219, 0.0114908022806, 0.00655807787552, 0.00282408809289, 0.00484899384901, 0.00124511797912, 0.00064798007952, 0.000381933466997, 0.000978113734163, 0.000442863442004, 0.000358711637091, 0.000407060608268, 0.000420009426307, 0.000407918618293, 0.00045196863357, 0.000522319169249, 0.000602835905738, 0.000444999313913, 0.000560769811273, 0.00043100916082, 0.000326889043208, 0.000205659831408, 0.000164997487445, 0.000106083061837, 0.000113734939077, 6.31334987702e-05, 4.71868270324e-06],
        "dvar": [3.88166938592e-07, 0.000185205150046, 3.42082130373e-05, 1.07487876448e-05, 6.40962753096e-05, 2.55247505265e-06, 5.69947815166e-07, 4.81873541958e-07, 1.88682724911e-06, 5.50504580588e-07, 3.78210955887e-07, 3.76619709641e-07, 5.95884557697e-07, 2.54661699728e-07, 4.06548792853e-07, 2.269222108e-07, 2.70853007578e-07, 1.23827817333e-07, 1.44883316011e-07, 8.86206663608e-08, 6.42613784407e-08, 4.40859473372e-08, 2.80547798326e-08, 1.22925527535e-08, 5.60965283114e-08, 2.18795737084e-08, 7.14910561306e-11],
        "dvar2": [1.04304240267e-06, 0.00052424374735, 9.76412411546e-05, 2.41506131715e-05, 0.000151265703607, 5.63319372304e-06, 1.53545079229e-06, 1.2662858353e-06, 4.3618347263e-06, 1.35870118356e-06, 8.64367791564e-07, 9.26959728531e-07, 1.48282185819e-06, 6.13646307102e-07, 9.45184410739e-07, 5.80406265271e-07, 6.19164154614e-07, 3.17306728448e-07, 3.81672492722e-07, 2.3438597907e-07, 1.62501180512e-07, 1.09666231651e-07, 6.7151653127e-08, 2.6199465708e-08, 1.17146626621e-07, 4.07977225336e-08, 2.04924008318e-10],
        "max": [0.00577408261597, 0.0956619828939, 0.0519665554166, 0.0271871127188, 0.0529374480247, 0.0181503482163, 0.00801293086261, 0.0103088393807, 0.0207147784531, 0.00901252683252, 0.00993976090103, 0.00899284146726, 0.0136961368844, 0.00796727929264, 0.0123785147443, 0.00741600990295, 0.00799713470042, 0.00390642182902, 0.00588862318546, 0.00373455625959, 0.00366704142652, 0.00455509917811, 0.00261961552314, 0.00158641103189, 0.00580341741443, 0.00314376829192, 0.000160576790222],
        "mean": [0.000465688266559, 0.00893845316023, 0.00817301683128, 0.00216406211257, 0.00313380290754, 0.0013235732913, 0.000651693379041, 0.000337979232427, 0.000946495856624, 0.000352614821168, 0.000330235809088, 0.000457492977148, 0.000404428399634, 0.000438148534158, 0.000466564466478, 0.000610771181528, 0.00083273591008, 0.000559065956622, 0.000865706999321, 0.000700825126842, 0.000568054965697, 0.000352839560946, 0.000268350675469, 0.000189766753465, 0.000165810124599, 7.70766855567e-05, 3.32735089614e-06],
        "median": [0.000235375977354, 0.0063275070861, 0.00673788459972, 0.000945981126279, 0.000867826922331, 0.000411831191741, 0.000216709770029, 0.000143364202813, 0.000325907982187, 0.000124330574181, 0.000113625312224, 0.000195719650947, 0.000156728754519, 0.000255362305325, 0.000198492518393, 0.00042746643885, 0.000601090607233, 0.000426930375397, 0.000772988132667, 0.00061081442982, 0.0004789600207, 0.000291102798656, 0.000201894203201, 0.000130548418383, 9.99071271508e-05, 3.42254788848e-05, 7.85475833709e-07],
        "min": [5.09858766318e-10, 2.06934736013e-09, 1.11859366214e-09, 4.21188001143e-10, 6.25331342263e-10, 6.63976790216e-11, 2.79595901986e-10, 1.7908105554e-10, 2.31703597281e-11, 8.87686313344e-11, 3.82385650921e-11, 1.08993120085e-10, 1.03501755777e-10, 7.12830419691e-11, 1.00814342985e-10, 2.15079828947e-10, 3.06881436929e-10, 2.31245383953e-10, 9.71331126642e-10, 7.31792182407e-10, 2.44682052397e-10, 2.14723558378e-10, 1.16376547288e-10, 1.17497997443e-10, 1.13626205667e-10, 3.60658621024e-11, 4.87604878349e-12],
        "var": [4.07076782949e-07, 0.000133029534481, 5.06190990563e-05, 1.30514490593e-05, 6.04997003393e-05, 5.41665622222e-06, 8.49074808684e-07, 6.04419085448e-07, 3.05918388221e-06, 7.51734489768e-07, 6.12881194684e-07, 1.05115168481e-06, 8.98763403256e-07, 4.23422392259e-07, 8.22294111913e-07, 4.84271595269e-07, 8.13451094928e-07, 2.74263015854e-07, 4.05738489917e-07, 2.78311119928e-07, 1.95528826907e-07, 9.61209920547e-08, 7.11985492785e-08, 3.95556689625e-08, 1.04643497423e-07, 4.33678835066e-08, 6.50248882517e-11]
    },
    "erbbands": {
        "dmean": [0.193056613207, 1.52767086029, 4.32406377792, 4.30587100983, 13.1868934631, 6.19588327408, 6.52253103256, 6.32722997665, 5.02028942108, 5.75097036362, 6.00420188904, 15.9408102036, 9.14679431915, 7.29451131821, 10.0167970657, 9.48224163055, 11.2347002029, 11.3230686188, 14.955163002, 12.5081691742, 18.3484401703, 18.9244880676, 13.9547557831, 16.5991535187, 15.5313663483, 11.8128957748, 7.97425508499, 7.87105369568, 5.066842556, 4.83405447006, 2.66990327835, 1.70502364635, 1.20556986332, 0.985354959965, 0.579078674316, 0.27117151022, 0.070491604507, 0.0126278698444, 0.000276934355497, 2.08501678571e-05],
        "dmean2": [0.338973999023, 2.73306179047, 7.25748443604, 7.27547550201, 20.9863033295, 10.2527704239, 10.126074791, 9.99184894562, 8.57224941254, 9.4941368103, 9.7889995575, 24.893989563, 14.6067609787, 11.2777662277, 15.3856582642, 14.6216878891, 17.7287387848, 17.7039337158, 23.0687503815, 19.6670284271, 30.0017528534, 30.608379364, 23.387430191, 27.998462677, 25.8542003632, 19.7446136475, 12.8783540726, 12.920794487, 7.89040088654, 7.32604646683, 4.07281017303, 2.55689668655, 1.77733445168, 1.47117948532, 0.807589173317, 0.367467701435, 0.100567497313, 0.0184003822505, 0.00040711206384, 3.26038607454e-05],
        "dvar": [0.152080222964, 10.1183490753, 45.8616600037, 35.8307342529, 1458.38208008, 203.243103027, 224.912078857, 165.412750244, 138.346328735, 136.511032104, 241.044921875, 1443.79931641, 543.400268555, 275.965637207, 775.221069336, 447.759857178, 1173.2409668, 491.162200928, 1396.47497559, 469.759521484, 787.786865234, 689.072753906, 338.714416504, 438.798706055, 311.114257812, 191.604736328, 131.249969482, 96.282371521, 82.0539474487, 42.2536659241, 18.5646095276, 6.84887933731, 4.22122907639, 7.08399820328, 3.34615206718, 0.903895914555, 0.0473440140486, 0.000862607907038, 4.51222092579e-07, 1.03322983502e-09],
        "dvar2": [0.431519061327, 29.2397041321, 133.772460938, 96.6376037598, 3428.68896484, 522.84375, 464.854217529, 394.700805664, 362.078613281, 369.11907959, 616.301269531, 3387.54614258, 1252.97607422, 609.624450684, 1890.69775391, 1056.90979004, 3071.35522461, 1106.38916016, 3350.94458008, 1150.77514648, 1997.46936035, 1563.10742188, 861.492614746, 1178.80969238, 842.577148438, 505.951019287, 321.308685303, 247.562530518, 211.837768555, 100.544403076, 43.0716133118, 15.1087379456, 9.20655822754, 17.3495311737, 6.51701784134, 1.57508766651, 0.102764986455, 0.00221307273023, 1.1713306094e-06, 2.46027531681e-09],
        "max": [2.68240952492, 22.3080768585, 66.2520904541, 55.0263900757, 264.749267578, 146.632965088, 211.883102417, 131.444763184, 173.228729248, 161.131729126, 246.066802979, 632.829589844, 316.549865723, 310.645202637, 451.127105713, 349.135101318, 664.052612305, 375.004486084, 790.06237793, 253.558319092, 501.356414795, 448.704101562, 223.394271851, 310.538116455, 246.131072998, 202.374389648, 237.495910645, 124.732849121, 213.834442139, 97.8645248413, 68.1009368896, 43.8534393311, 36.7510719299, 61.5475196838, 40.9306793213, 20.2498455048, 4.07599544525, 0.482787102461, 0.0112080750987, 0.000423283607233],
        "mean": [0.264906615019, 2.05295348167, 8.39966678619, 8.33967018127, 12.2322244644, 7.1838722229, 10.8092775345, 9.83208751678, 6.74751615524, 11.9408683777, 9.5316286087, 23.0431346893, 12.8805122375, 12.2971715927, 16.488658905, 18.0761108398, 18.9872550964, 21.355588913, 26.1006622314, 24.2202548981, 38.9640045166, 45.9791526794, 32.8102760315, 40.0725479126, 43.4462623596, 32.3594665527, 22.7319202423, 21.3701152802, 13.5004777908, 11.0107517242, 6.7734131813, 4.38982343674, 2.9206533432, 1.99570059776, 1.09064948559, 0.455072462559, 0.110458336771, 0.0181590933353, 0.000429913692642, 5.85819143453e-05],
        "median": [0.204444810748, 1.43548810482, 6.47517776489, 6.0603094101, 2.43635392189, 2.81757593155, 3.73479938507, 3.24866342545, 3.23914647102, 3.77683162689, 4.64227724075, 7.09584665298, 4.87424182892, 4.93063116074, 5.46298456192, 8.82129955292, 8.36588668823, 12.5092716217, 11.7359380722, 15.0464029312, 26.8221912384, 35.6541748047, 25.1309509277, 33.7725486755, 39.0808029175, 28.5926170349, 19.3862628937, 17.9506664276, 11.0306921005, 8.71748542786, 4.94092321396, 3.01689124107, 1.96509885788, 1.27602040768, 0.592375278473, 0.209387049079, 0.0460473261774, 0.0062899873592, 0.000187356912647, 5.14544772159e-05],
        "min": [5.33163024841e-08, 4.87316640374e-07, 1.39030873925e-06, 1.08014342004e-06, 2.01822535928e-06, 2.57158058048e-06, 6.17798150415e-07, 6.70693736993e-07, 4.28837438449e-06, 2.91434230348e-06, 3.68452742805e-06, 6.72579346883e-07, 4.0805516619e-06, 6.42451868771e-06, 2.71263570539e-06, 5.05702382725e-06, 4.3719196583e-06, 3.1537583709e-06, 5.71151031181e-06, 8.42568806547e-06, 1.18605121315e-05, 1.53802247951e-05, 1.35867003337e-05, 4.886959141e-05, 3.85057173844e-05, 4.15188042098e-05, 1.28871470224e-05, 1.19673086374e-05, 8.27847270557e-06, 3.50860818799e-06, 3.50030950358e-06, 2.56900284512e-06, 2.07161065191e-06, 1.76523747086e-06, 6.32132639566e-07, 1.95829059635e-07, 4.71137937552e-08, 8.56581916509e-09, 6.39458097584e-10, 9.62154800277e-11],
        "var": [0.109932847321, 7.08370733261, 57.1152305603, 57.4003829956, 1327.82507324, 193.304718018, 497.694122314, 310.829284668, 147.311080933, 300.524719238, 383.438964844, 2130.89160156, 762.816589355, 592.954345703, 1346.32348633, 1253.45202637, 1782.94958496, 936.980102539, 2590.08056641, 1012.40533447, 1965.38183594, 2276.91040039, 904.948852539, 1000.83856201, 977.109436035, 591.759399414, 360.468261719, 274.456848145, 156.259796143, 103.073738098, 46.1474914551, 21.9054775238, 10.7026729584, 10.205493927, 6.66117191315, 1.84271168709, 0.0800514891744, 0.00119519012515, 5.96722770752e-07, 1.88778059851e-09]
    },
    "gfcc": {
        "mean": [34.6564598083, 61.3889045715, -109.113975525, 66.7193374634, -46.966293335, 22.1343193054, -32.3739128113, 18.9593772888, -25.0140171051, 7.02752447128, -19.5953807831, 1.2013105154, -13.6873397827],
        "cov": [[6312.61230469, -97.4779129028, -172.175598145, -146.085037231, -52.948928833, 8.18126678467, -80.5166625977, -31.2387580872, 7.34717845917, 30.6489448547, 23.6952934265, -10.826417923, -78.0601119995], [-97.4779129028, 432.62878418, -245.105117798, 26.9786243439, -27.3474769592, -64.8587112427, 41.5869598389, -28.4560031891, 35.3923492432, -47.7103652954, 47.3971633911, -54.6806983948, 74.2556686401], [-172.175598145, -245.105117798, 502.253540039, -6.88035535812, 44.5092010498, -18.4098548889, -56.9844779968, 7.98511552811, -44.0004501343, 12.2318181992, -73.2012176514, 59.3983955383, -72.3527069092], [-146.085037231, 26.9786243439, -6.88035535812, 155.967910767, 13.9205055237, -32.4217224121, -22.448720932, -4.28455638885, 27.0767726898, 0.86308825016, 38.3967399597, 3.49400496483, 19.7954864502], [-52.948928833, -27.3474769592, 44.5092010498, 13.9205055237, 162.812133789, 30.662317276, 45.9435272217, 15.6646261215, 2.82749319077, 33.9332733154, -14.7507953644, 7.58892631531, -14.3100166321], [8.18126678467, -64.8587112427, -18.4098548889, -32.4217224121, 30.662317276, 141.007293701, 55.76902771, 0.499454468489, -19.0985393524, 4.64845991135, 9.6214723587, -3.37500452995, -3.8648557663], [-80.5166625977, 41.5869598389, -56.9844779968, -22.448720932, 45.9435272217, 55.76902771, 116.529312134, 26.9390048981, 2.00325751305, 5.76367330551, 4.6134390831, -11.0015859604, -6.06719064713], [-31.2387580872, -28.4560031891, 7.98511552811, -4.28455638885, 15.6646261215, 0.499454468489, 26.9390048981, 73.3718948364, 35.3944015503, 13.9764976501, -11.3240118027, -5.77023744583, -9.16131687164], [7.34717845917, 35.3923492432, -44.0004501343, 27.0767726898, 2.82749319077, -19.0985393524, 2.00325751305, 35.3944015503, 82.1340866089, 29.1739673615, 5.03904676437, -17.8731155396, -2.75248718262], [30.6489448547, -47.7103652954, 12.2318181992, 0.86308825016, 33.9332733154, 4.64845991135, 5.76367330551, 13.9764976501, 29.1739673615, 68.1677856445, 14.9557504654, 4.13684082031, -22.6278915405], [23.6952934265, 47.3971633911, -73.2012176514, 38.3967399597, -14.7507953644, 9.6214723587, 4.6134390831, -11.3240118027, 5.03904676437, 14.9557504654, 80.5659866333, 19.8987979889, 20.1375694275], [-10.826417923, -54.6806983948, 59.3983955383, 3.49400496483, 7.58892631531, -3.37500452995, -11.0015859604, -5.77023744583, -17.8731155396, 4.13684082031, 19.8987979889, 66.4548492432, 19.0638217926], [-78.0601119995, 74.2556686401, -72.3527069092, 19.7954864502, -14.3100166321, -3.8648557663, -6.06719064713, -9.16131687164, -2.75248718262, -22.6278915405, 20.1375694275, 19.0638217926, 84.8300933838]],
        "icov": [[0.000174194661668, 7.83771029091e-05, 0.000134336485644, 0.000231606318266, -7.40656832932e-05, 2.52284426097e-05, 0.000213415027247, 7.50693943701e-05, -0.000117951465654, 0.000122349258163, -0.000168630198459, -4.64992808702e-05, 0.000243532078457], [7.83771029091e-05, 0.00823807902634, 6.76124109305e-05, 0.00314567540772, -0.00230861525051, 0.00669237272814, -0.00529413344339, 0.00583563139662, -0.00564802065492, 0.00729677453637, -0.0081308176741, 0.00897371023893, -0.00597179215401], [0.000134336485644, 6.76124109305e-05, 0.00446935696527, -0.00144427944906, -0.000233563885558, -0.000540798122529, 0.00212431978434, -0.0012744506821, 0.00212178984657, -0.00079514621757, 0.00475009530783, -0.00559376040474, 0.00414991145954], [0.000231606318266, 0.00314567540772, -0.00144427944906, 0.0115827228874, -0.00408519711345, 0.00450265128165, -0.000114704547741, 0.00326622393914, -0.00668577197939, 0.00691321631894, -0.011077452451, 0.00644837738946, -0.00380698731169], [-7.40656832932e-05, -0.00230861525051, -0.000233563885558, -0.00408519711345, 0.010282642208, -0.00304040173069, -0.00270655844361, -0.00143920327537, 0.00341094145551, -0.00835212040693, 0.00749524589628, -0.00450360961258, 0.00106944621075], [2.52284426097e-05, 0.00669237272814, -0.000540798122529, 0.00450265128165, -0.00304040173069, 0.0152604356408, -0.00836768653244, 0.00532582355663, -0.00265047117136, 0.00558464135975, -0.00950831640512, 0.00935851689428, -0.00563013320789], [0.000213415027247, -0.00529413344339, 0.00212431978434, -0.000114704547741, -0.00270655844361, -0.00836768653244, 0.0186421945691, -0.00953090749681, 0.00492656370625, -0.00229286402464, 0.0030148003716, -0.00527132162824, 0.00615261914209], [7.50693943701e-05, 0.00583563139662, -0.0012744506821, 0.00326622393914, -0.00143920327537, 0.00532582355663, -0.00953090749681, 0.0253591760993, -0.0145374462008, 0.0054530329071, -0.00319411372766, 0.00473940046504, -0.0041553885676], [-0.000117951465654, -0.00564802065492, 0.00212178984657, -0.00668577197939, 0.00341094145551, -0.00265047117136, 0.00492656370625, -0.0145374462008, 0.028301063925, -0.0160925183445, 0.00809616874903, -0.00171973230317, 0.00253255502321], [0.000122349258163, 0.00729677453637, -0.00079514621757, 0.00691321631894, -0.00835212040693, 0.00558464135975, -0.00229286402464, 0.0054530329071, -0.0160925183445, 0.0334161370993, -0.0167119279504, 0.00579307833686, 0.00176110281609], [-0.000168630198459, -0.0081308176741, 0.00475009530783, -0.011077452451, 0.00749524589628, -0.00950831640512, 0.0030148003716, -0.00319411372766, 0.00809616874903, -0.0167119279504, 0.0347818396986, -0.0205502137542, 0.00646672071889], [-4.64992808702e-05, 0.00897371023893, -0.00559376040474, 0.00644837738946, -0.00450360961258, 0.00935851689428, -0.00527132162824, 0.00473940046504, -0.00171973230317, 0.00579307833686, -0.0205502137542, 0.0376680642366, -0.0164694581181], [0.000243532078457, -0.00597179215401, 0.00414991145954, -0.00380698731169, 0.00106944621075, -0.00563013320789, 0.00615261914209, -0.0041553885676, 0.00253255502321, 0.00176110281609, 0.00646672071889, -0.0164694581181, 0.0243008118123]]
    },
    "melbands": {
        "dmean": [0.00172784726601, 0.00210038991645, 0.00105567544233, 0.000718919967767, 0.000219675392145, 0.000140957636177, 7.74419677327e-05, 5.85272937315e-05, 5.69751500734e-05, 0.000101339443063, 4.53741959063e-05, 3.15750221489e-05, 3.41941267834e-05, 3.00847659673e-05, 2.39915952989e-05, 2.59027274296e-05, 2.2075841116e-05, 2.63592082774e-05, 1.96330765903e-05, 1.82324019988e-05, 2.45696483034e-05, 2.1812693376e-05, 1.72247800947e-05, 1.35066266012e-05, 1.53253768076e-05, 1.27129651446e-05, 1.24398166008e-05, 8.21883168101e-06, 5.54909411221e-06, 6.20982018518e-06, 4.59966713606e-06, 3.39465373145e-06, 2.54985911852e-06, 2.92765548693e-06, 1.74510660145e-06, 1.26831309899e-06, 1.10698738354e-06, 9.62045987762e-07, 7.4895308444e-07, 9.34746822168e-07],
        "dmean2": [0.00306528364308, 0.00360792432912, 0.00172896054573, 0.00115744560026, 0.000347078079358, 0.000223016220843, 0.000132101718918, 9.66792213148e-05, 9.17509896681e-05, 0.000158688228112, 7.2445916885e-05, 4.95194435643e-05, 5.06235446665e-05, 4.71908169857e-05, 3.83056394639e-05, 4.04877828259e-05, 3.48887442669e-05, 4.12448134739e-05, 3.07791524392e-05, 2.99805960822e-05, 3.99625787395e-05, 3.53559553332e-05, 2.84241014015e-05, 2.28007884289e-05, 2.59621647274e-05, 2.12465365621e-05, 2.09482459468e-05, 1.36533371915e-05, 8.94869117474e-06, 1.03682841655e-05, 7.52231244405e-06, 5.44060549146e-06, 3.99077134716e-06, 4.53892698715e-06, 2.71178464573e-06, 1.98590782929e-06, 1.6812011836e-06, 1.50045025293e-06, 1.08455196823e-06, 1.4371804582e-06],
        "dvar": [1.32382474476e-05, 1.27990424517e-05, 3.65451842299e-06, 4.08234745919e-06, 2.15854683461e-07, 7.93222838524e-08, 2.99941653736e-08, 1.63096469663e-08, 1.6401918046e-08, 5.84465276177e-08, 1.42894798216e-08, 5.79647041477e-09, 7.59597451605e-09, 6.41982023097e-09, 4.13729761561e-09, 4.94289276176e-09, 1.90182602999e-09, 4.82405004831e-09, 1.90656934684e-09, 9.29134102989e-10, 1.41004041776e-09, 8.54485648905e-10, 6.32389585142e-10, 3.16306675296e-10, 3.7786435092e-10, 2.15546927529e-10, 2.1923186877e-10, 9.97627883081e-11, 6.08296052418e-11, 6.30094934562e-11, 3.43474970688e-11, 4.41336168999e-11, 1.17788626075e-11, 1.67380970195e-11, 8.66998833837e-12, 3.79226598041e-12, 2.9575831801e-12, 3.01156517259e-12, 1.55259464139e-12, 8.23842816883e-12],
        "dvar2": [3.7521655031e-05, 3.72927715944e-05, 8.75866771821e-06, 9.6454323284e-06, 4.76351374346e-07, 1.86062436569e-07, 7.88545264641e-08, 4.4012654854e-08, 4.05165323514e-08, 1.38150326734e-07, 3.30699698736e-08, 1.3147153588e-08, 1.74349263915e-08, 1.59019410972e-08, 1.19540519705e-08, 1.14333982282e-08, 4.27959578886e-09, 1.20964580574e-08, 4.56875515198e-09, 2.28246510581e-09, 3.56842955185e-09, 1.94521909691e-09, 1.56978696708e-09, 8.1620149528e-10, 1.00792829638e-09, 5.64834623518e-10, 6.05461736303e-10, 2.67495414707e-10, 1.48383347276e-10, 1.64568844663e-10, 9.03857336199e-11, 1.18053858356e-10, 2.62286390523e-11, 4.19073803437e-11, 2.10099229681e-11, 8.78689742495e-12, 6.99593508124e-12, 7.12146270773e-12, 3.13969726953e-12, 2.10896872882e-11],
        "max": [0.0258725900203, 0.0312804728746, 0.0150014664978, 0.0136346062645, 0.00650253286585, 0.00266304332763, 0.00251777842641, 0.00161717727315, 0.00183999643195, 0.00394269870594, 0.00161862443201, 0.00138039584272, 0.001286175102, 0.00128723937087, 0.00128963857424, 0.000923983403482, 0.000614586286247, 0.00134515739046, 0.000590662995819, 0.000473538908409, 0.000555263948627, 0.000519913272001, 0.00041472594603, 0.000218736735405, 0.00029339309549, 0.000174433953362, 0.000204185926123, 0.00013012123236, 0.000164766228409, 0.000131238499307, 7.07956787664e-05, 0.000167197518749, 5.81699132454e-05, 5.75960475544e-05, 4.82300565636e-05, 3.43906831404e-05, 2.74373287539e-05, 2.87227921945e-05, 2.0092138584e-05, 6.75521223457e-05],
        "mean": [0.00241076969542, 0.00387059524655, 0.00168382795528, 0.000708652602043, 0.000356882315828, 0.000223231050768, 0.000110724293336, 0.000116745963169, 8.76461199368e-05, 0.000143040975672, 6.09219678154e-05, 4.88833502459e-05, 5.15167594131e-05, 5.37649575563e-05, 4.23781348218e-05, 4.10275315517e-05, 3.85403654946e-05, 4.27764207416e-05, 3.10656178044e-05, 3.48163412127e-05, 4.72510364489e-05, 4.83157782583e-05, 3.69006265828e-05, 2.71227345365e-05, 3.26852532453e-05, 3.29035137838e-05, 2.88970823021e-05, 1.97012977878e-05, 1.35291065817e-05, 1.48904018715e-05, 1.12496863949e-05, 7.94685911387e-06, 6.01382726018e-06, 6.08358504905e-06, 4.03002059102e-06, 2.99273688142e-06, 2.56364342022e-06, 2.10823031921e-06, 1.72918907992e-06, 1.67936025264e-06],
        "median": [0.00182829902042, 0.0029862485826, 0.00101849541534, 0.000177455091034, 0.000143193115946, 7.31803884264e-05, 4.82450413983e-05, 4.03111735068e-05, 3.3773965697e-05, 4.43548924522e-05, 2.05779215321e-05, 1.78867412615e-05, 1.73973348865e-05, 1.87345776794e-05, 2.25224539463e-05, 1.75150835275e-05, 2.16761782212e-05, 1.8672330043e-05, 1.48424715007e-05, 2.51560541074e-05, 2.95206045848e-05, 3.59691875929e-05, 2.55729810306e-05, 2.0514253265e-05, 2.6549820177e-05, 2.77874351013e-05, 2.40607278101e-05, 1.64777775353e-05, 1.06674478957e-05, 1.25535616462e-05, 8.72930559126e-06, 6.30418435321e-06, 4.6914133236e-06, 4.67368226964e-06, 2.83405529444e-06, 2.09676454688e-06, 1.74038746081e-06, 1.38039661124e-06, 1.1482292166e-06, 9.92364107333e-07],
        "min": [5.62214719224e-10, 7.19880655087e-10, 2.35519631575e-10, 1.77549600022e-10, 3.63090946198e-11, 1.53622253807e-11, 6.57517304492e-11, 3.53263009123e-11, 2.4573726734e-11, 3.44576103761e-12, 1.91233869018e-11, 2.34788785636e-11, 4.43773273337e-12, 1.12027262467e-11, 1.88323419359e-11, 1.05902526332e-11, 5.31395630624e-12, 9.00123378611e-12, 7.45812179376e-12, 1.43877305903e-11, 1.25867363407e-11, 1.42793225161e-11, 1.15155255123e-11, 1.13045735967e-11, 4.37527028496e-11, 2.36905026846e-11, 2.43166910219e-11, 3.19594316289e-11, 7.38858800531e-12, 6.82907203009e-12, 6.74253881894e-12, 6.07413511849e-12, 1.73165301542e-12, 1.91264517245e-12, 2.19988610661e-12, 1.81874112125e-12, 1.23570533146e-12, 1.22134572421e-12, 1.78936889177e-12, 1.40334402085e-12],
        "var": [9.41435064306e-06, 1.28632073029e-05, 4.26308815804e-06, 3.74637397726e-06, 4.47772805501e-07, 1.54297666199e-07, 3.36523449107e-08, 2.95559186014e-08, 2.9847917915e-08, 8.30557240761e-08, 1.97583531758e-08, 1.11004521131e-08, 1.32595605606e-08, 1.92330915638e-08, 6.70508892853e-09, 7.58736895534e-09, 3.26301519138e-09, 7.69706343107e-09, 3.19394377613e-09, 1.64805402658e-09, 3.40096817375e-09, 2.62289612252e-09, 1.73705716477e-09, 6.88552048711e-10, 7.62932383935e-10, 6.27581597801e-10, 5.15282094771e-10, 2.59238602807e-10, 1.54666446317e-10, 1.45336506718e-10, 8.94567961374e-11, 6.41582204031e-11, 3.16155157609e-11, 3.50604927035e-11, 1.86269610847e-11, 1.05317404103e-11, 7.83770357643e-12, 6.10853555238e-12, 3.82568325977e-12, 1.03145105304e-11]
    },
    "mfcc": {
        "mean": [-605.180419922, 81.074798584, 4.66132688522, 46.3884124756, 13.7247848511, 12.6471796036, 8.70146274567, 9.42228317261, 5.97106552124, 4.82807397842, 3.14634656906, 1.94298648834, 0.546399235725],
        "cov": [[5945.26611328, 59.9881896973, -274.277404785, -90.9689407349, -67.1565246582, -30.3597354889, -58.8526496887, -63.7987747192, -86.1352157593, -6.97968816757, -4.34453821182, 73.5738525391, 12.6724376678], [59.9881896973, 302.550292969, -106.64806366, 25.1724872589, -39.4918022156, -16.8719539642, 8.43484687805, -3.54493498802, 22.6185836792, -0.00489929970354, -3.08461689949, -12.1952066422, -27.0084133148], [-274.277404785, -106.64806366, 326.524078369, 14.9750261307, 40.3920173645, -16.377456665, -36.4249763489, 6.18113136292, -35.8493614197, -28.5499916077, -16.8623771667, -23.3836212158, 0.0749587863684], [-90.9689407349, 25.1724872589, 14.9750261307, 176.902587891, 43.6552276611, -30.4747848511, -32.6289024353, -13.0755796432, 6.5865111351, -15.4565267563, 5.50238275528, 31.6862430573, 10.7210264206], [-67.1565246582, -39.4918022156, 40.3920173645, 43.6552276611, 103.390541077, 18.4648685455, -7.06005191803, -6.11527585983, 10.4710626602, -1.32442486286, 3.06982946396, 4.72152328491, 8.21072483063], [-30.3597354889, -16.8719539642, -16.377456665, -30.4747848511, 18.4648685455, 102.344902039, 57.251953125, 9.26069641113, -3.3659863472, 9.60455513, 11.8679294586, -12.9051980972, 5.65087985992], [-58.8526496887, 8.43484687805, -36.4249763489, -32.6289024353, -7.06005191803, 57.251953125, 112.235862732, 32.2869567871, 5.07548046112, -2.55543923378, 9.90277576447, -5.63346195221, 4.20015048981], [-63.7987747192, -3.54493498802, 6.18113136292, -13.0755796432, -6.11527585983, 9.26069641113, 32.2869567871, 61.227142334, 20.3433151245, 0.677659273148, -0.770036697388, -3.19770741463, 0.819561839104], [-86.1352157593, 22.6185836792, -35.8493614197, 6.5865111351, 10.4710626602, -3.3659863472, 5.07548046112, 20.3433151245, 75.1120452881, 32.7740440369, 10.2633695602, -6.25076246262, -7.26681756973], [-6.97968816757, -0.00489929970354, -28.5499916077, -15.4565267563, -1.32442486286, 9.60455513, -2.55543923378, 0.677659273148, 32.7740440369, 69.1406936646, 34.6215782166, 4.1102514267, -1.85073232651], [-4.34453821182, -3.08461689949, -16.8623771667, 5.50238275528, 3.06982946396, 11.8679294586, 9.90277576447, -0.770036697388, 10.2633695602, 34.6215782166, 69.7034759521, 26.5044841766, 10.7082824707], [73.5738525391, -12.1952066422, -23.3836212158, 31.6862430573, 4.72152328491, -12.9051980972, -5.63346195221, -3.19770741463, -6.25076246262, 4.1102514267, 26.5044841766, 70.5266952515, 28.0603179932], [12.6724376678, -27.0084133148, 0.0749587863684, 10.7210264206, 8.21072483063, 5.65087985992, 4.20015048981, 0.819561839104, -7.26681756973, -1.85073232651, 10.7082824707, 28.0603179932, 51.075088501]],
