{
"lowlevel": {
    "average_loudness": 0.982979238033,
    "barkbands_crest": {
        "dmean": 2.90146803856,
        "dmean2": 4.77501058578,
        "dvar": 8.15591430664,
        "dvar2": 20.8399353027,
        "max": 24.5507526398,
        "mean": 9.03544521332,
        "median": 8.30216503143,
        "min": 2.55801701546,
        "var": 13.9325170517
    },
    "barkbands_flatness_db": {
        "dmean": 0.0187179706991,
        "dmean2": 0.0302643068135,
        "dvar": 0.000310751667712,
        "dvar2": 0.000819580804091,
        "max": 0.261561274529,
        "mean": 0.134003847837,
        "median": 0.127562299371,
        "min": 0.0759907588363,
        "var": 0.00085176731227
    },
    "barkbands_kurtosis": {
        "dmean": 1.20871675014,
        "dmean2": 1.97145724297,
        "dvar": 5.09728813171,
        "dvar2": 12.4267663956,
        "max": 33.7256011963,
        "mean": 0.260759949684,
        "median": -0.605901479721,
        "min": -1.89333379269,
        "var": 8.13636398315
    },
    "barkbands_skewness": {
        "dmean": 0.462752848864,
        "dmean2": 0.709035396576,
        "dvar": 0.225535616279,
        "dvar2": 0.497934937477,
        "max": 5.34541845322,
        "mean": 0.801945447922,
        "median": 0.67694914341,
        "min": -1.31063556671,
        "var": 0.675655901432
    },
    "barkbands_spread": {
        "dmean": 5.82873010635,
        "dmean2": 9.33821296692,
        "dvar": 31.2516517639,
        "dvar2": 75.3143920898,
        "max": 90.1968154907,
        "mean": 34.4362754822,
        "median": 35.5639915466,
        "min": 4.5635972023,
        "var": 107.588890076
    },
    "dissonance": {
        "dmean": 0.0105059128255,
        "dmean2": 0.017761528492,
        "dvar": 0.000139865762321,
        "dvar2": 0.00038730862434,
        "max": 0.500000059605,
        "mean": 0.483702689409,
        "median": 0.48762845993,
        "min": 0.365337699652,
        "var": 0.000207828474231
    },
    "dynamic_complexity": 1.61012339592,
    "erbbands_crest": {
        "dmean": 2.65103983879,
        "dmean2": 4.33335828781,
        "dvar": 7.68246889114,
        "dvar2": 19.3681583405,
        "max": 28.4205722809,
        "mean": 7.98137331009,
        "median": 6.84745788574,
        "min": 2.26538991928,
        "var": 16.7407913208
    },
    "erbbands_flatness_db": {
        "dmean": 0.01545642782,
        "dmean2": 0.0230207983404,
        "dvar": 0.000222408110858,
        "dvar2": 0.000441387441242,
        "max": 0.314719408751,
        "mean": 0.175968244672,
        "median": 0.171391680837,
        "min": 0.0908968597651,
        "var": 0.00110435299575
    },
    "erbbands_kurtosis": {
        "dmean": 1.00294148922,
        "dmean2": 1.61473250389,
        "dvar": 1.46872627735,
        "dvar2": 3.62404036522,
        "max": 20.8493404388,
        "mean": 0.890838682652,
        "median": 0.501779794693,
        "min": -1.61052072048,
        "var": 2.77748608589
    },
    "erbbands_skewness": {
        "dmean": 0.33106008172,
        "dmean2": 0.497591733932,
        "dvar": 0.0971972718835,
        "dvar2": 0.2146769315,
        "max": 3.31015825272,
        "mean": -0.329466372728,
        "median": -0.432036370039,
        "min": -2.71095633507,
        "var": 0.469727218151
    },
    "erbbands_spread": {
        "dmean": 7.2497215271,
        "dmean2": 11.0501241684,
        "dvar": 49.8525466919,
        "dvar2": 100.484764099,
        "max": 111.855331421,
        "mean": 32.3490905762,
        "median": 30.3670578003,
        "min": 5.12346744537,
        "var": 181.401611328
    },
    "hfc": {
        "dmean": 7.77644300461,
        "dmean2": 12.1469039917,
        "dvar": 77.7138595581,
        "dvar2": 187.053497314,
        "max": 92.3100585938,
        "mean": 33.3111534119,
        "median": 32.3538780212,
        "min": 0.000720011536032,
        "var": 242.691223145
    },
    "melbands_crest": {
        "dmean": 3.76272249222,
        "dmean2": 6.05793094635,
        "dvar": 12.1839838028,
        "dvar2": 31.5657215118,
        "max": 32.7137374878,
        "mean": 14.933921814,
        "median": 14.2841072083,
        "min": 3.08164000511,
        "var": 26.2093639374
    },
    "melbands_flatness_db": {
        "dmean": 0.0235455483198,
        "dmean2": 0.0369782373309,
        "dvar": 0.000526086252648,
        "dvar2": 0.0012862595031,
        "max": 0.321548730135,
        "mean": 0.150797843933,
        "median": 0.144500806928,
        "min": 0.0192201230675,
        "var": 0.00139000394847
    },
    "melbands_kurtosis": {
        "dmean": 4.57521009445,
        "dmean2": 7.22041702271,
        "dvar": 71.4509353638,
        "dvar2": 170.568862915,
        "max": 154.735549927,
        "mean": 6.53848552704,
        "median": 3.31872558594,
        "min": -1.56838750839,
        "var": 111.909202576
    },
    "melbands_skewness": {
        "dmean": 0.722868859768,
        "dmean2": 1.10148191452,
        "dvar": 0.607267200947,
        "dvar2": 1.29161453247,
        "max": 11.2094335556,
        "mean": 2.12336134911,
        "median": 1.9279447794,
        "min": -0.763420701027,
        "var": 1.79715669155
    },
    "melbands_spread": {
        "dmean": 9.23719215393,
        "dmean2": 14.3559741974,
        "dvar": 74.427734375,
        "dvar2": 172.389129639,
        "max": 133.844848633,
        "mean": 37.5864906311,
        "median": 37.6383666992,
        "min": 2.77608990669,
        "var": 223.103759766
    },
    "pitch_salience": {
        "dmean": 0.0831808745861,
        "dmean2": 0.13724078238,
        "dvar": 0.00585459871218,
        "dvar2": 0.0157907810062,
        "max": 0.837557315826,
        "mean": 0.550741374493,
        "median": 0.55584448576,
        "min": 0.162384971976,
        "var": 0.010491175577
    },
    "silence_rate_20dB": {
        "dmean": 0,
        "dmean2": 0,
        "dvar": 0,
        "dvar2": 0,
        "max": 1,
        "mean": 1,
        "median": 1,
        "min": 1,
        "var": 0
    },
    "silence_rate_30dB": {
        "dmean": 0,
        "dmean2": 0,
        "dvar": 0,
        "dvar2": 0,
        "max": 1,
        "mean": 1,
        "median": 1,
        "min": 1,
        "var": 0
    },
    "silence_rate_60dB": {
        "dmean": 0.002323779976,
        "dmean2": 0.00464936066419,
        "dvar": 0.00231835222803,
        "dvar2": 0.00462780846283,
        "max": 1,
        "mean": 0.0123886950314,
        "median": 0,
        "min": 0,
        "var": 0.0122348368168
    },
    "spectral_centroid": {
        "dmean": 228.046112061,
        "dmean2": 357.304229736,
        "dvar": 45403.2148438,
        "dvar2": 105879,
        "max": 3932.1262207,
        "mean": 2050.8527832,
        "median": 2103.4465332,
        "min": 518.321655273,
        "var": 163121.34375
    },
    "spectral_complexity": {
        "dmean": 4.7219209671,
        "dmean2": 7.39093351364,
        "dvar": 19.285993576,
        "dvar2": 42.331199646,
        "max": 61,
        "mean": 35.3619804382,
        "median": 38,
        "min": 0,
        "var": 107.851661682
    },
    "spectral_decrease": {
        "dmean": 2.41379849442e-09,
        "dmean2": 3.85313558837e-09,
        "dvar": 8.36496899638e-18,
        "dvar2": 2.07240060503e-17,
        "max": -1.02840269124e-13,
        "mean": -8.26820389932e-09,
        "median": -7.7445569957e-09,
        "min": -2.71646065642e-08,
        "var": 1.33570114378e-17
    },
    "spectral_energy": {
        "dmean": 0.0095730330795,
        "dmean2": 0.0152330184355,
        "dvar": 0.000127230057842,
        "dvar2": 0.000315715005854,
        "max": 0.104203894734,
        "mean": 0.0342275500298,
        "median": 0.0324193164706,
        "min": 4.53449473525e-07,
        "var": 0.000215190768358
    },
    "spectral_energyband_high": {
        "dmean": 0.000414623791585,
        "dmean2": 0.000696220376994,
        "dvar": 4.70195885782e-07,
        "dvar2": 1.31454180519e-06,
        "max": 0.00737324450165,
        "mean": 0.00119558174629,
        "median": 0.00109048944432,
        "min": 2.97786204584e-08,
        "var": 5.34689775122e-07
    },
    "spectral_energyband_low": {
        "dmean": 0.00697690993547,
        "dmean2": 0.0114119360223,
        "dvar": 0.000101096840808,
        "dvar2": 0.000252666242886,
        "max": 0.0963657125831,
        "mean": 0.0143139185384,
        "median": 0.0123443091288,
        "min": 6.18268387598e-08,
        "var": 0.000118291995022
    },
    "spectral_energyband_middle_high": {
        "dmean": 0.00359334889799,
        "dmean2": 0.00536096282303,
        "dvar": 1.85409498954e-05,
        "dvar2": 4.04264283134e-05,
        "max": 0.0563286244869,
        "mean": 0.0120795704424,
        "median": 0.0100125363097,
        "min": 3.17749993428e-07,
        "var": 7.39939423511e-05
    },
    "spectral_energyband_middle_low": {
        "dmean": 0.00401611393318,
        "dmean2": 0.00665552122518,
        "dvar": 3.48512003256e-05,
        "dvar2": 8.68361385074e-05,
        "max": 0.0803211405873,
        "mean": 0.00753684481606,
        "median": 0.0057911160402,
        "min": 4.87323248421e-08,
        "var": 4.40598960267e-05
    },
    "spectral_entropy": {
        "dmean": 0.0828321203589,
        "dmean2": 0.125074967742,
        "dvar": 0.00649120658636,
        "dvar2": 0.0144848693162,
        "max": 8.59852981567,
        "mean": 7.89019680023,
        "median": 7.90971469879,
        "min": 7.23472356796,
        "var": 0.0269211232662
    },
    "spectral_flux": {
        "dmean": 0.0266677327454,
        "dmean2": 0.0405667312443,
        "dvar": 0.000718231953215,
        "dvar2": 0.00155133893713,
        "max": 0.285054624081,
        "mean": 0.106993801892,
        "median": 0.101845853031,
        "min": 0.000673386559356,
        "var": 0.00160599325318
    },
    "spectral_kurtosis": {
        "dmean": 1.12025558949,
        "dmean2": 1.94145917892,
        "dvar": 1.00232207775,
        "dvar2": 3.03145503998,
        "max": 15.1350822449,
        "mean": 2.56719279289,
        "median": 2.35502147675,
        "min": -0.419256687164,
        "var": 1.97355830669
    },
    "spectral_rms": {
        "dmean": 0.000780467118602,
        "dmean2": 0.00122743903194,
        "dvar": 7.04130741269e-07,
        "dvar2": 1.66470249496e-06,
        "max": 0.0100827738643,
        "mean": 0.00563275255263,
        "median": 0.0056239310652,
        "min": 2.10330636037e-05,
        "var": 1.66484369402e-06
    },
    "spectral_rolloff": {
        "dmean": 496.765686035,
        "dmean2": 813.656311035,
        "dvar": 335899.9375,
        "dvar2": 788088.25,
        "max": 8182.6171875,
        "mean": 2004.80505371,
        "median": 2067.1875,
        "min": 86.1328125,
        "var": 758232
    },
    "spectral_skewness": {
        "dmean": 0.164793610573,
        "dmean2": 0.273557722569,
        "dvar": 0.0204584039748,
        "dvar2": 0.0551031045616,
        "max": 2.40605854988,
        "mean": 1.05305361748,
        "median": 1.04336869717,
        "min": 0.173331603408,
        "var": 0.0626198872924
    },
    "spectral_spread": {
        "dmean": 321042.15625,
        "dmean2": 471720.90625,
        "dvar": 149096316928,
        "dvar2": 221592993792,
        "max": 15873886,
        "mean": 3701987.25,
        "median": 3579376,
        "min": 2162425.25,
        "var": 482377367552
    },
    "spectral_strongpeak": {
        "dmean": 0.665769279003,
        "dmean2": 1.17892050743,
        "dvar": 1.58391916752,
        "dvar2": 4.17794036865,
        "max": 11.047170639,
        "mean": 0.850903809071,
        "median": 0.361241489649,
        "min": 0,
        "var": 1.88384401798
    },
    "zerocrossingrate": {
        "dmean": 0.00860676076263,
        "dmean2": 0.0105923544616,
        "dvar": 6.82183090248e-05,
        "dvar2": 9.79136748356e-05,
        "max": 0.2548828125,
        "mean": 0.0697346180677,
        "median": 0.06982421875,
        "min": 0.00927734375,
        "var": 0.000359407626092
    },
    "barkbands": {
        "dmean": [0.000334469747031, 0.00548155745491, 0.00264223571867, 0.00105044571683, 0.00120285246521, 0.00070783297997, 0.00055487366626, 0.000491130747832, 0.00169040355831, 0.000577769940719, 0.00133727572393, 0.000625456043053, 0.0011776991887, 0.000832035322674, 0.000596585217863, 0.000657387136016, 0.000488323275931, 0.000382060272386, 0.000392668793211, 0.000232218560996, 0.000165881749126, 0.0001045939498, 8.31503493828e-05, 6.11524956184e-05, 1.5967656509e-05, 1.5541102627e-08, 2.2773885e-09],
        "dmean2": [0.000585016212426, 0.00901993270963, 0.00451465137303, 0.00182649632916, 0.0020569418557, 0.00116276473273, 0.000918371195439, 0.000792067614384, 0.00271944398992, 0.000921576051041, 0.00210166466422, 0.00099626055453, 0.00188906444237, 0.00133889494464, 0.000932602852117, 0.00102421955671, 0.000803790579084, 0.000621511775535, 0.000651652808301, 0.000377129850676, 0.000286757014692, 0.000175034685526, 0.000138206829433, 0.000100182754977, 2.4745851988e-05, 2.58773980022e-08, 4.30128288542e-09],
        "dvar": [4.04358019068e-07, 7.64600408729e-05, 1.07349233076e-05, 2.00709655473e-06, 3.88608123103e-06, 1.54982865297e-06, 1.53277790105e-06, 1.85112719464e-06, 2.1480527721e-05, 1.89433160358e-06, 9.50864796323e-06, 2.22681410378e-06, 6.36026788925e-06, 2.43160752689e-06, 1.2233091411e-06, 1.05758545033e-06, 3.87113487932e-07, 1.96263272301e-07, 1.87845344612e-07, 7.4095893865e-08, 9.77102629918e-08, 3.06269249961e-08, 1.45313991951e-08, 7.17506276615e-09, 1.21754950566e-09, 1.148005141e-15, 9.40718298466e-17],
        "dvar2": [1.2298899037e-06, 0.00018726059352, 2.95164118143e-05, 5.92740434513e-06, 1.04252958408e-05, 3.76695084015e-06, 3.73670900444e-06, 4.43272392658e-06, 5.24269453308e-05, 4.64598952021e-06, 2.36083269556e-05, 5.67562165088e-06, 1.57816302817e-05, 6.02332647759e-06, 2.80846893475e-06, 2.3578256787e-06, 9.66063453234e-07, 4.75141632705e-07, 4.79405116494e-07, 1.80915336045e-07, 2.78343833315e-07, 8.22616925689e-08, 3.75999142932e-08, 1.7927201057e-08, 2.18500506577e-09, 2.7850117198e-15, 2.79303158657e-16],
        "max": [0.00607391446829, 0.0797542482615, 0.0267399754375, 0.0158941801637, 0.0188276339322, 0.0280418787152, 0.0229022409767, 0.0309173800051, 0.0783364996314, 0.0265997741371, 0.0371850691736, 0.0293282680213, 0.032014619559, 0.0255951043218, 0.0207865126431, 0.0178878176957, 0.0115426015109, 0.00717025669292, 0.00598241202533, 0.00389394327067, 0.00317160319537, 0.00201652152464, 0.0017213197425, 0.00130970345344, 0.00131864112336, 1.17689342005e-06, 2.56877342508e-07],
        "mean": [0.000352420582203, 0.008340225555, 0.00482973502949, 0.00145181245171, 0.00155591371004, 0.00104275322519, 0.000706392049324, 0.000636872428004, 0.00195485539734, 0.000798198743723, 0.00185084552504, 0.000992621411569, 0.00179255066905, 0.00128604925703, 0.00103016442154, 0.00132380530704, 0.000975783623289, 0.000873098440934, 0.000957774580456, 0.00054744706722, 0.000316948076943, 0.000233161423239, 0.000196257577045, 0.00014870063751, 3.31447045028e-05, 2.45755362727e-08, 1.59762325591e-09],
        "median": [0.000117716066597, 0.00586841162294, 0.00406765565276, 0.000945000443608, 0.000981399440207, 0.000670580717269, 0.000370687572286, 0.000250911602052, 0.000679123215377, 0.000344078289345, 0.000462485739263, 0.000465260382043, 0.000630853406619, 0.000622884021141, 0.00045591959497, 0.000728336686734, 0.000745965575334, 0.000739421637263, 0.000838476466015, 0.000464088981971, 0.000260933651589, 0.000192151157535, 0.000162896147231, 0.000127727456857, 2.51468882198e-05, 1.71344076705e-08, 5.17769715991e-10],
        "min": [3.85812848336e-09, 2.13005328931e-08, 3.50462272536e-08, 2.03119077113e-09, 6.58870424886e-09, 3.56432128257e-09, 8.22522672195e-09, 2.01167011937e-08, 4.94711160925e-09, 2.99849958196e-08, 4.88249938257e-08, 2.78935239351e-08, 2.09432986509e-08, 8.67550369321e-08, 2.96358511065e-08, 1.87446875799e-08, 8.11104872156e-09, 2.43401760969e-08, 1.43279237363e-08, 2.58942307596e-08, 3.44016104492e-09, 3.70925534732e-09, 3.1422104918e-09, 1.77131420642e-09, 2.45000936205e-10, 3.22572068882e-12, 3.9326961826e-12],
        "var": [3.80595366778e-07, 8.47248884384e-05, 1.67307498486e-05, 2.30622072195e-06, 3.83804899684e-06, 1.89567140296e-06, 1.62208698384e-06, 1.9998233256e-06, 2.33179871429e-05, 2.38772622652e-06, 1.6318354028e-05, 3.06783522319e-06, 1.14590720841e-05, 3.75405124942e-06, 2.49165987043e-06, 2.84415887108e-06, 8.0114358525e-07, 4.38330516772e-07, 4.80655558022e-07, 1.5623697891e-07, 8.36149567363e-08, 3.94419679139e-08, 2.42797266736e-08, 1.18540235405e-08, 2.20089590997e-09, 1.34964249876e-15, 5.07047984297e-17]
    },
    "erbbands": {
        "dmean": [0.168956741691, 1.24836802483, 3.00154018402, 2.89831614494, 4.33015584946, 3.8217754364, 4.35082006454, 6.6889424324, 6.8450255394, 9.7342338562, 11.7128648758, 42.4836006165, 21.9574565887, 23.2725028992, 52.6761665344, 24.9053077698, 53.465259552, 36.7689094543, 33.0761871338, 37.2224884033, 32.7695617676, 25.5250415802, 20.961107254, 18.5240402222, 17.5664653778, 11.4646959305, 7.75515222549, 5.70700311661, 3.93102836609, 3.2062830925, 2.39508938789, 1.49630713463, 0.941946268082, 0.322923928499, 0.025913849473, 0.00112438935321, 5.7562643633e-05, 8.75931073097e-06, 5.88149123359e-06, 1.12272400656e-05],
        "dmean2": [0.282576650381, 2.06179499626, 5.16493654251, 4.98791742325, 7.66167497635, 6.53287172318, 7.28366184235, 10.9648189545, 11.1189517975, 16.1020545959, 18.7318878174, 68.5570602417, 35.416179657, 36.6512718201, 82.9966430664, 39.1192398071, 84.7636184692, 57.2603416443, 51.9998435974, 55.8812904358, 51.9749679565, 41.5687522888, 33.9994735718, 30.3165378571, 28.6038475037, 18.6949577332, 13.1433820724, 9.96511650085, 6.63692903519, 5.29217243195, 3.96926808357, 2.4629471302, 1.53187429905, 0.497676610947, 0.0395338051021, 0.00170850194991, 8.74451288837e-05, 1.38524219437e-05, 9.42903261603e-06, 1.78646278073e-05],
        "dvar": [0.115194000304, 3.31744670868, 14.8659057617, 12.6946268082, 71.6628875732, 36.7443161011, 37.6945762634, 178.904342651, 254.370864868, 511.863769531, 625.500366211, 14616.8271484, 3051.31323242, 2252.68554688, 15661.8232422, 3777.11694336, 14861.984375, 5696.04150391, 3229.24755859, 6065.66259766, 2273.45727539, 966.11541748, 600.557373047, 407.087921143, 425.746887207, 185.824920654, 158.123748779, 124.951248169, 46.1132507324, 22.0951728821, 13.3608865738, 4.37700366974, 1.77255189419, 0.447124689817, 0.00617876043543, 1.06932520794e-05, 1.65799782792e-08, 2.49125831076e-10, 5.0490032294e-11, 1.68388539223e-10],
        "dvar2": [0.296037703753, 8.20075511932, 41.2145462036, 36.9711914062, 196.790100098, 98.8906860352, 98.0852432251, 427.927215576, 604.21862793, 1270.35449219, 1418.36950684, 36177.8554688, 7333.05078125, 5273.19189453, 40082.5742188, 9496.39160156, 37510.2070312, 13712.0234375, 7969.43505859, 12970.7109375, 5596.50927734, 2393.52319336, 1456.55834961, 1067.03723145, 1053.84521484, 463.322601318, 441.413787842, 356.281524658, 126.322212219, 56.5865516663, 34.7603340149, 10.8860425949, 4.43372154236, 0.817622423172, 0.012228817679, 2.08699839277e-05, 3.17815000983e-08, 5.5227805662e-10, 1.29679864069e-10, 4.21054247024e-10],
        "max": [3.20864629745, 15.2068767548, 31.4641494751, 32.2382698059, 81.086555481, 80.8454818726, 76.5336990356, 322.857818604, 351.508300781, 529.150939941, 639.981506348, 1903.79797363, 872.991088867, 843.2265625, 1587.10742188, 1443.77331543, 1766.07592773, 1330.48950195, 913.58807373, 1593.88134766, 680.063781738, 450.713500977, 368.010467529, 366.052368164, 335.944854736, 192.027877808, 128.939025879, 120.316734314, 84.6931838989, 66.5736846924, 60.8176002502, 37.0682640076, 18.614616394, 24.2614593506, 3.46393632889, 0.143965959549, 0.00533469906077, 0.00049147370737, 9.46395157371e-05, 0.000118598109111],
        "mean": [0.20466144383, 2.0073735714, 5.67959308624, 5.19856071472, 4.93671035767, 5.06027603149, 6.37686443329, 9.57745742798, 9.25281143188, 12.6108589172, 16.5207214355, 47.702091217, 29.8425827026, 36.7967910767, 76.5242233276, 43.9327964783, 84.3434524536, 61.5385398865, 58.5987663269, 71.2462387085, 69.3663330078, 56.9850578308, 50.362247467, 46.3993492126, 43.05676651, 26.547586441, 16.0696220398, 10.8428421021, 8.49491882324, 7.05351114273, 5.44756507874, 3.50430321693, 2.22689557076, 0.73175317049, 0.0511398650706, 0.00234779599123, 0.00015638169134, 2.82392902591e-05, 2.4904800739e-05, 4.33486347902e-05],
        "median": [0.109123058617, 1.45072698593, 4.70184707642, 4.51111555099, 2.77101707458, 3.14575815201, 4.38981533051, 5.67236042023, 5.23116016388, 5.70237731934, 7.79650402069, 15.6509160995, 13.6174345016, 14.8582134247, 20.234708786, 20.7574806213, 31.0398349762, 30.4742679596, 31.2032852173, 30.3973026276, 41.8526725769, 46.1467323303, 43.3008079529, 40.9756889343, 37.3835372925, 22.5329647064, 13.8592166901, 8.76966285706, 6.98033905029, 5.6693406105, 4.43120241165, 2.93856716156, 1.91511285305, 0.575856864452, 0.0370858833194, 0.00176088698208, 0.0001312445238, 2.57865394815e-05, 2.46884628723e-05, 4.15636386606e-05],
        "min": [8.40779136979e-07, 4.43165208708e-06, 3.37529017997e-05, 2.44841430685e-05, 1.27725134007e-05, 2.09220743272e-05, 3.66437416233e-05, 2.29204342759e-05, 9.22026592889e-05, 0.000320784078212, 0.000283520959783, 0.000151684158482, 0.000595532823354, 0.00123585283291, 0.00205573905259, 0.000955616531428, 0.00107024051249, 0.00189259939361, 0.00477952556685, 0.00109945982695, 0.000688865315169, 0.000565819034819, 0.00112678855658, 0.000871340744197, 0.000969212909695, 0.00131558452267, 0.000312950491207, 0.000136409958941, 0.000108513064333, 0.000142032906297, 8.37239276734e-05, 4.01821635023e-05, 3.0406337828e-05, 6.99279371474e-06, 2.0391624389e-07, 2.29917720418e-08, 8.3816660279e-09, 2.07962180809e-09, 9.10384601038e-10, 6.82812084651e-10],
        "var": [0.105921454728, 3.88740086555, 20.4371089935, 14.4553947449, 57.5035514832, 43.6864891052, 44.6012153625, 213.535247803, 279.644561768, 559.835144043, 794.644958496, 15416.0107422, 3419.29663086, 3902.85864258, 26423.8027344, 5291.19824219, 26217.2070312, 8628.40527344, 6012.7578125, 13691.7167969, 6208.13867188, 2312.90771484, 1372.16369629, 1068.375, 1002.5512085, 368.968231201, 164.88104248, 104.940933228, 54.3346748352, 35.5072822571, 20.708158493, 7.57026433945, 2.77712106705, 0.824021220207, 0.00878787785769, 1.56951955432e-05, 2.80243970252e-08, 4.10949496654e-10, 8.88902076945e-11, 3.03426811454e-10]
    },
    "gfcc": {
        "mean": [27.057636261, 108.258544922, -162.328277588, 71.5925979614, -61.5097808838, 33.0845298767, -30.2200775146, 7.43070840836, -7.93702745438, -16.4517192841, 6.54641008377, -19.1971549988, 3.72119379044],
        "cov": [[1400.09436035, 73.3638763428, -68.5011062622, 8.64207553864, -6.18148231506, -21.2669696808, -60.6455879211, 7.28029537201, 8.30319976807, -11.9391088486, -25.6460704803, -13.7434492111, -4.27691411972], [73.3638763428, 350.034576416, 92.8451080322, 57.1592941284, 107.024742126, -45.8948860168, 35.8054618835, -33.5053825378, 23.8836746216, -22.0655250549, 5.21410989761, -35.3821220398, -4.65352487564], [-68.5011062622, 92.8451080322, 334.379669189, 167.21836853, 8.04162788391, 0.263339787722, -43.6871185303, 24.7694988251, -3.42302131653, 17.0644245148, -6.95178222656, 4.43300628662, -10.3168725967], [8.64207553864, 57.1592941284, 167.21836853, 250.051483154, 73.5590667725, -62.6939430237, -40.5042228699, 19.4110279083, 45.1529693604, 17.5968570709, -27.0502490997, -15.0607538223, 8.41198062897], [-6.18148231506, 107.024742126, 8.04162788391, 73.5590667725, 171.373809814, 18.7387008667, 8.12666606903, 9.5400018692, 19.4551315308, -3.25495004654, -0.714363217354, -17.5315170288, 17.2742881775], [-21.2669696808, -45.8948860168, 0.263339787722, -62.6939430237, 18.7387008667, 151.964904785, 65.9732131958, -8.85754776001, -37.4075584412, -4.80844640732, 27.9616241455, 24.3402175903, -13.2014532089], [-60.6455879211, 35.8054618835, -43.6871185303, -40.5042228699, 8.12666606903, 65.9732131958, 142.699386597, 5.79335737228, -11.159412384, -13.0340824127, 33.6536331177, 17.0006370544, -6.23521709442], [7.28029537201, -33.5053825378, 24.7694988251, 19.4110279083, 9.5400018692, -8.85754776001, 5.79335737228, 89.0056304932, 38.9224243164, 8.70726490021, -11.5385656357, -1.85470795631, 8.02599239349], [8.30319976807, 23.8836746216, -3.42302131653, 45.1529693604, 19.4551315308, -37.4075584412, -11.159412384, 38.9224243164, 112.735366821, 35.4990959167, -23.7511711121, -26.9539356232, 10.0273599625], [-11.9391088486, -22.0655250549, 17.0644245148, 17.5968570709, -3.25495004654, -4.80844640732, -13.0340824127, 8.70726490021, 35.4990959167, 61.0709838867, 10.280705452, -2.0623395443, 3.35118889809], [-25.6460704803, 5.21410989761, -6.95178222656, -27.0502490997, -0.714363217354, 27.9616241455, 33.6536331177, -11.5385656357, -23.7511711121, 10.280705452, 72.9718475342, 39.8306617737, -1.45955336094], [-13.7434492111, -35.3821220398, 4.43300628662, -15.0607538223, -17.5315170288, 24.3402175903, 17.0006370544, -1.85470795631, -26.9539356232, -2.0623395443, 39.8306617737, 62.718296051, 18.5190811157], [-4.27691411972, -4.65352487564, -10.3168725967, 8.41198062897, 17.2742881775, -13.2014532089, -6.23521709442, 8.02599239349, 10.0273599625, 3.35118889809, -1.45955336094, 18.5190811157, 48.6346931458]],
        "icov": [[0.000953353825025, -0.00166126538534, 0.00177004188299, -0.00151608872693, 0.0017213281244, -0.00186949304771, 0.00176917621866, -0.00167400913779, 0.000924363033846, -0.0004913470475, 0.00023281518952, -0.00027791573666, -9.71005574684e-05], [-0.00166126538534, 0.0140448659658, -0.0117266187444, 0.0100910402834, -0.0131748933345, 0.0136223910376, -0.01072972361, 0.0122869918123, -0.00772194424644, 0.0063403067179, -0.00241842819378, 0.00298267160542, 0.00188563228585], [0.00177004188299, -0.0117266187444, 0.0160280875862, -0.0139170968905, 0.0132264094427, -0.0143345156685, 0.0111595997587, -0.0125560797751, 0.00845827907324, -0.0056383414194, 0.000677160220221, -0.00152363162488, -0.00100010703318], [-0.00151608872693, 0.0100910402834, -0.0139170968905, 0.0182362813503, -0.0150942234322, 0.0153945637867, -0.0095084272325, 0.0107786683366, -0.00797027815133, 0.00264760456048, 0.00294110248797, -0.00294294883497, 0.00393768679351], [0.0017213281244, -0.0131748933345, 0.0132264094427, -0.0150942234322, 0.0228044390678, -0.0179146900773, 0.0114492038265, -0.0128915430978, 0.00702574243769, -0.00238323467784, -0.00404919870198, 0.00636485032737, -0.00888951960951], [-0.00186949304771, 0.0136223910376, -0.0143345156685, 0.0153945637867, -0.0179146900773, 0.0262969993055, -0.0158128812909, 0.0132707413286, -0.00569920241833, 0.00231582089327, 0.00236560148187, -0.00466332351789, 0.00758152641356], [0.00176917621866, -0.01072972361, 0.0111595997587, -0.0095084272325, 0.0114492038265, -0.0158128812909, 0.01952900365, -0.0115735745057, 0.00443164585158, -0.000456093199318, -0.0043719606474, 0.000187762358109, -0.0018893503584], [-0.00167400913779, 0.0122869918123, -0.0125560797751, 0.0107786683366, -0.0128915430978, 0.0132707413286, -0.0115735745057, 0.0254975892603, -0.012461415492, 0.00561743648723, 0.00146936462261, -0.00144782382995, 0.00176774838474], [0.000924363033846, -0.00772194424644, 0.00845827907324, -0.00797027815133, 0.00702574243769, -0.00569920241833, 0.00443164585158, -0.012461415492, 0.0215260870755, -0.0128787364811, 0.00386897940189, 0.0033812308684, -0.00362473796122], [-0.0004913470475, 0.0063403067179, -0.0056383414194, 0.00264760456048, -0.00238323467784, 0.00231582089327, -0.000456093199318, 0.00561743648723, -0.0128787364811, 0.0285039171576, -0.0122584933415, 0.00732091628015, -0.00306525290944], [0.00023281518952, -0.00241842819378, 0.000677160220221, 0.00294110248797, -0.00404919870198, 0.00236560148187, -0.0043719606474, 0.00146936462261, 0.00386897940189, -0.0122584933415, 0.0329338014126, -0.0243867300451, 0.0110226608813], [-0.00027791573666, 0.00298267160542, -0.00152363162488, -0.00294294883497, 0.00636485032737, -0.00466332351789, 0.000187762358109, -0.00144782382995, 0.0033812308684, 0.00732091628015, -0.0243867300451, 0.0439923256636, -0.0215015541762], [-9.71005574684e-05, 0.00188563228585, -0.00100010703318, 0.00393768679351, -0.00888951960951, 0.00758152641356, -0.0018893503584, 0.00176774838474, -0.00362473796122, -0.00306525290944, 0.0110226608813, -0.0215015541762, 0.0339982137084]]
    },
    "melbands": {
        "dmean": [0.00149189832155, 0.00149471708573, 0.000533494981937, 0.000289044808596, 0.000148560924572, 0.000142771008541, 0.000106955179945, 0.00010859730537, 0.000105050217826, 0.000283710687654, 0.000109145519673, 8.93971446203e-05, 0.000197791596293, 7.6982731116e-05, 9.25593776628e-05, 0.000123816062114, 6.83373509673e-05, 6.5392581746e-05, 4.73489999422e-05, 4.74167136417e-05, 4.12907174905e-05, 2.87027232844e-05, 2.59632070083e-05, 1.76452449523e-05, 1.65998208104e-05, 1.5780899048e-05, 1.03631919046e-05, 7.98571636551e-06, 5.54440839551e-06, 4.29694000559e-06, 3.30296006723e-06, 2.3728805445e-06, 2.28013914239e-06, 1.77912727395e-06, 1.59023170454e-06, 1.15679699775e-06, 9.62473677646e-07, 7.95827304501e-07, 4.87485976919e-07, 2.33332798416e-07],
        "dmean2": [0.00247556087561, 0.00253040133975, 0.000928323308472, 0.000498681911267, 0.000249173521297, 0.000233045619098, 0.000175231267349, 0.000177790730959, 0.000168799670064, 0.000457082031062, 0.000176662710146, 0.000141336393426, 0.00030910372152, 0.000123248013551, 0.000147070531966, 0.000197528104763, 0.000107811327325, 0.000104536411527, 7.37025911803e-05, 7.16893337085e-05, 6.74691982567e-05, 4.68290963909e-05, 4.24030004069e-05, 2.90133539238e-05, 2.74283665931e-05, 2.6138706744e-05, 1.67654743564e-05, 1.3089253116e-05, 9.37248933042e-06, 7.43973532735e-06, 5.7755069065e-06, 4.05088212574e-06, 3.7437539504e-06, 2.94182541438e-06, 2.65950643552e-06, 1.90654600374e-06, 1.61953039424e-06, 1.31982801577e-06, 7.75151931975e-07, 3.58819363555e-07],
        "dvar": [7.24926621842e-06, 3.8070370465e-06, 4.44404804512e-07, 2.58155466781e-07, 4.10067713119e-08, 7.45882715592e-08, 6.25069205284e-08, 7.2179332733e-08, 4.40677077052e-08, 6.96442668868e-07, 7.61966703067e-08, 3.67280925673e-08, 2.22376840497e-07, 2.79892962141e-08, 4.28682263021e-08, 7.60146221523e-08, 2.07004546837e-08, 1.4720285435e-08, 8.13189693361e-09, 7.90266252437e-09, 3.79251519078e-09, 1.27673027706e-09, 1.02423636239e-09, 4.73925232392e-10, 3.34671235169e-10, 3.18430198876e-10, 1.50890050454e-10, 8.92266191488e-11, 6.94745441732e-11, 5.63625777994e-11, 4.29832697213e-11, 1.64915945483e-11, 1.19969104095e-11, 6.48788791788e-12, 6.07766614813e-12, 2.67529032781e-12, 1.69059861596e-12, 1.17195771317e-12, 6.97728712914e-13, 3.49571120748e-13],
        "dvar2": [1.81868235813e-05, 1.02658141259e-05, 1.2874230606e-06, 6.97845678133e-07, 1.07134923155e-07, 1.78797634476e-07, 1.49699317831e-07, 1.77988866312e-07, 1.01461623103e-07, 1.71395629422e-06, 1.83665662234e-07, 8.64360174546e-08, 5.51062385057e-07, 7.10479781674e-08, 1.00839791628e-07, 1.93359980472e-07, 5.01653119045e-08, 3.72710751151e-08, 1.81616393036e-08, 1.65715405842e-08, 9.44957978533e-09, 3.19297366325e-09, 2.49234477501e-09, 1.21855037172e-09, 8.96173746323e-10, 7.99561084008e-10, 3.73130415454e-10, 2.26881097243e-10, 1.93089932932e-10, 1.59974297698e-10, 1.23109550332e-10, 4.53451651228e-11, 3.12051565143e-11, 1.67986579508e-11, 1.63812973603e-11, 6.35492309817e-12, 4.37921574004e-12, 3.08033980267e-12, 1.53796485096e-12, 6.63806466392e-13],
        "max": [0.0253177247941, 0.0174829028547, 0.00661898497492, 0.00474849622697, 0.00211383868009, 0.00647316174582, 0.00522644398734, 0.00686199683696, 0.00453818636015, 0.0139050148427, 0.00453866040334, 0.00375275732949, 0.0061346301809, 0.00225061643869, 0.00363678950816, 0.00360540580004, 0.00294575002044, 0.00209817127325, 0.00143471732736, 0.00170682673343, 0.000931306858547, 0.000523367605638, 0.000546932220459, 0.000421674834797, 0.000337227596901, 0.000244182214374, 0.00019782265008, 0.000132380693685, 9.33583869482e-05, 7.85160955274e-05, 6.74232578604e-05, 5.61664201086e-05, 4.07225852541e-05, 4.13902998844e-05, 4.18317249569e-05, 2.64424015768e-05, 2.21023092308e-05, 1.53997389134e-05, 2.11293772736e-05, 2.47821189987e-05],
        "mean": [0.00211176485755, 0.00293844542466, 0.000928805035073, 0.000356399134034, 0.000226895572268, 0.000209533449379, 0.000141162017826, 0.000140587872011, 0.000141453740071, 0.000314139440889, 0.000143537399708, 0.000133293593535, 0.000276645994745, 0.000123192789033, 0.00014137137623, 0.000183266587555, 0.000105880397314, 0.000101263874967, 8.31066354294e-05, 9.15803102544e-05, 7.92728751549e-05, 5.69302865188e-05, 5.42311572644e-05, 3.86891952076e-05, 3.72423382942e-05, 3.63220751751e-05, 2.31540125242e-05, 1.63739514392e-05, 1.0577186913e-05, 7.68920108385e-06, 5.76009369979e-06, 4.75299520986e-06, 4.51583173344e-06, 3.67873076357e-06, 3.2928201108e-06, 2.46696072281e-06, 2.05129776987e-06, 1.70977807556e-06, 1.07838798158e-06, 4.53296507885e-07],
        "median": [0.0013699834235, 0.00255977874622, 0.00078981788829, 0.000207568824408, 0.000162352240295, 0.000131040069391, 7.97913671704e-05, 6.17463228991e-05, 6.63414757582e-05, 9.85964870779e-05, 6.33195304545e-05, 5.56782906642e-05, 6.69008441037e-05, 5.25262585143e-05, 5.88977054576e-05, 6.39519057586e-05, 5.16600230185e-05, 4.79224509036e-05, 3.44768159266e-05, 4.28065322922e-05, 4.71182938782e-05, 4.33636305388e-05, 4.37321250502e-05, 3.28743117279e-05, 3.1782888982e-05, 3.12700794893e-05, 1.9419738237e-05, 1.32568029585e-05, 8.92070875125e-06, 6.21787239652e-06, 4.43838371211e-06, 3.86296687793e-06, 3.50501682078e-06, 2.88591218123e-06, 2.61262744061e-06, 1.97867530005e-06, 1.71043279806e-06, 1.44100340549e-06, 8.72847181199e-07, 3.31312264734e-07],
        "min": [6.53725562572e-09, 1.3642089236e-08, 4.08358147297e-09, 1.30932431563e-09, 1.14276410557e-09, 6.27406127052e-10, 1.39286360223e-09, 4.12550438256e-09, 1.82921433556e-09, 8.85003514917e-10, 3.24168003552e-09, 4.91903850985e-09, 7.10999881193e-09, 4.47628067946e-09, 1.02660968615e-09, 2.57548316007e-09, 3.8286254167e-09, 9.96870852532e-09, 1.41265132925e-09, 1.43657741258e-09, 6.94144686175e-10, 4.59470239633e-10, 9.24468279706e-10, 1.13344855723e-09, 6.17538964409e-10, 6.49699349875e-10, 7.04250713301e-10, 9.80628356295e-10, 2.13975406838e-10, 6.78676073673e-11, 7.67345215147e-11, 4.20696741332e-11, 1.02694137916e-10, 6.76152606127e-11, 5.19837055346e-11, 4.21867471512e-11, 1.57036640636e-11, 2.45452495135e-11, 1.57549910618e-11, 2.00326756052e-12],
        "var": [7.23656603441e-06, 4.56804582427e-06, 4.71413017067e-07, 2.43440041459e-07, 5.08182012027e-08, 9.01960603983e-08, 6.64742216827e-08, 7.71367254515e-08, 5.56608270585e-08, 7.34514401302e-07, 8.39432487965e-08, 5.93624562839e-08, 3.79294363029e-07, 4.51959465408e-08, 7.0523441309e-08, 1.23580107925e-07, 2.93605850743e-08, 2.36029098488e-08, 1.7935693819e-08, 1.98975094179e-08, 8.65807692207e-09, 2.83418111202e-09, 2.10434314418e-09, 8.76129724325e-10, 8.06884115079e-10, 7.53906159723e-10, 3.27218724339e-10, 1.61635066442e-10, 7.71877978201e-11, 5.04954307534e-11, 3.50012206718e-11, 1.89300710524e-11, 1.76755190345e-11, 1.02369319618e-11, 8.53339014034e-12, 4.71889237755e-12, 2.62243677294e-12, 1.68388122456e-12, 1.1602687127e-12, 5.56312537269e-13]
    },
    "mfcc": {
        "mean": [-582.181640625, 97.0184707642, -16.1745948792, 27.3480205536, 11.2857532501, 12.2435340881, 8.36986064911, 13.6557855606, -0.371635735035, 8.01923084259, 0.219390675426, 3.35498714447, -1.08901894093],
        "cov": [[1463.00390625, 34.7575874329, -128.95993042, -1.30461275578, 2.33626270294, -30.8364391327, -68.9359664917, -15.8301858902, -0.0298095513135, 3.59715461731, -9.43052482605, -30.8637084961, -0.754391014576], [34.7575874329, 321.631500244, -4.30166435242, 46.0842552185, 41.1238822937, 24.8543586731, 34.0959243774, 1.76048994064, 5.18779182434, -10.8717746735, 12.2783632278, 3.72161149979, -6.07699203491], [-128.95993042, -4.30166435242, 317.88949585, 99.6300201416, 31.3295402527, 5.3130068779, -8.87607002258, -3.84351992607, -6.05257940292, -16.1069946289, 9.60817527771, 29.8880710602, 0.593272149563], [-1.30461275578, 46.0842552185, 99.6300201416, 293.956085205, 112.749076843, -30.6318359375, -54.9374504089, -32.2958297729, 61.8136978149, 16.484041214, -13.5456104279, 26.1862049103, 13.9439277649], [2.33626270294, 41.1238822937, 31.3295402527, 112.749076843, 183.067321777, 3.19513130188, -28.4477386475, -20.1605644226, 38.8698616028, 27.1746578217, -20.4377841949, -2.23063349724, 14.6688919067], [-30.8364391327, 24.8543586731, 5.3130068779, -30.6318359375, 3.19513130188, 118.436576843, 59.201133728, 13.5886487961, -14.185503006, -9.81941604614, 17.4252376556, -0.67276674509, -5.43331670761], [-68.9359664917, 34.0959243774, -8.87607002258, -54.9374504089, -28.4477386475, 59.201133728, 145.603179932, 57.378238678, -38.2962226868, -41.3271026611, 10.5048904419, 11.1669483185, 0.0976500958204], [-15.8301858902, 1.76048994064, -3.84351992607, -32.2958297729, -20.1605644226, 13.5886487961, 57.378238678, 87.5294647217, 2.86915540695, -7.25114679337, 3.97791075706, 2.4497897625, 7.7817234993], [-0.0298095513135, 5.18779182434, -6.05257940292, 61.8136978149, 38.8698616028, -14.185503006, -38.2962226868, 2.86915540695, 97.0360412598, 47.0122833252, 2.49860572815, -5.89211797714, 4.66122961044], [3.59715461731, -10.8717746735, -16.1069946289, 16.484041214, 27.1746578217, -9.81941604614, -41.3271026611, -7.25114679337, 47.0122833252, 87.1117248535, 15.5378904343, -4.80823802948, -1.5284229517], [-9.43052482605, 12.2783632278, 9.60817527771, -13.5456104279, -20.4377841949, 17.4252376556, 10.5048904419, 3.97791075706, 2.49860572815, 15.5378904343, 62.5916748047, 17.2796669006, -2.31340837479], [-30.8637084961, 3.72161149979, 29.8880710602, 26.1862049103, -2.23063349724, -0.67276674509, 11.1669483185, 2.4497897625, -5.89211797714, -4.80823802948, 17.2796669006, 55.660030365, 17.3691005707], [-0.754391014576, -6.07699203491, 0.593272149563, 13.9439277649, 14.6688919067, -5.43331670761, 0.0976500958204, 7.7817234993, 4.66122961044, -1.5284229517, -2.31340837479, 17.3691005707, 54.9718894958]],
