{
"lowlevel": {
    "average_loudness": 0.973852276802,
    "barkbands_crest": {
        "dmean": 3.68981838226,
        "dmean2": 5.96109580994,
        "dvar": 11.8293542862,
        "dvar2": 27.0833034515,
        "max": 24.1330013275,
        "mean": 9.50221920013,
        "median": 8.34685134888,
        "min": 2.31281614304,
        "var": 21.9326095581
    },
    "barkbands_flatness_db": {
        "dmean": 0.0306038353592,
        "dmean2": 0.0464074648917,
        "dvar": 0.000825111521408,
        "dvar2": 0.0017005763948,
        "max": 0.28245818615,
        "mean": 0.107590563595,
        "median": 0.0997151657939,
        "min": 0.0166153386235,
        "var": 0.00227450649254
    },
    "barkbands_kurtosis": {
        "dmean": 4.59934616089,
        "dmean2": 7.41168069839,
        "dvar": 58.7245826721,
        "dvar2": 141.297607422,
        "max": 67.2652282715,
        "mean": 3.75959658623,
        "median": 0.735264539719,
        "min": -1.85303509235,
        "var": 65.8202285767
    },
    "barkbands_skewness": {
        "dmean": 0.913136124611,
        "dmean2": 1.38437724113,
        "dvar": 0.922159433365,
        "dvar2": 1.95753920078,
        "max": 7.36636161804,
        "mean": 1.47372996807,
        "median": 1.21353125572,
        "min": -2.38111686707,
        "var": 2.00105857849
    },
    "barkbands_spread": {
        "dmean": 10.5991744995,
        "dmean2": 16.5380725861,
        "dvar": 122.603469849,
        "dvar2": 249.883010864,
        "max": 116.843948364,
        "mean": 30.3556537628,
        "median": 28.2605991364,
        "min": 2.69420814514,
        "var": 269.002441406
    },
    "dissonance": {
        "dmean": 0.0156671125442,
        "dmean2": 0.0256365686655,
        "dvar": 0.000403289304813,
        "dvar2": 0.000985328340903,
        "max": 0.500000059605,
        "mean": 0.47460091114,
        "median": 0.481754004955,
        "min": 0.299517005682,
        "var": 0.000565751281101
    },
    "dynamic_complexity": 2.98320245743,
    "erbbands_crest": {
        "dmean": 2.91763782501,
        "dmean2": 4.6285533905,
        "dvar": 9.25395011902,
        "dvar2": 22.5688247681,
        "max": 25.3037528992,
        "mean": 7.72855186462,
        "median": 6.44906616211,
        "min": 2.08167982101,
        "var": 18.4442043304
    },
    "erbbands_flatness_db": {
        "dmean": 0.0218160487711,
        "dmean2": 0.0306920800358,
        "dvar": 0.00044922818779,
        "dvar2": 0.000867114635184,
        "max": 0.276523143053,
        "mean": 0.1292180866,
        "median": 0.120916724205,
        "min": 0.052238445729,
        "var": 0.00154923379887
    },
    "erbbands_kurtosis": {
        "dmean": 1.14964091778,
        "dmean2": 1.84048724174,
        "dvar": 2.6038942337,
        "dvar2": 6.43920755386,
        "max": 19.5170536041,
        "mean": 0.0860844701529,
        "median": -0.54243350029,
        "min": -1.7885748148,
        "var": 3.67043709755
    },
    "erbbands_skewness": {
        "dmean": 0.497976899147,
        "dmean2": 0.751582145691,
        "dvar": 0.22288274765,
        "dvar2": 0.500792264938,
        "max": 3.4386742115,
        "mean": -0.190056681633,
        "median": -0.246131971478,
        "min": -3.43263626099,
        "var": 0.608595430851
    },
    "erbbands_spread": {
        "dmean": 13.4916505814,
        "dmean2": 20.5117149353,
        "dvar": 177.07901001,
        "dvar2": 380.615356445,
        "max": 144.683181763,
        "mean": 49.2405967712,
        "median": 48.1376190186,
        "min": 6.10876655579,
        "var": 483.837738037
    },
    "hfc": {
        "dmean": 13.1802444458,
        "dmean2": 19.6486415863,
        "dvar": 363.456115723,
        "dvar2": 823.116516113,
        "max": 213.10118103,
        "mean": 23.4734897614,
        "median": 15.664513588,
        "min": 1.23096717421e-16,
        "var": 591.94519043
    },
    "melbands_crest": {
        "dmean": 4.28641033173,
        "dmean2": 6.74231386185,
        "dvar": 12.9979944229,
        "dvar2": 30.7887973785,
        "max": 31.1933937073,
        "mean": 13.3921766281,
        "median": 12.3276557922,
        "min": 1.96839141846,
        "var": 30.4515361786
    },
    "melbands_flatness_db": {
        "dmean": 0.0407783426344,
        "dmean2": 0.0613797828555,
        "dvar": 0.0015005673049,
        "dvar2": 0.0029554378707,
        "max": 0.369419306517,
        "mean": 0.172388002276,
        "median": 0.163646385074,
        "min": 0.00508369505405,
        "var": 0.00454067904502
    },
    "melbands_kurtosis": {
        "dmean": 14.9609775543,
        "dmean2": 23.2688503265,
        "dvar": 610.808227539,
        "dvar2": 1380.57971191,
        "max": 211.24041748,
        "mean": 17.9852542877,
        "median": 7.54901123047,
        "min": -1.83191144466,
        "var": 796.898925781
    },
    "melbands_skewness": {
        "dmean": 1.32743501663,
        "dmean2": 1.98170542717,
        "dvar": 2.17970657349,
        "dvar2": 4.39838695526,
        "max": 13.0907974243,
        "mean": 3.08423161507,
        "median": 2.62919735909,
        "min": -0.96206843853,
        "var": 5.00434207916
    },
    "melbands_spread": {
        "dmean": 14.5764932632,
        "dmean2": 22.9527111053,
        "dvar": 383.620788574,
        "dvar2": 849.813842773,
        "max": 252.777145386,
        "mean": 31.8318595886,
        "median": 26.3485927582,
        "min": 1.64485776424,
        "var": 701.60369873
    },
    "pitch_salience": {
        "dmean": 0.0974769666791,
        "dmean2": 0.155008926988,
        "dvar": 0.00852709449828,
        "dvar2": 0.0187747143209,
        "max": 0.821622550488,
        "mean": 0.605601608753,
        "median": 0.636913180351,
        "min": 0.150606840849,
        "var": 0.0173488035798
    },
    "silence_rate_20dB": {
        "dmean": 0,
        "dmean2": 0,
        "dvar": 0,
        "dvar2": 0,
        "max": 1,
        "mean": 1,
        "median": 1,
        "min": 1,
        "var": 0
    },
    "silence_rate_30dB": {
        "dmean": 0.086614176631,
        "dmean2": 0.173364847898,
        "dvar": 0.0791117623448,
        "dvar2": 0.198471948504,
        "max": 1,
        "mean": 0.940991342068,
        "median": 1,
        "min": 0,
        "var": 0.0555266067386
    },
    "silence_rate_60dB": {
        "dmean": 0.0220472440124,
        "dmean2": 0.0441292338073,
        "dvar": 0.0215614065528,
        "dvar2": 0.0469091460109,
        "max": 1,
        "mean": 0.059008654207,
        "median": 0,
        "min": 0,
        "var": 0.0555273704231
    },
    "spectral_centroid": {
        "dmean": 445.917022705,
        "dmean2": 679.628845215,
        "dvar": 235741.734375,
        "dvar2": 457334.375,
        "max": 11103.5292969,
        "mean": 1808.50024414,
        "median": 1765.42102051,
        "min": 322.999847412,
        "var": 556716.25
    },
    "spectral_complexity": {
        "dmean": 6.25354337692,
        "dmean2": 8.98502731323,
        "dvar": 46.6586608887,
        "dvar2": 88.1502914429,
        "max": 58,
        "mean": 20.8890628815,
        "median": 19,
        "min": 0,
        "var": 148.361679077
    },
    "spectral_decrease": {
        "dmean": 5.23828624921e-09,
        "dmean2": 7.98653587708e-09,
        "dvar": 7.83221323126e-17,
        "dvar2": 1.69805899311e-16,
        "max": 6.71938059409e-29,
        "mean": -7.07819669543e-09,
        "median": -3.66632790794e-09,
        "min": -5.83904586904e-08,
        "var": 9.0806517835e-17
    },
    "spectral_energy": {
        "dmean": 0.0206367857754,
        "dmean2": 0.0312877707183,
        "dvar": 0.00115134485532,
        "dvar2": 0.0024977424182,
        "max": 0.223090037704,
        "mean": 0.028843857348,
        "median": 0.0158141888678,
        "min": 1.09116229957e-20,
        "var": 0.00135968544055
    },
    "spectral_energyband_high": {
        "dmean": 0.0010940276552,
        "dmean2": 0.0016614733031,
        "dvar": 4.5423607844e-06,
        "dvar2": 1.01193236333e-05,
        "max": 0.0289929825813,
        "mean": 0.00155042228289,
        "median": 0.000683363643475,
        "min": 8.17213732407e-21,
        "var": 6.44068040856e-06
    },
    "spectral_energyband_low": {
        "dmean": 0.0138211585581,
        "dmean2": 0.0215642265975,
        "dvar": 0.000993923633359,
        "dvar2": 0.00218552513979,
        "max": 0.20506888628,
        "mean": 0.0142354238778,
        "median": 0.00321302190423,
        "min": 3.48576050783e-23,
        "var": 0.00104058987927
    },
    "spectral_energyband_middle_high": {
        "dmean": 0.00339427450672,
        "dmean2": 0.00516625354066,
        "dvar": 3.40362494171e-05,
        "dvar2": 7.85132288001e-05,
        "max": 0.0576106160879,
        "mean": 0.00533609371632,
        "median": 0.00266472320072,
        "min": 1.53145906897e-21,
        "var": 5.15485517099e-05
    },
    "spectral_energyband_middle_low": {
        "dmean": 0.00688938284293,
        "dmean2": 0.0116621693596,
        "dvar": 0.000130943197291,
        "dvar2": 0.000333662115736,
        "max": 0.108886994421,
        "mean": 0.00915476959199,
        "median": 0.00592037057504,
        "min": 2.49332148735e-22,
        "var": 0.000119386764709
    },
    "spectral_entropy": {
        "dmean": 0.183903828263,
        "dmean2": 0.271184682846,
        "dvar": 0.0411374717951,
        "dvar2": 0.0859011784196,
        "max": 9.80680561066,
        "mean": 7.81426811218,
        "median": 7.81419372559,
        "min": 6.32071018219,
        "var": 0.108527377248
    },
    "spectral_flux": {
        "dmean": 0.0485222749412,
        "dmean2": 0.0748245865107,
        "dvar": 0.00381724094041,
        "dvar2": 0.00777759868652,
        "max": 0.427815407515,
        "mean": 0.113787993789,
        "median": 0.0882033109665,
        "min": 1.04458712513e-10,
        "var": 0.00675617111847
    },
    "spectral_kurtosis": {
        "dmean": 1.33273792267,
        "dmean2": 2.11126327515,
        "dvar": 2.0585975647,
        "dvar2": 5.50778388977,
        "max": 12.5559310913,
        "mean": 3.73548030853,
        "median": 3.51752138138,
        "min": -1.23866319656,
        "var": 3.97610545158
    },
    "spectral_rms": {
        "dmean": 0.00158851302695,
        "dmean2": 0.00232548848726,
        "dvar": 4.23811206929e-06,
        "dvar2": 8.23520440463e-06,
        "max": 0.0147529253736,
        "mean": 0.00457503832877,
        "median": 0.00392791023478,
        "min": 3.26274207305e-12,
        "var": 7.20938260201e-06
    },
    "spectral_rolloff": {
        "dmean": 1058.62084961,
        "dmean2": 1727.69616699,
        "dvar": 2344725.25,
        "dvar2": 4520443,
        "max": 18647.7539062,
        "mean": 2114.65942383,
        "median": 1744.18945312,
        "min": 64.599609375,
        "var": 3944685.75
    },
    "spectral_skewness": {
        "dmean": 0.248597562313,
        "dmean2": 0.37500166893,
        "dvar": 0.0574330240488,
        "dvar2": 0.132588803768,
        "max": 3.01102876663,
        "mean": 1.34167385101,
        "median": 1.3573127985,
        "min": 0.0139487599954,
        "var": 0.157929316163
    },
    "spectral_spread": {
        "dmean": 774802.375,
        "dmean2": 1061329,
        "dvar": 1.61632904806e+12,
        "dvar2": 2.21114033766e+12,
        "max": 40344452,
        "mean": 5027352.5,
        "median": 4764939.5,
        "min": 2335867,
        "var": 3.1367603159e+12
    },
    "spectral_strongpeak": {
        "dmean": 0.488409757614,
        "dmean2": 0.80699557066,
        "dvar": 0.636936724186,
        "dvar2": 1.52177810669,
        "max": 7.55713796616,
        "mean": 0.687014102936,
        "median": 0.352693349123,
        "min": 0,
        "var": 0.995298802853
    },
    "zerocrossingrate": {
        "dmean": 0.0199726261199,
        "dmean2": 0.0233289934695,
        "dvar": 0.000622437626589,
        "dvar2": 0.00071587524144,
        "max": 0.5068359375,
        "mean": 0.082386225462,
        "median": 0.07421875,
        "min": 0.009765625,
        "var": 0.00211873976514
    },
    "barkbands": {
        "dmean": [0.000370495952666, 0.0104764550924, 0.00392813514918, 0.00202894746326, 0.00289735011756, 0.00135799951386, 0.000943933788221, 0.000288989132969, 0.000798576918896, 0.00112543907017, 0.000416588038206, 0.000828588090371, 0.000535397150088, 0.000519369728863, 0.000461005227407, 0.000338561017998, 0.000269304262474, 0.00030962753226, 0.000261879147729, 0.000319487735396, 0.000321858300595, 0.000229608776863, 0.000142163276905, 0.000133858484332, 0.000118613563245, 6.4932006353e-05, 4.75474098494e-06],
        "dmean2": [0.000572986144107, 0.0169430654496, 0.00719638355076, 0.00358015089296, 0.00519448006526, 0.00230693910271, 0.0016102110967, 0.000503473216668, 0.0012984535424, 0.00185275450349, 0.000704656413291, 0.00137056643143, 0.000932526250836, 0.000870099291205, 0.000760913942941, 0.000553140009288, 0.000435265246779, 0.00048359046923, 0.000413802365074, 0.000513300241437, 0.000510618963744, 0.000356574018952, 0.000232244405197, 0.00021306425333, 0.000190742168343, 9.61436307989e-05, 7.3752080425e-06],
        "dvar": [7.72702321683e-07, 0.000639279081952, 0.000116702947707, 1.51865287989e-05, 4.53398206446e-05, 7.04700823917e-06, 1.03307365862e-05, 6.75889054946e-07, 5.53080144527e-06, 1.11802301035e-05, 2.20930655814e-06, 6.75615729051e-06, 3.34058518092e-06, 3.88593252865e-06, 2.26537645176e-06, 7.64344292747e-07, 2.02878680966e-07, 2.59302510131e-07, 1.76226322424e-07, 3.17893665169e-07, 3.57823267905e-07, 2.79904696754e-07, 1.59693982482e-07, 1.61087754691e-07, 1.40492034006e-07, 1.55804649182e-08, 9.97050705887e-11],
        "dvar2": [1.81048369541e-06, 0.00140497472603, 0.000332868861733, 4.16332877649e-05, 0.000125609280076, 1.76484445547e-05, 2.80726490018e-05, 1.91618914869e-06, 1.32865079649e-05, 2.79327086901e-05, 5.30768238605e-06, 1.70495932252e-05, 9.07644334802e-06, 1.05830067696e-05, 5.86109536016e-06, 2.02496289603e-06, 4.65915263703e-07, 6.17921386947e-07, 4.13458195681e-07, 7.80022276103e-07, 8.31668785395e-07, 5.95317601437e-07, 3.73850497226e-07, 3.85431093264e-07, 3.1743030604e-07, 3.66822874298e-08, 2.36085623273e-10],
        "max": [0.00771639076993, 0.15149538219, 0.0825431197882, 0.0322051607072, 0.088151909411, 0.0283666774631, 0.0541685633361, 0.0111563764513, 0.0458399914205, 0.0316150598228, 0.0276741199195, 0.0334778092802, 0.0217808801681, 0.0427929610014, 0.0207518171519, 0.0173102766275, 0.00670323800296, 0.00931207463145, 0.00480820052326, 0.00563287734985, 0.00735650025308, 0.00845858082175, 0.00521304504946, 0.00547266704962, 0.00493638822809, 0.00162521970924, 9.67016239883e-05],
        "mean": [0.000343885243637, 0.00973799731582, 0.00292368116789, 0.00214439351112, 0.00312421144918, 0.00155670021195, 0.000914422678761, 0.000314097444061, 0.000730980013032, 0.00103075185325, 0.00038898261846, 0.000825886439998, 0.000451640429674, 0.000486700708279, 0.000451591942692, 0.000427057442721, 0.000392425950849, 0.000467723235488, 0.000443813187303, 0.000434370478615, 0.000416916212998, 0.000280449341517, 0.000161073578056, 0.00015810522018, 0.000146010279423, 8.48177805892e-05, 5.19632385476e-06],
        "median": [3.92843248846e-05, 0.00118214450777, 0.000649609952234, 0.0010783028556, 0.00165037752595, 0.000713452289347, 0.000281617802102, 0.000131945154862, 0.000178876536665, 0.000131706125103, 8.66775662871e-05, 0.000188833713764, 9.87539897324e-05, 0.000120420350868, 0.000129164865939, 0.000224587798584, 0.000239753935602, 0.00029759525205, 0.000271575670922, 0.000170918327058, 0.000174686618266, 8.23058071546e-05, 3.73423317797e-05, 4.18111958425e-05, 4.86144017486e-05, 3.26717017742e-05, 1.28219153339e-06],
        "min": [7.72693122082e-24, 1.9022997343e-23, 4.40518743808e-24, 1.85531249666e-23, 4.2090853734e-23, 5.95714055485e-23, 3.28832692482e-23, 5.09166295416e-23, 2.03655786503e-23, 7.40726632268e-23, 6.22794514402e-23, 5.37729055528e-23, 7.34595542204e-23, 1.70440403658e-22, 1.85298592497e-22, 1.13487309495e-22, 1.71257284902e-22, 2.2261503284e-22, 2.05204355169e-22, 3.51248181415e-22, 3.63066882875e-22, 5.9847895616e-22, 5.44205982213e-22, 1.04216245057e-21, 1.22779351323e-21, 2.05829133006e-21, 2.37951670236e-21],
        "var": [7.87483884324e-07, 0.000639098056126, 7.07975850673e-05, 1.1699415154e-05, 3.13268283207e-05, 6.81552864989e-06, 7.39860615795e-06, 4.76541572425e-07, 5.04545005242e-06, 1.04683504105e-05, 2.15577506424e-06, 6.14279224465e-06, 2.37498738898e-06, 2.77507501778e-06, 1.88184162653e-06, 6.80183518398e-07, 2.83164524717e-07, 3.68520773009e-07, 2.94677960255e-07, 4.48586717994e-07, 4.69724454888e-07, 3.63062213182e-07, 1.74053155888e-07, 1.77229878773e-07, 1.51477280497e-07, 2.20096136871e-08, 1.10880693516e-10]
    },
    "erbbands": {
        "dmean": [0.345455646515, 2.36366605759, 4.5875787735, 5.9716424942, 9.23860836029, 9.18440818787, 8.33355331421, 12.2249889374, 14.9311904907, 9.13923454285, 5.64672470093, 16.3151283264, 35.5256729126, 22.6427097321, 18.6585464478, 34.4097595215, 24.2882156372, 24.0050258636, 23.7400283813, 20.5465602875, 17.0296974182, 15.085565567, 16.8069458008, 12.8110380173, 12.7346725464, 13.4732236862, 17.2798957825, 10.8296546936, 8.48439884186, 5.77552127838, 3.6709010601, 3.02260279655, 2.20645475388, 1.53950285912, 0.764845311642, 0.350499480963, 0.104889154434, 0.0184515397996, 0.000515102001373, 3.3662730857e-05],
        "dmean2": [0.562604308128, 3.81745696068, 8.40364742279, 10.6307067871, 16.4814777374, 16.4552650452, 14.4367952347, 20.825345993, 25.2885532379, 15.8707771301, 9.41445636749, 26.78865242, 57.5112037659, 36.91248703, 30.4172477722, 56.5676574707, 41.3005714417, 40.004989624, 38.9311180115, 33.5500984192, 27.3968219757, 24.0879764557, 26.3569583893, 19.9134693146, 20.1617603302, 21.5546646118, 27.432144165, 17.0263271332, 13.1547460556, 9.12038040161, 5.97698354721, 4.87628269196, 3.53359031677, 2.48339366913, 1.18468880653, 0.532230913639, 0.156623572111, 0.026849988848, 0.000762281590141, 4.78887413919e-05],
        "dvar": [0.737327635288, 32.9925689697, 167.036499023, 147.234558105, 407.373748779, 449.462890625, 197.870529175, 675.883483887, 2114.10302734, 1084.96069336, 172.644638062, 2688.30078125, 9406.61035156, 5367.45947266, 3065.96289062, 13817.8476562, 5519.54248047, 4933.77001953, 8277.24902344, 3614.87866211, 1373.75195312, 617.356689453, 706.886779785, 505.942230225, 386.707611084, 538.003479004, 1168.50463867, 449.688049316, 373.794372559, 263.596160889, 102.019874573, 84.8898925781, 47.0246543884, 26.9394340515, 4.35695362091, 0.603387892246, 0.0374312475324, 0.00101540773176, 9.31219915401e-07, 1.87540738494e-09],
        "dvar2": [1.67170035839, 78.9808654785, 471.057128906, 407.852600098, 1122.671875, 1247.35241699, 529.715942383, 1732.30358887, 5592.24707031, 3043.39746094, 455.736755371, 6761.83056641, 23096.046875, 13550.2597656, 7750.03173828, 35121.6484375, 14956.3701172, 12942.8857422, 21933.5332031, 9326.49609375, 3367.64233398, 1444.29663086, 1635.63122559, 1180.84484863, 901.404541016, 1306.28967285, 2853.92456055, 1041.36340332, 786.252563477, 608.042297363, 236.719024658, 202.617141724, 116.46521759, 63.2762985229, 9.72541713715, 1.50645005703, 0.0838903933764, 0.0021517619025, 2.06028471439e-06, 3.88398246898e-09],
        "max": [5.48516654968, 35.3170776367, 101.923423767, 98.5995788574, 243.693557739, 257.681945801, 127.447181702, 319.251342773, 633.391784668, 432.508331299, 152.209259033, 1085.26403809, 1018.83666992, 968.780029297, 748.017150879, 1559.65002441, 1003.26708984, 944.070800781, 1969.6003418, 798.384155273, 535.115966797, 402.629272461, 494.490081787, 313.98928833, 266.056671143, 225.555892944, 360.252960205, 289.089050293, 298.595184326, 278.625976562, 119.052452087, 141.074523926, 94.789024353, 71.928894043, 33.0127182007, 9.4870634079, 2.64289069176, 0.284454256296, 0.00954877957702, 0.000398399133701],
        "mean": [0.298967808485, 2.10135412216, 3.53087735176, 5.9428935051, 8.81688308716, 10.0043821335, 10.7806930542, 13.4622020721, 14.8892068863, 9.20021724701, 6.77711248398, 15.4967451096, 33.5160102844, 21.9910411835, 19.561088562, 34.5427970886, 22.7030982971, 23.3822288513, 24.1882953644, 23.417016983, 23.5161628723, 23.2406463623, 26.5729885101, 20.728931427, 21.155462265, 19.0742683411, 22.2293796539, 14.1247186661, 10.637714386, 6.54573774338, 4.23938083649, 3.39625859261, 2.59364557266, 1.8280929327, 0.935296773911, 0.438622891903, 0.137584671378, 0.023497145623, 0.00062798068393, 5.33652673766e-05],
        "median": [0.0237268935889, 0.285573422909, 0.848926186562, 2.63264250755, 4.30387020111, 5.04506206512, 6.40447902679, 6.19634532928, 5.27455234528, 3.61129903793, 3.09870672226, 4.05830097198, 5.67203378677, 3.79415822029, 5.77385473251, 7.33079433441, 5.73169660568, 5.72862529755, 6.84543132782, 8.87010288239, 13.4480028152, 15.0580673218, 17.8600387573, 12.546792984, 12.5094509125, 8.41948127747, 7.41092538834, 6.34480333328, 3.18206620216, 1.56221663952, 0.966697692871, 0.7347484231, 0.725229978561, 0.565160274506, 0.311642378569, 0.167380571365, 0.0495032928884, 0.00809173937887, 0.000210889658774, 3.17916747008e-05],
        "min": [9.54451922148e-22, 2.53886529255e-21, 4.06225369599e-21, 3.22194764966e-20, 1.166184043e-19, 7.54465038985e-20, 5.50564229584e-19, 3.86700835912e-19, 3.75983211811e-19, 4.61620496846e-19, 1.25056597805e-18, 4.76754231441e-19, 1.68154920427e-18, 3.37744751064e-18, 2.04905024759e-18, 1.74674509861e-18, 3.8127082946e-18, 7.04081082718e-18, 1.0934164682e-17, 7.71920232705e-18, 6.83797786918e-18, 8.60310850447e-18, 1.18854331398e-17, 1.32115475911e-17, 1.25833221139e-17, 1.43442597707e-17, 1.10696816818e-17, 1.85107569356e-17, 1.81700941808e-17, 1.83742373929e-17, 1.61617608649e-17, 2.13013615742e-17, 1.6617095668e-17, 1.51361776737e-17, 7.74821651422e-18, 6.7673949611e-18, 3.89838145859e-18, 1.44860532101e-18, 2.86401877917e-19, 3.93334624091e-20],
        "var": [0.699188411236, 29.9239749908, 103.353858948, 105.947593689, 280.975708008, 322.229309082, 184.179168701, 609.036315918, 1670.96655273, 705.807250977, 156.118286133, 2262.47509766, 8994.09179688, 5026.77294922, 2760.43286133, 12209.9365234, 4338.54736328, 4081.13623047, 6504.90527344, 3208.49780273, 1581.03820801, 874.899963379, 1041.30847168, 832.16229248, 652.977355957, 779.196289062, 1526.77709961, 552.254638672, 490.984954834, 297.649261475, 113.189125061, 90.7049331665, 47.9486465454, 27.0001316071, 5.14391946793, 0.70567470789, 0.0579965636134, 0.00153169757687, 1.23623590298e-06, 3.07702197055e-09]
    },
    "gfcc": {
        "mean": [5.07018709183, 67.6544113159, -108.110374451, 43.7976112366, -49.2090492249, 7.95319509506, -40.1294021606, 10.7122364044, -35.1794242859, 6.03769350052, -21.4994926453, 5.99316596985, -10.3786258698],
        "cov": [[9453.41992188, -441.156097412, -277.360778809, 26.2755908966, -298.920532227, 225.126205444, -15.7940235138, 9.74622058868, -95.3621292114, 172.169555664, -58.0877456665, 85.0743637085, -79.1247711182], [-441.156097412, 991.179443359, -204.551651001, 58.0587768555, 221.836990356, -116.521568298, 157.093658447, -41.0533943176, 29.113407135, -69.3519058228, 74.162437439, -53.4477233887, 71.1924438477], [-277.360778809, -204.551651001, 802.881164551, 199.851715088, 61.7832870483, 47.4500999451, -43.8834381104, 56.4620742798, 5.62673425674, 62.83411026, -16.337059021, 40.5707931519, -56.6718635559], [26.2755908966, 58.0587768555, 199.851715088, 448.002105713, 51.9073867798, 37.1705093384, 39.910533905, -9.3264465332, 82.7061004639, 20.5517692566, 23.3246555328, -49.0045318604, 40.5792732239], [-298.920532227, 221.836990356, 61.7832870483, 51.9073867798, 388.973846436, -9.82684898376, 78.9076461792, 48.3213615417, 14.3729219437, 26.5977306366, -12.3501358032, 16.9141864777, 8.72533798218], [225.126205444, -116.521568298, 47.4500999451, 37.1705093384, -9.82684898376, 191.608108521, 51.9871444702, -0.713458895683, 6.36403369904, 0.977149784565, 20.9567184448, 0.382802307606, 7.24029874802], [-15.7940235138, 157.093658447, -43.8834381104, 39.910533905, 78.9076461792, 51.9871444702, 212.786071777, 30.0458965302, 12.6867370605, 0.687249541283, 26.5875453949, 2.1210000515, 31.9321022034], [9.74622058868, -41.0533943176, 56.4620742798, -9.3264465332, 48.3213615417, -0.713458895683, 30.0458965302, 119.637695312, 20.7836761475, 8.72863292694, -10.0171890259, 22.3882160187, -0.350303560495], [-95.3621292114, 29.113407135, 5.62673425674, 82.7061004639, 14.3729219437, 6.36403369904, 12.6867370605, 20.7836761475, 109.925163269, 27.8641662598, 13.6480789185, -10.8506450653, 18.1875610352], [172.169555664, -69.3519058228, 62.83411026, 20.5517692566, 26.5977306366, 0.977149784565, 0.687249541283, 8.72863292694, 27.8641662598, 107.746398926, 19.7294254303, 8.41020393372, 2.47962975502], [-58.0877456665, 74.162437439, -16.337059021, 23.3246555328, -12.3501358032, 20.9567184448, 26.5875453949, -10.0171890259, 13.6480789185, 19.7294254303, 82.2517318726, 10.9733362198, 17.7168235779], [85.0743637085, -53.4477233887, 40.5707931519, -49.0045318604, 16.9141864777, 0.382802307606, 2.1210000515, 22.3882160187, -10.8506450653, 8.41020393372, 10.9733362198, 74.5871658325, -1.54550969601], [-79.1247711182, 71.1924438477, -56.6718635559, 40.5792732239, 8.72533798218, 7.24029874802, 31.9321022034, -0.350303560495, 18.1875610352, 2.47962975502, 17.7168235779, -1.54550969601, 74.4015197754]],
        "icov": [[0.000144602134242, -0.000125387436128, 0.000188718433492, -0.000222807691898, 0.000231552839978, -0.000330267765094, 8.28738993732e-05, -0.000165374425706, 0.000311064592097, -0.000556979328394, 0.00045987390331, -0.000460094190203, 0.0003311256296], [-0.000125387436128, 0.00257628876716, -0.000245012983214, 0.000592109863646, -0.00174763670657, 0.00243526999839, -0.00154372432735, 0.00137424806599, -0.0010504189413, 0.00292693637311, -0.0033950349316, 0.00251321354881, -0.00145122827962], [0.000188718433492, -0.000245012983214, 0.00226067029871, -0.00168029498309, 0.000281539978459, -0.00104878959246, 0.000755437824409, -0.00116835301742, 0.00126715668011, -0.00186422991101, 0.00125444831792, -0.00219770125113, 0.00222087744623], [-0.000222807691898, 0.000592109863646, -0.00168029498309, 0.00431563938037, -0.000999620533548, 0.000789625453763, -0.000828725460451, 0.00145466986578, -0.00300331250764, 0.00193490250967, -0.00202711089514, 0.00382246403024, -0.00280249887146], [0.000231552839978, -0.00174763670657, 0.000281539978459, -0.000999620533548, 0.00443166075274, -0.00140113290399, -0.000178426358616, -0.00171593145933, 0.00111613085028, -0.00317316083238, 0.00362326321192, -0.00279044685885, 0.00127545592841], [-0.000330267765094, 0.00243526999839, -0.00104878959246, 0.000789625453763, -0.00140113290399, 0.00858264137059, -0.00311979139224, 0.00185239349958, -0.00155071448535, 0.00375843769871, -0.00468313368037, 0.00301968329586, -0.00180249311961], [8.28738993732e-05, -0.00154372432735, 0.000755437824409, -0.000828725460451, -0.000178426358616, -0.00311979139224, 0.0073417853564, -0.00258910516277, 0.00120788731147, -0.00143904122524, 0.000357944343705, -0.00125848257449, -0.000604657107033], [-0.000165374425706, 0.00137424806599, -0.00116835301742, 0.00145466986578, -0.00171593145933, 0.00185239349958, -0.00258910516277, 0.0115603189915, -0.00376429245807, 0.00211850949563, 2.46147792495e-05, -0.00106636609416, -0.00116599875037], [0.000311064592097, -0.0010504189413, 0.00126715668011, -0.00300331250764, 0.00111613085028, -0.00155071448535, 0.00120788731147, -0.00376429245807, 0.0134123302996, -0.00491256359965, 0.000998912379146, -0.000560221145861, 5.85948655498e-05], [-0.000556979328394, 0.00292693637311, -0.00186422991101, 0.00193490250967, -0.00317316083238, 0.00375843769871, -0.00143904122524, 0.00211850949563, -0.00491256359965, 0.0157864876091, -0.00754659203812, 0.00368318264373, -0.00268606841564], [0.00045987390331, -0.0033950349316, 0.00125444831792, -0.00202711089514, 0.00362326321192, -0.00468313368037, 0.000357944343705, 2.46147792495e-05, 0.000998912379146, -0.00754659203812, 0.020541517064, -0.00779949454591, 0.000629973597825], [-0.000460094190203, 0.00251321354881, -0.00219770125113, 0.00382246403024, -0.00279044685885, 0.00301968329586, -0.00125848257449, -0.00106636609416, -0.000560221145861, 0.00368318264373, -0.00779949454591, 0.0209852140397, -0.00377706578001], [0.0003311256296, -0.00145122827962, 0.00222087744623, -0.00280249887146, 0.00127545592841, -0.00180249311961, -0.000604657107033, -0.00116599875037, 5.85948655498e-05, -0.00268606841564, 0.000629973597825, -0.00377706578001, 0.0185281001031]]
    },
    "melbands": {
        "dmean": [0.00297841173597, 0.00263770367019, 0.001090178499, 0.000716419424862, 0.000293208984658, 0.000273486657534, 0.000219284498598, 9.12921095733e-05, 4.83429648739e-05, 0.000117620184028, 0.000184263742995, 0.000101249868749, 5.89782794123e-05, 8.27466792543e-05, 8.31244688015e-05, 4.99882844451e-05, 4.63032374682e-05, 4.03673111578e-05, 3.61756574421e-05, 2.46479376074e-05, 2.04211683013e-05, 1.63552813319e-05, 1.88315261767e-05, 1.29486370497e-05, 1.09038473965e-05, 1.12578391054e-05, 7.72417570261e-06, 1.01749174064e-05, 1.32586546897e-05, 7.18364071872e-06, 6.28359612165e-06, 5.23577955391e-06, 4.09687572756e-06, 3.0217438507e-06, 2.03783179131e-06, 2.24232940127e-06, 1.76282446773e-06, 1.58126385941e-06, 1.49701384089e-06, 1.30696207634e-06],
        "dmean2": [0.0047941012308, 0.00447925878689, 0.00193078431766, 0.00129438203294, 0.000509571866132, 0.000463088450488, 0.000370776979253, 0.00016032748681, 8.02515132818e-05, 0.000192724663066, 0.000300154526485, 0.000166187281138, 9.91622218862e-05, 0.000135498004965, 0.00014025218843, 8.63799068611e-05, 7.74804648245e-05, 6.78397263982e-05, 5.98735823587e-05, 4.13498164562e-05, 3.31327682943e-05, 2.68840194622e-05, 3.03506949422e-05, 2.00548220164e-05, 1.7336478777e-05, 1.7715496142e-05, 1.26999730128e-05, 1.65276906046e-05, 2.12507020478e-05, 1.15877528515e-05, 1.00613360701e-05, 8.15436578705e-06, 6.59123134028e-06, 4.88052091896e-06, 3.30235434376e-06, 3.77208220925e-06, 2.8622237096e-06, 2.55401619143e-06, 2.44187344833e-06, 2.14594547288e-06],
        "dvar": [5.19918357895e-05, 4.59146176581e-05, 4.3899267439e-06, 3.07051504933e-06, 2.45574312885e-07, 3.26195589651e-07, 4.75768246133e-07, 1.03035560528e-07, 1.4070692167e-08, 1.39109147312e-07, 2.53069714518e-07, 1.13573719318e-07, 4.20515782196e-08, 6.33899333025e-08, 7.17801285077e-08, 2.82530390194e-08, 1.87269204588e-08, 3.47163364722e-08, 1.90123596866e-08, 6.17643092227e-09, 2.23934115695e-09, 8.12081846213e-10, 9.14717412925e-10, 5.52502932294e-10, 3.79964337771e-10, 3.22663146202e-10, 1.5885995297e-10, 3.38028993685e-10, 8.33777935583e-10, 1.8788716416e-10, 1.73352818211e-10, 1.30143035237e-10, 1.18823922923e-10, 8.12746051015e-11, 2.82489379111e-11, 6.3131083694e-11, 2.73378403248e-11, 2.36308351359e-11, 2.71809571378e-11, 1.92208662181e-11],
        "dvar2": [0.000113201152999, 0.00012306428107, 1.20441845866e-05, 8.53946949064e-06, 6.5227294499e-07, 8.23299046715e-07, 1.26263762468e-06, 2.90727967922e-07, 3.71742245875e-08, 3.45840675209e-07, 6.21077447249e-07, 2.85360812313e-07, 1.02001791902e-07, 1.52504696871e-07, 1.86289781823e-07, 7.76527997459e-08, 4.85819136031e-08, 9.28886265683e-08, 4.92768386096e-08, 1.74438934408e-08, 5.54809886921e-09, 2.03422279021e-09, 2.09131978401e-09, 1.35447730809e-09, 9.18757014912e-10, 7.72692410056e-10, 3.99417610097e-10, 8.31206048435e-10, 2.09178785404e-09, 4.5400230797e-10, 4.0210954011e-10, 2.83916778976e-10, 2.50477749653e-10, 1.99865624051e-10, 6.33467861499e-11, 1.62609620213e-10, 6.42817743479e-11, 5.85849563306e-11, 7.06186498167e-11, 4.3896039581e-11],
        "max": [0.0435625724494, 0.0498423688114, 0.0152597101405, 0.0232458095998, 0.00404757773504, 0.00649653282017, 0.0108051700518, 0.00402509840205, 0.00153970811516, 0.0078484704718, 0.00509546184912, 0.00416834373027, 0.00331196840852, 0.00336333992891, 0.00324232876301, 0.00257443054579, 0.00150483171456, 0.00446389243007, 0.00211650389247, 0.00176680192817, 0.000735945883207, 0.000427216029493, 0.000563499401323, 0.000387370178942, 0.000271806347882, 0.00020640483126, 0.000124462967506, 0.000168895508978, 0.000323643849697, 0.000170458981302, 0.00019570333825, 0.00014953831851, 0.000184333694051, 0.000148152379552, 6.90346205374e-05, 0.0001483947417, 7.32513799448e-05, 7.67727542552e-05, 8.56912665768e-05, 5.52975761821e-05],
        "mean": [0.00274047930725, 0.00220738677308, 0.00109395419713, 0.000712630106136, 0.000389955675928, 0.000302644242765, 0.000220415706281, 9.2731177574e-05, 5.47981871932e-05, 0.000107701351226, 0.00017146045866, 9.38841330935e-05, 5.80597952649e-05, 8.42252993607e-05, 7.77734167059e-05, 4.25463986176e-05, 4.32389606431e-05, 3.90764325857e-05, 3.54239600711e-05, 2.91121505143e-05, 2.68001222139e-05, 2.25363255595e-05, 2.83643457806e-05, 1.89084876183e-05, 1.62317846844e-05, 1.81523701031e-05, 1.10056707854e-05, 1.33801831907e-05, 1.64226366905e-05, 9.11004372028e-06, 7.85698648542e-06, 6.42096938464e-06, 4.5548235903e-06, 3.30036868945e-06, 2.39027076532e-06, 2.33135619965e-06, 1.96895484805e-06, 1.83332099368e-06, 1.6669254137e-06, 1.52213340243e-06],
        "median": [0.000280486827251, 0.00048134723329, 0.000529043900315, 0.000339429738233, 0.00024233237491, 0.000134077883558, 7.81908674981e-05, 3.57766803063e-05, 2.3635213438e-05, 2.54588449025e-05, 2.62619960267e-05, 1.32092736749e-05, 1.5003268345e-05, 1.94469412236e-05, 1.65053297678e-05, 9.84077450994e-06, 1.03380189103e-05, 1.04553009805e-05, 9.90529406408e-06, 1.36243734232e-05, 1.5241105757e-05, 1.33174235089e-05, 1.88801950571e-05, 1.14404838314e-05, 9.14883003134e-06, 1.06953593786e-05, 5.91466778133e-06, 5.15236479259e-06, 4.65395032734e-06, 3.88278158425e-06, 3.10304335471e-06, 1.92879542738e-06, 1.0704604847e-06, 6.93488118486e-07, 5.66325638829e-07, 4.54686642115e-07, 4.17943255115e-07, 4.85837176711e-07, 5.06230435349e-07, 4.45193791165e-07],
        "min": [7.00651425432e-24, 2.73782184095e-24, 9.015339872e-24, 5.84407051806e-24, 1.56243021511e-23, 9.27324374546e-24, 6.10664129265e-24, 6.12357221982e-24, 9.79020796248e-24, 2.79759915655e-24, 8.40367605875e-24, 1.32605719565e-23, 7.30212725678e-24, 4.62741034394e-24, 7.04042580692e-24, 8.78943614115e-24, 1.3232609204e-23, 1.88278094892e-23, 1.05554582608e-23, 9.75415465253e-24, 8.03953313174e-24, 8.24522703505e-24, 1.23391808415e-23, 9.67685101698e-24, 1.1069409818e-23, 6.81706773021e-24, 1.23226242288e-23, 9.03344501863e-24, 5.45824969337e-24, 1.10513725134e-23, 1.04840805484e-23, 1.03154047319e-23, 1.23290250462e-23, 8.65250487636e-24, 8.33286553732e-24, 1.19836901409e-23, 1.3694101511e-23, 1.24152372879e-23, 1.06080800164e-23, 1.36220280233e-23],
        "var": [5.25495997863e-05, 3.37569617841e-05, 3.19785021929e-06, 2.08744404517e-06, 2.31634544434e-07, 3.07163304569e-07, 3.69093385189e-07, 6.66506636549e-08, 1.22573364791e-08, 1.19245143537e-07, 2.4288723921e-07, 1.04276772106e-07, 3.9542982222e-08, 6.15894251155e-08, 6.56271481603e-08, 1.96625524751e-08, 1.55393991008e-08, 2.53684770968e-08, 1.50424899203e-08, 4.36893143885e-09, 2.42611730705e-09, 9.69292535125e-10, 1.30981014923e-09, 7.25649595967e-10, 5.77533632029e-10, 5.20052223507e-10, 2.12809464495e-10, 4.58036081286e-10, 1.02604924557e-09, 2.24275487071e-10, 1.99628230613e-10, 1.66613972619e-10, 1.47297632425e-10, 8.20782192212e-11, 3.30778494873e-11, 5.48967607483e-11, 3.05277851609e-11, 2.4478993485e-11, 2.34486267209e-11, 1.96934656083e-11]
    },
    "mfcc": {
        "mean": [-639.964904785, 100.02507019, -0.638362109661, 37.4128227234, 9.32820606232, 3.66205024719, 5.29055738449, -0.714293897152, 1.47482013702, -6.98196029663, -3.15662145615, -1.45097720623, -3.15414071083],
        "cov": [[6928.36669922, -325.321838379, -117.496910095, -73.8880310059, -270.276092529, 184.823348999, 17.4160900116, -19.0200538635, -23.8332691193, 49.2437896729, -25.2216129303, 33.0107841492, 42.4244918823], [-325.321838379, 948.737609863, -309.742126465, 145.999526978, 54.317653656, -31.2482681274, 103.033195496, 25.9249382019, 20.3054580688, -39.2079124451, 13.2162590027, 8.4790019989, -9.52305030823], [-117.496910095, -309.742126465, 705.064941406, 89.0004196167, 48.0724563599, 64.3493881226, -27.4454288483, 8.44595432281, -35.0378723145, 49.421875, -9.45697975159, 15.8445663452, 41.1800880432], [-73.8880310059, 145.999526978, 89.0004196167, 369.482391357, 108.547431946, 54.2837715149, 34.8386802673, 8.78113746643, 64.6017150879, 45.8736724854, 4.70253896713, 33.7164802551, 25.6191215515], [-270.276092529, 54.317653656, 48.0724563599, 108.547431946, 232.747741699, 33.890083313, 9.21506404877, 17.739938736, 30.2540206909, 15.425075531, 14.0285644531, 16.6765537262, 3.5829513073], [184.823348999, -31.2482681274, 64.3493881226, 54.2837715149, 33.890083313, 175.136077881, 53.9969367981, 6.284034729, 17.2369918823, 34.8488960266, 7.78855895996, 10.1399841309, 16.3205852509], [17.4160900116, 103.033195496, -27.4454288483, 34.8386802673, 9.21506404877, 53.9969367981, 164.731338501, 45.8823165894, 31.4910488129, 7.40157461166, 5.76019001007, 15.9631519318, 4.44662046432], [-19.0200538635, 25.9249382019, 8.44595432281, 8.78113746643, 17.739938736, 6.284034729, 45.8823165894, 128.848678589, 29.2878170013, -7.31177043915, 13.958735466, 2.39614248276, -1.00163304806], [-23.8332691193, 20.3054580688, -35.0378723145, 64.6017150879, 30.2540206909, 17.2369918823, 31.4910488129, 29.2878170013, 107.421531677, 33.2309799194, 11.3889322281, 8.30923843384, 2.84538197517], [49.2437896729, -39.2079124451, 49.421875, 45.8736724854, 15.425075531, 34.8488960266, 7.40157461166, -7.31177043915, 33.2309799194, 94.2759552002, 10.5589590073, 8.32361030579, 9.62934207916], [-25.2216129303, 13.2162590027, -9.45697975159, 4.70253896713, 14.0285644531, 7.78855895996, 5.76019001007, 13.958735466, 11.3889322281, 10.5589590073, 67.2836837769, 17.93998909, 8.13060760498], [33.0107841492, 8.4790019989, 15.8445663452, 33.7164802551, 16.6765537262, 10.1399841309, 15.9631519318, 2.39614248276, 8.30923843384, 8.32361030579, 17.93998909, 71.1762771606, 26.4720535278], [42.4244918823, -9.52305030823, 41.1800880432, 25.6191215515, 3.5829513073, 16.3205852509, 4.44662046432, -1.00163304806, 2.84538197517, 9.62934207916, 8.13060760498, 26.4720535278, 70.5507965088]],
