{
"lowlevel": {
    "average_loudness": 0.974586308002,
    "barkbands_crest": {
        "dmean": 2.28954768181,
        "dmean2": 3.79363799095,
        "dvar": 4.11327981949,
        "dvar2": 10.6878194809,
        "max": 18.8633937836,
        "mean": 8.20472812653,
        "median": 7.88639497757,
        "min": 2.4991607666,
        "var": 8.16618824005
    },
    "barkbands_flatness_db": {
        "dmean": 0.017237726599,
        "dmean2": 0.0287767816335,
        "dvar": 0.000228799122851,
        "dvar2": 0.000617939163931,
        "max": 0.250126719475,
        "mean": 0.161876440048,
        "median": 0.161647289991,
        "min": 0.0826151371002,
        "var": 0.000572704710066
    },
    "barkbands_kurtosis": {
        "dmean": 1.00701522827,
        "dmean2": 1.65464437008,
        "dvar": 2.16278195381,
        "dvar2": 5.40473842621,
        "max": 14.1494293213,
        "mean": -0.24837847054,
        "median": -0.761662244797,
        "min": -1.75892972946,
        "var": 2.54886555672
    },
    "barkbands_skewness": {
        "dmean": 0.436463445425,
        "dmean2": 0.685257315636,
        "dvar": 0.182194933295,
        "dvar2": 0.422152966261,
        "max": 3.63226556778,
        "mean": 0.787795484066,
        "median": 0.711714506149,
        "min": -0.804488062859,
        "var": 0.438191920519
    },
    "barkbands_spread": {
        "dmean": 5.39018344879,
        "dmean2": 8.73917865753,
        "dvar": 23.9543323517,
        "dvar2": 58.8733596802,
        "max": 56.1214141846,
        "mean": 33.9376373291,
        "median": 34.3788414001,
        "min": 10.065615654,
        "var": 54.02293396
    },
    "dissonance": {
        "dmean": 0.00807629339397,
        "dmean2": 0.013846877031,
        "dvar": 7.34185305191e-05,
        "dvar2": 0.000194931039005,
        "max": 0.500000119209,
        "mean": 0.486737012863,
        "median": 0.489959836006,
        "min": 0.391287893057,
        "var": 0.000113692985906
    },
    "dynamic_complexity": 1.77869999409,
    "erbbands_crest": {
        "dmean": 1.89105367661,
        "dmean2": 3.04035615921,
        "dvar": 4.00186252594,
        "dvar2": 9.17313861847,
        "max": 24.8007717133,
        "mean": 7.16916942596,
        "median": 5.72563743591,
        "min": 2.60993766785,
        "var": 15.2362957001
    },
    "erbbands_flatness_db": {
        "dmean": 0.0134163657203,
        "dmean2": 0.0185325052589,
        "dvar": 0.000156786831212,
        "dvar2": 0.000265998300165,
        "max": 0.28948995471,
        "mean": 0.209900051355,
        "median": 0.214886322618,
        "min": 0.121480278671,
        "var": 0.000744154385757
    },
    "erbbands_kurtosis": {
        "dmean": 0.600014448166,
        "dmean2": 0.964608490467,
        "dvar": 0.325256586075,
        "dvar2": 0.799688994884,
        "max": 6.38077926636,
        "mean": 0.0890790447593,
        "median": -0.0367283821106,
        "min": -1.59849798679,
        "var": 0.737208545208
    },
    "erbbands_skewness": {
        "dmean": 0.261838644743,
        "dmean2": 0.412337303162,
        "dvar": 0.0558796301484,
        "dvar2": 0.130016833544,
        "max": 1.41681241989,
        "mean": -0.62748169899,
        "median": -0.746474921703,
        "min": -2.33286929131,
        "var": 0.24952994287
    },
    "erbbands_spread": {
        "dmean": 6.97052526474,
        "dmean2": 10.9417829514,
        "dvar": 47.8913955688,
        "dvar2": 109.117530823,
        "max": 81.4010391235,
        "mean": 36.6484184265,
        "median": 34.6170158386,
        "min": 15.7094984055,
        "var": 116.370399475
    },
    "hfc": {
        "dmean": 4.48085737228,
        "dmean2": 6.40300607681,
        "dvar": 25.1902732849,
        "dvar2": 40.7825698853,
        "max": 91.3408813477,
        "mean": 23.3835124969,
        "median": 18.2266368866,
        "min": 0.000291383854346,
        "var": 172.166564941
    },
    "melbands_crest": {
        "dmean": 3.238915205,
        "dmean2": 5.3956360817,
        "dvar": 6.92101716995,
        "dvar2": 18.9461078644,
        "max": 28.0507316589,
        "mean": 13.6299781799,
        "median": 13.1929645538,
        "min": 4.0361790657,
        "var": 14.5279006958
    },
    "melbands_flatness_db": {
        "dmean": 0.0227536447346,
        "dmean2": 0.036521807313,
        "dvar": 0.000424489262514,
        "dvar2": 0.00105067447294,
        "max": 0.290804564953,
        "mean": 0.176701799035,
        "median": 0.175814092159,
        "min": 0.0675219967961,
        "var": 0.00124560529366
    },
    "melbands_kurtosis": {
        "dmean": 3.98978734016,
        "dmean2": 6.4452829361,
        "dvar": 29.057510376,
        "dvar2": 71.038444519,
        "max": 55.0628242493,
        "mean": 5.49611377716,
        "median": 3.36856937408,
        "min": -1.32068645954,
        "var": 43.3695449829
    },
    "melbands_skewness": {
        "dmean": 0.664412796497,
        "dmean2": 1.04284238815,
        "dvar": 0.427308440208,
        "dvar2": 0.999944925308,
        "max": 6.6472120285,
        "mean": 2.15812897682,
        "median": 2.04041242599,
        "min": -0.144869223237,
        "var": 1.14059782028
    },
    "melbands_spread": {
        "dmean": 10.0349197388,
        "dmean2": 15.8685712814,
        "dvar": 82.7606887817,
        "dvar2": 191.733123779,
        "max": 89.5370559692,
        "mean": 38.3076667786,
        "median": 37.1796607971,
        "min": 6.19897842407,
        "var": 213.936599731
    },
    "pitch_salience": {
        "dmean": 0.0617136694491,
        "dmean2": 0.1002144292,
        "dvar": 0.00285519496538,
        "dvar2": 0.00787934940308,
        "max": 0.796814978123,
        "mean": 0.599707126617,
        "median": 0.608917057514,
        "min": 0.304706662893,
        "var": 0.00746851693839
    },
    "silence_rate_20dB": {
        "dmean": 0,
        "dmean2": 0,
        "dvar": 0,
        "dvar2": 0,
        "max": 1,
        "mean": 1,
        "median": 1,
        "min": 1,
        "var": 0
    },
    "silence_rate_30dB": {
        "dmean": 0,
        "dmean2": 0,
        "dvar": 0,
        "dvar2": 0,
        "max": 1,
        "mean": 1,
        "median": 1,
        "min": 1,
        "var": 0
    },
    "silence_rate_60dB": {
        "dmean": 0.000774593325332,
        "dmean2": 0.00154978688806,
        "dvar": 0.00077398942085,
        "dvar2": 0.00154736766126,
        "max": 1,
        "mean": 0.00813008099794,
        "median": 0,
        "min": 0,
        "var": 0.00806369073689
    },
    "spectral_centroid": {
        "dmean": 255.667648315,
        "dmean2": 406.336212158,
        "dvar": 56362.484375,
        "dvar2": 137557.34375,
        "max": 3162.31860352,
        "mean": 2137.3527832,
        "median": 2161.88623047,
        "min": 706.95135498,
        "var": 137915.96875
    },
    "spectral_complexity": {
        "dmean": 4.18357849121,
        "dmean2": 6.74351024628,
        "dvar": 11.0226507187,
        "dvar2": 27.3979473114,
        "max": 57,
        "mean": 34.520324707,
        "median": 35,
        "min": 0,
        "var": 57.7228279114
    },
    "spectral_decrease": {
        "dmean": 2.24385909853e-09,
        "dmean2": 3.44498385374e-09,
        "dvar": 9.45039705053e-18,
        "dvar2": 2.14472348752e-17,
        "max": -4.11712832338e-14,
        "mean": -6.00778271576e-09,
        "median": -4.95923746513e-09,
        "min": -2.94499038489e-08,
        "var": 1.49077269321e-17
    },
    "spectral_energy": {
        "dmean": 0.00876236427575,
        "dmean2": 0.0133667290211,
        "dvar": 0.000140794363688,
        "dvar2": 0.000316866819048,
        "max": 0.11505202949,
        "mean": 0.0247957035899,
        "median": 0.0206396076828,
        "min": 1.81819189038e-07,
        "var": 0.000236252002651
    },
    "spectral_energyband_high": {
        "dmean": 0.000354830903234,
        "dmean2": 0.000542360183317,
        "dvar": 2.36021762134e-07,
        "dvar2": 5.35992796813e-07,
        "max": 0.0121259754524,
        "mean": 0.00112796365283,
        "median": 0.000783415394835,
        "min": 1.30607791249e-08,
        "var": 8.28185648061e-07
    },
    "spectral_energyband_low": {
        "dmean": 0.00546689191833,
        "dmean2": 0.0087668756023,
        "dvar": 6.06126413913e-05,
        "dvar2": 0.000142380420584,
        "max": 0.0867544785142,
        "mean": 0.00827978178859,
        "median": 0.00512153841555,
        "min": 4.48814141407e-08,
        "var": 7.67406527302e-05
    },
    "spectral_energyband_middle_high": {
        "dmean": 0.00167433393653,
        "dmean2": 0.00246976269409,
        "dvar": 5.05294883624e-06,
        "dvar2": 9.05330580281e-06,
        "max": 0.0395339429379,
        "mean": 0.0078462138772,
        "median": 0.00518832262605,
        "min": 9.60362243063e-08,
        "var": 3.34257601935e-05
    },
    "spectral_energyband_middle_low": {
        "dmean": 0.00475341081619,
        "dmean2": 0.00769441574812,
        "dvar": 5.8738347434e-05,
        "dvar2": 0.000146645397763,
        "max": 0.0925830751657,
        "mean": 0.00959838461131,
        "median": 0.00722689554095,
        "min": 3.27345546225e-08,
        "var": 7.28859449737e-05
    },
    "spectral_entropy": {
        "dmean": 0.0675037056208,
        "dmean2": 0.105532042682,
        "dvar": 0.00368574704044,
        "dvar2": 0.008629870601,
        "max": 8.14123725891,
        "mean": 7.72449588776,
        "median": 7.72920894623,
        "min": 7.17925596237,
        "var": 0.0164602696896
    },
    "spectral_flux": {
        "dmean": 0.0235562324524,
        "dmean2": 0.0360170602798,
        "dvar": 0.000646461674478,
        "dvar2": 0.0013226964511,
        "max": 0.297748506069,
        "mean": 0.0875708758831,
        "median": 0.0770548060536,
        "min": 0.000426402606536,
        "var": 0.00148406904191
    },
    "spectral_kurtosis": {
        "dmean": 1.9712908268,
        "dmean2": 3.54684209824,
        "dvar": 2.93282222748,
        "dvar2": 9.1711473465,
        "max": 13.7619056702,
        "mean": 2.45058917999,
        "median": 2.00399255753,
        "min": -0.721008062363,
        "var": 3.52192211151
    },
    "spectral_rms": {
        "dmean": 0.000799871690106,
        "dmean2": 0.00119173049461,
        "dvar": 8.35677951727e-07,
        "dvar2": 1.75778598077e-06,
        "max": 0.0105946157128,
        "mean": 0.00471227662638,
        "median": 0.00448733801022,
        "min": 1.33185803861e-05,
        "var": 1.98539601115e-06
    },
    "spectral_rolloff": {
        "dmean": 543.576171875,
        "dmean2": 892.323242188,
        "dvar": 310296.625,
        "dvar2": 698572.1875,
        "max": 4177.44140625,
        "mean": 2284.61425781,
        "median": 2368.65234375,
        "min": 172.265625,
        "var": 603131
    },
    "spectral_skewness": {
        "dmean": 0.225481435657,
        "dmean2": 0.395286589861,
        "dvar": 0.0351998619735,
        "dvar2": 0.105553008616,
        "max": 2.66317200661,
        "mean": 0.565396487713,
        "median": 0.551013052464,
        "min": -0.0648644566536,
        "var": 0.0612497068942
    },
    "spectral_spread": {
        "dmean": 247969.609375,
        "dmean2": 360362.46875,
        "dvar": 78276263936,
        "dvar2": 138191732736,
        "max": 5924679.5,
        "mean": 2815920.25,
        "median": 2690201.25,
        "min": 2019262.625,
        "var": 225709064192
    },
    "spectral_strongpeak": {
        "dmean": 0.441717892885,
        "dmean2": 0.753042280674,
        "dvar": 0.530891418457,
        "dvar2": 1.32716417313,
        "max": 7.30876541138,
        "mean": 0.821981668472,
        "median": 0.386478334665,
        "min": 0,
        "var": 1.20762395859
    },
    "zerocrossingrate": {
        "dmean": 0.00739740440622,
        "dmean2": 0.00924366898835,
        "dvar": 3.58346660505e-05,
        "dvar2": 5.59598920518e-05,
        "max": 0.12890625,
        "mean": 0.0669506713748,
        "median": 0.06591796875,
        "min": 0.02978515625,
        "var": 0.000221194204642
    },
    "barkbands": {
        "dmean": [2.08278233913e-05, 0.00345772062428, 0.00201402837411, 0.00283618876711, 0.00203061639331, 0.00028986268444, 0.000176273155375, 0.000166554789757, 0.000506885815412, 0.000667897344101, 0.000657750875689, 0.000392796413507, 0.000204653930268, 0.000227325261221, 0.000293599063298, 0.000341671111528, 0.000409248779761, 0.000340542494087, 0.000225800540647, 0.000307438196614, 0.000119888187328, 6.00552448304e-05, 2.7098973078e-05, 1.42652188515e-05, 3.0576466088e-06, 2.96800917177e-09, 1.22444798745e-09],
        "dmean2": [3.55302072421e-05, 0.00551144219935, 0.00347422994673, 0.00478198891506, 0.00337285781279, 0.000480838352814, 0.00029857820482, 0.000273654994089, 0.00080345897004, 0.00103843247052, 0.00104024377652, 0.000633025600109, 0.000328803522279, 0.000359087629477, 0.000485611672048, 0.000569928903133, 0.000690357759595, 0.000549667223822, 0.000373471673811, 0.000499737681821, 0.000195679487661, 9.2973044957e-05, 3.95254755858e-05, 2.05668093258e-05, 4.41954853159e-06, 4.7160217953e-09, 2.29952856756e-09],
        "dvar": [1.58988322507e-09, 2.8222473702e-05, 8.73412136571e-06, 2.70504660875e-05, 9.12197356229e-06, 2.40408809304e-07, 3.09175163693e-07, 1.18387404768e-07, 2.26546262638e-06, 2.73029081654e-06, 2.48352921517e-06, 6.31760485703e-07, 9.89293056364e-08, 1.36344397106e-07, 1.51378927171e-07, 1.47926186855e-07, 3.0302516052e-07, 2.13002891769e-07, 5.92972888569e-08, 1.85067705161e-07, 1.74800209862e-08, 8.37872082826e-09, 3.42004602416e-09, 1.07535846894e-09, 5.13610785846e-11, 3.99168246861e-17, 1.1289145106e-17],
        "dvar2": [4.26093249573e-09, 6.44557512715e-05, 2.46909676207e-05, 7.05976926838e-05, 2.38136635744e-05, 6.32674755252e-07, 7.62838453738e-07, 2.86096053514e-07, 4.95996891914e-06, 5.66007020097e-06, 5.77800392421e-06, 1.37558549795e-06, 2.2477857442e-07, 2.79288968841e-07, 3.51142773525e-07, 3.49524128751e-07, 7.58901535391e-07, 5.05046898525e-07, 1.46373650978e-07, 4.52404691487e-07, 4.285830002e-08, 1.86585147333e-08, 7.61179652642e-09, 2.34946995192e-09, 1.11141693071e-10, 9.8668968819e-17, 3.42817361724e-17],
        "max": [0.000353530253051, 0.0471578016877, 0.034989528358, 0.0583186373115, 0.0320413000882, 0.00844122003764, 0.0148833859712, 0.0091195050627, 0.0330870449543, 0.0310920011252, 0.0282542537898, 0.0207786522806, 0.00548170972615, 0.00820825435221, 0.0100208101794, 0.00516280019656, 0.0104012619704, 0.00729243503883, 0.00428900867701, 0.0108675807714, 0.00210472941399, 0.00155837915372, 0.000621942745056, 0.000351938477252, 7.83338837209e-05, 1.20715952789e-07, 9.45899785165e-08],
        "mean": [1.79621674761e-05, 0.00416492111981, 0.00246019312181, 0.00375243998133, 0.003403310664, 0.000458822614746, 0.000213697829167, 0.000277399580227, 0.00078473216854, 0.00141008093487, 0.00109617528506, 0.000696835282724, 0.0004113719624, 0.000441653217422, 0.000637800549157, 0.000756757974159, 0.000918406643905, 0.000781240640208, 0.000677085015923, 0.000858921557665, 0.000371678819647, 0.000139902491355, 4.09404565289e-05, 1.95356824406e-05, 3.83501264878e-06, 3.58524299138e-09, 9.19157583379e-10],
        "median": [5.35992921868e-06, 0.00202758889645, 0.00149575993419, 0.00212092208676, 0.00230409530923, 0.0002790268627, 0.000111217028461, 0.000128349958686, 0.000297456223052, 0.000293914839858, 0.000256341183558, 0.000393538735807, 0.000272034056252, 0.000274026504485, 0.000488424440846, 0.000605531095061, 0.000697807816323, 0.00056084379321, 0.000563036708627, 0.000614329823293, 0.000299043982523, 7.65099466662e-05, 9.26398934098e-06, 3.42111002283e-06, 5.06171375037e-07, 1.12026399268e-09, 3.33221228388e-10],
        "min": [1.4957682315e-10, 1.09949978011e-08, 2.89374924023e-08, 5.04190778017e-09, 1.18440679486e-08, 3.84233755923e-09, 4.63718041743e-09, 1.73948999649e-09, 5.4223403545e-09, 2.77905987112e-09, 4.23384260984e-09, 8.65878568845e-09, 5.92681548284e-09, 5.06928143906e-09, 7.1259194101e-09, 2.0371871301e-08, 1.6686666271e-08, 8.4927442856e-09, 1.30668142972e-08, 8.2217264108e-09, 6.67637678475e-09, 1.83593096281e-09, 4.06077393933e-11, 9.78263390433e-12, 3.86682916589e-12, 3.5420557546e-12, 5.28579957582e-12],
        "var": [1.23797427865e-09, 3.38797581207e-05, 9.05181514099e-06, 2.6614536182e-05, 1.1831761185e-05, 3.11137085873e-07, 2.65392515075e-07, 4.48934940778e-07, 4.20843025495e-06, 1.11103036033e-05, 6.61613785269e-06, 1.76479989022e-06, 2.59716813389e-07, 3.45217017639e-07, 3.95242494733e-07, 3.39604099509e-07, 7.01093199496e-07, 4.76000423077e-07, 1.80900897817e-07, 5.59042803161e-07, 5.61495596685e-08, 2.00901073555e-08, 5.42827249816e-09, 1.75422554261e-09, 7.31589025471e-11, 4.73638093181e-17, 6.51628650177e-18]
    },
    "erbbands": {
        "dmean": [0.069140419364, 0.899226725101, 2.37139964104, 5.4600315094, 9.54723930359, 6.67962408066, 2.71569180489, 2.22572493553, 2.32046079636, 2.5382039547, 4.76697635651, 12.4072418213, 16.8971385956, 22.5557670593, 24.3099441528, 15.231253624, 8.6663646698, 9.21035957336, 13.7783164978, 14.7209348679, 20.7927894592, 17.7956466675, 16.4173965454, 14.4311323166, 8.91460323334, 16.5650577545, 7.63584756851, 3.65989685059, 2.1880710125, 1.25185286999, 0.70790117979, 0.362971156836, 0.210282593966, 0.0677683725953, 0.00434858025983, 0.000203860879992, 1.5487186829e-05, 3.14397038892e-06, 4.65878792966e-06, 9.98069936031e-06],
        "dmean2": [0.1058030352, 1.46075034142, 4.0781750679, 9.13494110107, 16.197052002, 10.8905878067, 4.52463817596, 3.69083333015, 3.91351318359, 4.26676034927, 7.6626367569, 19.1756858826, 26.1723117828, 34.3010597229, 38.9459152222, 24.5826892853, 14.1291999817, 13.888833046, 22.880449295, 23.5795879364, 35.4049491882, 29.8115501404, 26.9975357056, 23.7237930298, 14.7851381302, 26.8608283997, 12.4818525314, 5.71672105789, 3.35488152504, 1.88875985146, 1.03709244728, 0.522947490215, 0.301779597998, 0.0967035219073, 0.00631456030533, 0.000292420416372, 2.15611253225e-05, 4.46118792752e-06, 6.77815842209e-06, 1.50260511873e-05],
        "dvar": [0.0130887245759, 1.89149415493, 11.9237957001, 87.9981155396, 288.414611816, 100.463821411, 17.666261673, 14.8959560394, 34.3786621094, 60.2227516174, 109.085990906, 1449.35168457, 2038.71142578, 4073.10498047, 4188.46923828, 691.893066406, 165.701721191, 296.687561035, 283.297058105, 385.869506836, 465.574554443, 804.691101074, 436.612609863, 388.030670166, 89.609375, 623.516967773, 70.9452819824, 26.4758644104, 11.8647241592, 5.71418333054, 2.25029301643, 0.640663981438, 0.258219480515, 0.0246583987027, 0.000106356223114, 2.21728811312e-07, 9.1384200207e-10, 2.7800402605e-11, 3.67773138332e-11, 1.76026859755e-10],
        "dvar2": [0.0279161725193, 4.5408449173, 33.5217590332, 230.309204102, 770.022888184, 253.051315308, 46.7861251831, 37.9977035522, 81.849357605, 161.108734131, 248.497451782, 2942.97827148, 4399.06445312, 8404.23046875, 10128.1630859, 1478.26672363, 381.440612793, 540.470031738, 710.322021484, 870.664672852, 1238.86560059, 1915.31884766, 1060.2322998, 939.849182129, 221.79574585, 1511.21765137, 177.158248901, 60.1772766113, 27.0590877533, 12.7937059402, 4.90502691269, 1.37755954266, 0.582006394863, 0.0523371100426, 0.000228180928389, 4.69956745519e-07, 1.85112869477e-09, 5.68411984148e-11, 7.53981876933e-11, 3.86992077273e-10],
        "max": [0.899874329567, 13.5401554108, 45.484992981, 92.0190124512, 207.561782837, 113.0440979, 45.3657302856, 65.6491165161, 127.928901672, 187.083572388, 248.613876343, 734.660888672, 817.393188477, 1177.51708984, 1272.81469727, 756.114440918, 269.404296875, 436.563476562, 355.93069458, 310.4140625, 276.445892334, 671.036987305, 457.592071533, 301.127838135, 158.892913818, 585.594726562, 155.332885742, 105.677474976, 60.7308692932, 23.4984455109, 15.4804840088, 8.7058391571, 7.15285682678, 1.81824290752, 0.104890681803, 0.00453685875982, 0.000356325472239, 9.39178280532e-05, 6.79836884956e-05, 0.000129993277369],
        "mean": [0.0771246403456, 1.09217131138, 3.06099820137, 7.65347957611, 14.2154884338, 10.8512029648, 4.40399646759, 3.59139490128, 2.96435403824, 3.52103328705, 8.32654857635, 20.3359031677, 41.1727523804, 40.0311851501, 43.7345809937, 28.9678401947, 19.5669441223, 20.9808654785, 30.9029388428, 34.8587036133, 51.2847175598, 46.175617218, 41.2024536133, 39.6244010925, 29.8648757935, 44.1436576843, 24.1858139038, 10.7634181976, 5.45901250839, 2.26125764847, 1.09840893745, 0.536417007446, 0.272936344147, 0.0873148292303, 0.00535756954923, 0.000282319204416, 3.39008001902e-05, 9.49894547375e-06, 1.5667421394e-05, 3.066572026e-05],
        "median": [0.0240900497884, 0.573986709118, 1.97217547894, 4.74700260162, 8.8382768631, 7.32846784592, 2.99425148964, 2.16336488724, 1.70655953884, 1.85148191452, 3.6631603241, 6.97925615311, 10.7347621918, 10.915512085, 11.6203565598, 18.1212120056, 13.7906923294, 12.4877548218, 24.0230121613, 23.7388362885, 44.4319458008, 35.7216720581, 32.1589050293, 29.2870616913, 25.4226551056, 29.5430221558, 20.4631252289, 7.00932788849, 3.06202697754, 0.702854394913, 0.246032640338, 0.102959550917, 0.0475932471454, 0.0127580547705, 0.000674669106957, 6.12494040979e-05, 1.87332680071e-05, 6.21999879513e-06, 1.28082319861e-05, 2.54123297054e-05],
        "min": [8.08205911085e-08, 3.66057793144e-06, 2.79526702798e-05, 3.09114402626e-05, 2.69622960332e-05, 4.64464064862e-05, 1.73215812538e-05, 3.67174397979e-05, 7.42348711356e-05, 3.5539502278e-05, 6.22470033704e-05, 0.000129944935907, 5.90532436036e-05, 0.000114735790703, 0.000197335524717, 0.000429138628533, 0.0003060598101, 0.000253614300163, 0.000318145146593, 0.000439775176346, 0.00145708827768, 0.000973934482317, 0.000505493371747, 0.000651087029837, 0.000437462789705, 0.000346809421899, 0.000458624737803, 0.000170377723407, 6.05057721259e-05, 6.49290632282e-06, 1.26813404222e-06, 3.72445811081e-07, 1.4658401426e-07, 6.25993621384e-08, 2.14869615434e-08, 1.01683976794e-08, 7.40506722607e-09, 3.08950975914e-09, 9.14542552799e-10, 3.20585780145e-10],
        "var": [0.0163404271007, 2.15402030945, 12.186331749, 88.0237884521, 282.022460938, 141.797744751, 21.3346042633, 20.5723171234, 32.9599113464, 49.5540847778, 370.498016357, 3172.44165039, 11172.0615234, 10538.0429688, 10645.3291016, 1959.83703613, 430.299926758, 919.299621582, 660.932373047, 1059.51000977, 959.066467285, 1643.13806152, 971.60144043, 970.53326416, 282.907897949, 1849.46826172, 198.936294556, 89.4987945557, 28.8430728912, 10.2934846878, 3.64446282387, 1.13427007198, 0.376002848148, 0.0362657085061, 0.000146503851283, 3.18423133194e-07, 1.5928462993e-09, 6.32728175409e-11, 8.42379430099e-11, 3.31511568197e-10]
    },
    "gfcc": {
        "mean": [-17.3284606934, 139.644348145, -183.628753662, 80.390083313, -43.4834060669, 3.83121538162, -9.24103736877, -14.547961235, -14.3486299515, -26.9505882263, -7.91309070587, -21.9027271271, 6.79866170883],
        "cov": [[1699.4440918, -389.066650391, 291.503112793, 46.1273460388, -288.863464355, 367.12878418, -217.813415527, 188.706497192, -21.5078868866, -30.8338375092, 88.0853118896, 8.1351480484, 51.6696472168], [-389.066650391, 393.78817749, -68.2014389038, -4.39709043503, 201.344512939, -221.703063965, 155.862045288, -102.799682617, 53.338886261, 30.2948150635, -21.5152645111, -10.0346918106, -15.7159118652], [291.503112793, -68.2014389038, 258.490112305, 80.2561645508, -69.2935791016, 129.877593994, -116.289710999, 72.6346435547, 3.59262704849, 8.77547264099, 37.5924415588, -14.6835546494, 12.8564510345], [46.1273460388, -4.39709043503, 80.2561645508, 77.2158126831, 31.8492546082, 35.0605506897, -17.54662323, 6.86369562149, 8.03186225891, 4.79943084717, 20.8219623566, 7.25129270554, 4.4593744278], [-288.863464355, 201.344512939, -69.2935791016, 31.8492546082, 182.1902771, -107.835601807, 114.987243652, -69.6624298096, 22.3607902527, 19.3147926331, -9.21552658081, 6.13777303696, -11.5899467468], [367.12878418, -221.703063965, 129.877593994, 35.0605506897, -107.835601807, 218.327865601, -94.848777771, 85.5561141968, -19.9508781433, -10.206407547, 46.052646637, 9.61932086945, 20.3711700439], [-217.813415527, 155.862045288, -116.289710999, -17.54662323, 114.987243652, -94.848777771, 167.009155273, -34.2605819702, 30.0822887421, -5.7222161293, -32.8927879333, 8.3827419281, -4.51908731461], [188.706497192, -102.799682617, 72.6346435547, 6.86369562149, -69.6624298096, 85.5561141968, -34.2605819702, 102.350639343, 21.3014507294, 4.23448324203, 6.82392072678, -13.1204404831, 12.3343153], [-21.5078868866, 53.338886261, 3.59262704849, 8.03186225891, 22.3607902527, -19.9508781433, 30.0822887421, 21.3014507294, 56.6329345703, 24.455783844, 0.216450169683, -7.92229318619, -5.72872400284], [-30.8338375092, 30.2948150635, 8.77547264099, 4.79943084717, 19.3147926331, -10.206407547, -5.7222161293, 4.23448324203, 24.455783844, 62.2562675476, 32.2782897949, 2.47805953026, -7.30441427231], [88.0853118896, -21.5152645111, 37.5924415588, 20.8219623566, -9.21552658081, 46.052646637, -32.8927879333, 6.82392072678, 0.216450169683, 32.2782897949, 68.5010223389, 28.1991939545, 6.7202334404], [8.1351480484, -10.0346918106, -14.6835546494, 7.25129270554, 6.13777303696, 9.61932086945, 8.3827419281, -13.1204404831, -7.92229318619, 2.47805953026, 28.1991939545, 54.3259048462, 22.1809005737], [51.6696472168, -15.7159118652, 12.8564510345, 4.4593744278, -11.5899467468, 20.3711700439, -4.51908731461, 12.3343153, -5.72872400284, -7.30441427231, 6.7202334404, 22.1809005737, 43.8502388]],
        "icov": [[0.00108475633897, -0.000654679839499, 0.000120000149764, -0.000620771199465, 0.00147899438161, -0.00137314980384, 5.04278614244e-05, -0.000459624745417, -3.42636012647e-05, 0.000512522121426, -0.000565265887417, 0.000147602986544, -0.000228711956879], [-0.000654679839499, 0.0465265288949, -0.0344970412552, 0.0388371124864, -0.0318570397794, 0.0334962829947, -0.0197849087417, 0.0241798181087, -0.0262970868498, 0.0130899427459, -0.0276281107217, 0.0166334733367, -0.0146450605243], [0.000120000149764, -0.0344970412552, 0.0371604524553, -0.0395666733384, 0.0250595994294, -0.0258215982467, 0.0186380892992, -0.0204734001309, 0.0188517831266, -0.0104649532586, 0.0194867812097, -0.00747834751382, 0.00843834504485], [-0.000620771199465, 0.0388371124864, -0.0395666733384, 0.0694722905755, -0.0449724644423, 0.0235402807593, -0.00850162375718, 0.0193690881133, -0.0295597184449, 0.0200021117926, -0.025136930868, 0.0059700878337, -0.00965804234147], [0.00147899438161, -0.0318570397794, 0.0250595994294, -0.0449724644423, 0.0480252429843, -0.0199226085097, -0.00198147352785, -0.00698992935941, 0.020693814382, -0.0176266040653, 0.0170276239514, -0.00458995439112, 0.00725618004799], [-0.00137314980384, 0.0334962829947, -0.0258215982467, 0.0235402807593, -0.0199226085097, 0.0381053909659, -0.0146736837924, 0.00915985181928, -0.0128085082397, 0.0125659285113, -0.026655646041, 0.0115678571165, -0.00960347149521], [5.04278614244e-05, -0.0197849087417, 0.0186380892992, -0.00850162375718, -0.00198147352785, -0.0146736837924, 0.0300983563066, -0.0159366093576, 0.00206039706245, 0.00219184858724, 0.0157985482365, -0.0142411869019, 0.00754417851567], [-0.000459624745417, 0.0241798181087, -0.0204734001309, 0.0193690881133, -0.00698992935941, 0.00915985181928, -0.0159366093576, 0.040171302855, -0.0252739097923, 0.00225302157924, -0.0112994732335, 0.0159797277302, -0.0150821609423], [-3.42636012647e-05, -0.0262970868498, 0.0188517831266, -0.0295597184449, 0.020693814382, -0.0128085082397, 0.00206039706245, -0.0252739097923, 0.0503523536026, -0.021313123405, 0.0171716697514, -0.00737826619297, 0.0109642352909], [0.000512522121426, 0.0130899427459, -0.0104649532586, 0.0200021117926, -0.0176266040653, 0.0125659285113, 0.00219184858724, 0.00225302157924, -0.021313123405, 0.0402541868389, -0.0286241900176, 0.00718112895265, -0.00110742845573], [-0.000565265887417, -0.0276281107217, 0.0194867812097, -0.025136930868, 0.0170276239514, -0.026655646041, 0.0157985482365, -0.0112994732335, 0.0171716697514, -0.0286241900176, 0.0569699518383, -0.029905801639, 0.0131690865383], [0.000147602986544, 0.0166334733367, -0.00747834751382, 0.0059700878337, -0.00458995439112, 0.0115678571165, -0.0142411869019, 0.0159797277302, -0.00737826619297, 0.00718112895265, -0.029905801639, 0.0471774153411, -0.024225095287], [-0.000228711956879, -0.0146450605243, 0.00843834504485, -0.00965804234147, 0.00725618004799, -0.00960347149521, 0.00754417851567, -0.0150821609423, 0.0109642352909, -0.00110742845573, 0.0131690865383, -0.024225095287, 0.0392164178193]]
    },
    "melbands": {
        "dmean": [0.000810470781289, 0.00117883796338, 0.00109152798541, 0.000557725899853, 0.000122954181279, 5.08207158418e-05, 3.52244278474e-05, 2.79311589111e-05, 4.52342828794e-05, 8.02292488515e-05, 8.46411494422e-05, 9.20985912671e-05, 8.86444831849e-05, 4.54337605333e-05, 3.14787430398e-05, 1.96733381017e-05, 1.89137408597e-05, 2.33637674683e-05, 2.22253092943e-05, 2.0268083972e-05, 3.05094345094e-05, 2.38077827817e-05, 1.8333315893e-05, 1.63207932928e-05, 1.30466705741e-05, 9.38707307796e-06, 7.16466365702e-06, 1.37207980515e-05, 6.63293121761e-06, 2.7501985187e-06, 2.30481009567e-06, 1.50908635987e-06, 9.62308263297e-07, 6.41724625439e-07, 4.46890283001e-07, 3.1262925404e-07, 1.94921227603e-07, 1.64307209616e-07, 1.04046698368e-07, 4.27042401441e-08],
        "dmean2": [0.00126219831873, 0.00199251738377, 0.00183286739048, 0.000927825691178, 0.000200145470444, 8.39794738567e-05, 5.93834265601e-05, 4.68903817819e-05, 7.21306350897e-05, 0.000125319042127, 0.000132207424031, 0.000140627293149, 0.000140973148518, 7.03902260284e-05, 5.24718052475e-05, 3.13633172482e-05, 2.86990907625e-05, 3.88811131415e-05, 3.63519066013e-05, 3.28110400005e-05, 5.22882219229e-05, 3.99503296649e-05, 3.0720650102e-05, 2.64130321739e-05, 2.1583171474e-05, 1.58970124176e-05, 1.20602380775e-05, 2.22658891289e-05, 1.10311802928e-05, 4.50029210697e-06, 3.6429037209e-06, 2.37930748881e-06, 1.48963306401e-06, 9.77734885055e-07, 6.67584288294e-07, 4.65847989517e-07, 2.8621701631e-07, 2.40019318198e-07, 1.48805312961e-07, 6.24350633416e-08],
        "dvar": [1.628937639e-06, 2.97672545457e-06, 3.68642213289e-06, 7.25744428109e-07, 3.36526646549e-08, 7.58483231778e-09, 9.67296198695e-09, 5.61601121163e-09, 1.28659092269e-08, 5.60648096837e-08, 5.24019654335e-08, 7.03234235289e-08, 4.84896993669e-08, 1.10105133899e-08, 3.02290570353e-09, 9.48269684997e-10, 1.22396293101e-09, 8.57138693355e-10, 1.03368713589e-09, 8.67392768722e-10, 9.9101926665e-10, 1.42522194047e-09, 4.24780127739e-10, 7.71947894496e-10, 2.96808605471e-10, 1.04195020667e-10, 6.62977311938e-11, 5.09937148063e-10, 6.24452434206e-11, 9.06704052117e-12, 1.21883770438e-11, 5.86212155207e-12, 2.58536703331e-12, 1.82954194329e-12, 9.29871305823e-13, 4.33208129742e-13, 1.99339581842e-13, 1.58518245188e-13, 6.53738266862e-14, 9.62080773799e-15],
        "dvar2": [3.49238757735e-06, 8.04172668722e-06, 9.61099522101e-06, 1.89047909771e-06, 8.49163441785e-08, 1.9459513112e-08, 2.29026362319e-08, 1.49918228942e-08, 2.75862976906e-08, 1.1750407225e-07, 1.13115333988e-07, 1.45915009853e-07, 1.17356862006e-07, 2.30360672759e-08, 7.33722593793e-09, 1.9698065401e-09, 2.27651009155e-09, 2.16859552538e-09, 2.33847807785e-09, 1.98122385164e-09, 2.72135225465e-09, 3.4994791509e-09, 1.13211762187e-09, 1.78240311399e-09, 7.41655292735e-10, 2.55025917051e-10, 1.74287265176e-10, 1.25140453555e-09, 1.55351079223e-10, 2.22858970861e-11, 2.76583651815e-11, 1.37110453199e-11, 5.84346113164e-12, 4.26510389506e-12, 2.08765166612e-12, 9.51616281435e-13, 4.41310670733e-13, 3.67439721228e-13, 1.46120027428e-13, 2.06625217153e-14],
        "max": [0.00917703192681, 0.0226511135697, 0.0217085517943, 0.00903711374849, 0.00210965890437, 0.00166842225008, 0.00235572783276, 0.00166862492915, 0.00182754267007, 0.0044205673039, 0.0041084238328, 0.00519791897386, 0.00449793972075, 0.00309422332793, 0.00119278789498, 0.000680964556523, 0.000766490818933, 0.000508481403813, 0.00102693564259, 0.000396535877371, 0.000446049234597, 0.000908949994482, 0.000291998760076, 0.000488670251798, 0.000253578502452, 0.000219629655476, 0.000143594894325, 0.000555140490178, 0.00014616518456, 7.67115416238e-05, 6.60128353047e-05, 4.68441212433e-05, 1.97727986233e-05, 1.31356682687e-05, 1.02205503936e-05, 7.93861818238e-06, 5.06448986926e-06, 5.4161373555e-06, 3.65913206224e-06, 1.05566869024e-06],
        "mean": [0.000955536786932, 0.00156982068438, 0.00159971904941, 0.000930880545639, 0.000207919132663, 8.22404981591e-05, 4.43763528892e-05, 4.14713977079e-05, 7.44847056922e-05, 0.000128558240249, 0.000201601695153, 0.000152547872858, 0.000150578169269, 8.59874562593e-05, 5.71867931285e-05, 4.05255814258e-05, 3.82326361432e-05, 4.80913622596e-05, 4.85184245917e-05, 4.3715153879e-05, 6.80391603964e-05, 5.20348839927e-05, 4.01788893214e-05, 3.4623866668e-05, 3.2026990084e-05, 2.47635725827e-05, 1.97804165509e-05, 3.23727945215e-05, 1.77561178134e-05, 7.7971144492e-06, 5.69771691517e-06, 3.4208615034e-06, 1.85928240626e-06, 9.64943410509e-07, 6.4329600491e-07, 4.73140204349e-07, 2.6910876727e-07, 2.09873903145e-07, 1.26719484683e-07, 5.37654578636e-08],
        "median": [0.000393425521906, 0.0010051735444, 0.00106805912219, 0.000632418203168, 0.000136962946272, 5.11223297508e-05, 2.50255689025e-05, 2.22058406507e-05, 2.84324687527e-05, 4.63501019112e-05, 4.86684948555e-05, 3.86840983992e-05, 3.70801644749e-05, 3.84815721191e-05, 4.22644116043e-05, 2.53309972322e-05, 2.14131105167e-05, 3.61706079275e-05, 3.64783663827e-05, 2.78366424027e-05, 5.83461660426e-05, 3.79401317332e-05, 3.40477163263e-05, 2.10233865801e-05, 2.35690149566e-05, 2.10884300031e-05, 1.68522474269e-05, 1.97790832317e-05, 1.46764778037e-05, 6.2922304096e-06, 3.339777777e-06, 2.03630952456e-06, 7.45576755889e-07, 2.25485749183e-07, 1.4638931134e-07, 8.92959377552e-08, 4.97375829411e-08, 3.53784024298e-08, 1.86366868604e-08, 6.96545843226e-09],
        "min": [1.83498483075e-09, 1.1610814532e-08, 4.88881157779e-09, 3.17845638698e-09, 7.42213623894e-10, 8.20752965591e-10, 1.08550124445e-09, 3.82475828786e-10, 6.59910515122e-10, 7.39083350076e-10, 2.85758278151e-10, 4.56568699514e-10, 6.03305794211e-10, 8.80058192987e-10, 8.98693397478e-10, 6.09728600942e-10, 4.71522987322e-10, 5.35883781794e-10, 4.70074201786e-10, 4.7036224915e-10, 2.21240670228e-09, 1.08287256939e-09, 5.90740900641e-10, 2.95882124357e-10, 5.70260783039e-10, 4.57123200404e-10, 2.13958073481e-10, 2.11109088544e-10, 3.35828254094e-10, 1.49290246831e-10, 9.12734679503e-11, 4.4509344127e-11, 8.0108749495e-12, 1.29708104066e-12, 6.87120553598e-13, 4.30283169121e-13, 1.37412732018e-13, 9.41415524637e-14, 8.82752733216e-14, 4.25400139377e-14],
        "var": [2.06246636481e-06, 3.1543509067e-06, 3.54122767021e-06, 8.48238471463e-07, 5.16777944881e-08, 1.03504724791e-08, 9.06029207215e-09, 5.6701954243e-09, 3.09941370347e-08, 1.15334415796e-07, 2.82639319948e-07, 1.77887386599e-07, 1.21895581628e-07, 3.41953381167e-08, 5.05447683707e-09, 3.11215275772e-09, 3.52643492185e-09, 1.8030236193e-09, 2.92318280692e-09, 2.10134887269e-09, 1.96029059651e-09, 2.88703727591e-09, 6.96056989824e-10, 1.57754020957e-09, 7.00149327404e-10, 2.50178683325e-10, 1.48568490843e-10, 1.34948385799e-09, 1.40666478465e-10, 2.79061548175e-11, 3.60488895679e-11, 1.23119006309e-11, 5.48754574767e-12, 2.7958703061e-12, 1.34285714059e-12, 7.98396559368e-13, 3.29100868736e-13, 2.36919858732e-13, 8.47715520285e-14, 1.38109120155e-14]
    },
    "mfcc": {
        "mean": [-623.114685059, 126.81993866, -50.6285171509, 61.9705085754, -3.73762750626, 20.9355602264, 10.1825876236, 9.56176757812, 6.34199142456, -1.40895056725, -11.4386587143, -3.96260547638, -7.99008846283],
        "cov": [[1568.25048828, -426.208648682, 436.63458252, -284.014831543, 95.6956100464, -29.8524227142, -16.586812973, 105.568893433, -61.6627845764, 33.0192451477, -28.3432750702, 14.960943222, 64.4487304688], [-426.208648682, 483.197631836, -292.469329834, 250.69418335, -81.8738174438, 36.0670166016, 6.41904306412, -61.7034683228, 47.8862762451, 2.30138397217, 34.4500617981, 14.2917766571, -42.6575050354], [436.63458252, -292.469329834, 454.580169678, -174.718475342, 143.581604004, -38.1293945312, -14.152885437, 37.2933654785, -38.9406661987, 34.3713378906, -5.36764097214, 13.4872751236, 29.6435089111], [-284.014831543, 250.69418335, -174.718475342, 204.039306641, -24.6739387512, 37.3949584961, 8.61777973175, -26.051776886, 32.3228569031, -3.84420275688, 14.3066167831, 8.00056838989, -16.7265644073], [95.6956100464, -81.8738174438, 143.581604004, -24.6739387512, 104.418800354, 11.1012659073, 8.61710739136, 0.972265720367, -20.0702896118, 10.6034097672, 4.18192863464, 22.1871967316, 17.3832492828], [-29.8524227142, 36.0670166016, -38.1293945312, 37.3949584961, 11.1012659073, 68.822807312, 26.1324977875, 7.89568424225, -7.12891530991, -10.4078416824, -2.63995242119, 5.64179468155, 10.9768590927], [-16.586812973, 6.41904306412, -14.152885437, 8.61777973175, 8.61710739136, 26.1324977875, 48.6203384399, 17.2574596405, 2.67345499992, -5.92638778687, -2.143242836, 4.12806415558, 9.18100261688], [105.568893433, -61.7034683228, 37.2933654785, -26.051776886, 0.972265720367, 7.89568424225, 17.2574596405, 69.0572433472, 19.2308177948, 6.72375822067, -11.7027997971, -13.0587558746, 4.71061515808], [-61.6627845764, 47.8862762451, -38.9406661987, 32.3228569031, -20.0702896118, -7.12891530991, 2.67345499992, 19.2308177948, 63.1333885193, 25.3857269287, 7.9827466011, -13.3453397751, -13.275888443], [33.0192451477, 2.30138397217, 34.3713378906, -3.84420275688, 10.6034097672, -10.4078416824, -5.92638778687, 6.72375822067, 25.3857269287, 59.3017158508, 23.6150836945, 8.19239044189, -10.0337553024], [-28.3432750702, 34.4500617981, -5.36764097214, 14.3066167831, 4.18192863464, -2.63995242119, -2.143242836, -11.7027997971, 7.9827466011, 23.6150836945, 50.6389808655, 24.7957420349, 3.02524900436], [14.960943222, 14.2917766571, 13.4872751236, 8.00056838989, 22.1871967316, 5.64179468155, 4.12806415558, -13.0587558746, -13.3453397751, 8.19239044189, 24.7957420349, 58.2618560791, 25.8424701691], [64.4487304688, -42.6575050354, 29.6435089111, -16.7265644073, 17.3832492828, 10.9768590927, 9.18100261688, 4.71061515808, -13.275888443, -10.0337553024, 3.02524900436, 25.8424701691, 54.0971374512]],
