{
"lowlevel": {
    "average_loudness": 0.935885608196,
    "barkbands_crest": {
        "dmean": 2.56884527206,
        "dmean2": 4.34994029999,
        "dvar": 5.74042367935,
        "dvar2": 15.8758764267,
        "max": 22.9222240448,
        "mean": 7.75048780441,
        "median": 6.75305747986,
        "min": 1.83683252335,
        "var": 13.86901474
    },
    "barkbands_flatness_db": {
        "dmean": 0.0180889796466,
        "dmean2": 0.0292772706598,
        "dvar": 0.000324610562529,
        "dvar2": 0.000783544790465,
        "max": 0.372892975807,
        "mean": 0.119681060314,
        "median": 0.108048692346,
        "min": 0.0475295372307,
        "var": 0.00181707984302
    },
    "barkbands_kurtosis": {
        "dmean": 2.33371210098,
        "dmean2": 3.73649907112,
        "dvar": 44.8522872925,
        "dvar2": 106.943855286,
        "max": 179.935028076,
        "mean": 2.13571214676,
        "median": -0.112502336502,
        "min": -1.91166448593,
        "var": 81.1630249023
    },
    "barkbands_skewness": {
        "dmean": 0.525021851063,
        "dmean2": 0.810410022736,
        "dvar": 0.373906612396,
        "dvar2": 0.834630608559,
        "max": 11.7154626846,
        "mean": 1.11810362339,
        "median": 0.939123690128,
        "min": -3.81120038033,
        "var": 1.55232429504
    },
    "barkbands_spread": {
        "dmean": 6.80129098892,
        "dmean2": 10.5271034241,
        "dvar": 48.8589439392,
        "dvar2": 111.611351013,
        "max": 104.702972412,
        "mean": 33.8612518311,
        "median": 34.0318870544,
        "min": 1.22659122944,
        "var": 180.320220947
    },
    "dissonance": {
        "dmean": 0.0109272813424,
        "dmean2": 0.018436819315,
        "dvar": 0.000119759271911,
        "dvar2": 0.000307255977532,
        "max": 0.500000059605,
        "mean": 0.480853259563,
        "median": 0.484521478415,
        "min": 0.311731129885,
        "var": 0.00026430253638
    },
    "dynamic_complexity": 3.12249732018,
    "erbbands_crest": {
        "dmean": 1.71633410454,
        "dmean2": 2.80061364174,
        "dvar": 3.35496425629,
        "dvar2": 8.37046146393,
        "max": 24.3610572815,
        "mean": 5.8880777359,
        "median": 5.03846979141,
        "min": 2.08528780937,
        "var": 8.8966178894
    },
    "erbbands_flatness_db": {
        "dmean": 0.0110199274495,
        "dmean2": 0.0165258701891,
        "dvar": 0.000109794549644,
        "dvar2": 0.000217005494051,
        "max": 0.30280610919,
        "mean": 0.158654153347,
        "median": 0.153718516231,
        "min": 0.105111442506,
        "var": 0.000705218699295
    },
    "erbbands_kurtosis": {
        "dmean": 0.544798374176,
        "dmean2": 0.840412914753,
        "dvar": 0.975286841393,
        "dvar2": 1.89236414433,
        "max": 24.2417411804,
        "mean": -0.284519016743,
        "median": -0.648315906525,
        "min": -1.83239459991,
        "var": 2.55714583397
    },
    "erbbands_skewness": {
        "dmean": 0.279869407415,
        "dmean2": 0.429483383894,
        "dvar": 0.0845170170069,
        "dvar2": 0.17315338552,
        "max": 3.46308660507,
        "mean": -0.0513427294791,
        "median": -0.0377505794168,
        "min": -4.57560062408,
        "var": 0.406381845474
    },
    "erbbands_spread": {
        "dmean": 8.44540786743,
        "dmean2": 13.2184066772,
        "dvar": 83.1889724731,
        "dvar2": 183.147293091,
        "max": 150.402206421,
        "mean": 50.0109672546,
        "median": 48.3774795532,
        "min": 8.91961860657,
        "var": 337.744354248
    },
    "hfc": {
        "dmean": 6.3754529953,
        "dmean2": 8.97535800934,
        "dvar": 80.6563491821,
        "dvar2": 163.475418091,
        "max": 115.19379425,
        "mean": 25.5596542358,
        "median": 19.2490100861,
        "min": 0.000699185533449,
        "var": 436.359375
    },
    "melbands_crest": {
        "dmean": 3.30673289299,
        "dmean2": 5.44058227539,
        "dvar": 8.00362586975,
        "dvar2": 20.5786933899,
        "max": 29.0117340088,
        "mean": 11.6886196136,
        "median": 10.7659358978,
        "min": 3.07056164742,
        "var": 23.1712398529
    },
    "melbands_flatness_db": {
        "dmean": 0.0251539070159,
        "dmean2": 0.039350964129,
        "dvar": 0.000628279929515,
        "dvar2": 0.00145515264012,
        "max": 0.442922085524,
        "mean": 0.131066918373,
        "median": 0.11811093241,
        "min": 0.0185049697757,
        "var": 0.00335441040806
    },
    "melbands_kurtosis": {
        "dmean": 7.61738204956,
        "dmean2": 12.1686916351,
        "dvar": 312.903106689,
        "dvar2": 714.577026367,
        "max": 400.801086426,
        "mean": 12.2610216141,
        "median": 5.48198127747,
        "min": -1.93026590347,
        "var": 658.421508789
    },
    "melbands_skewness": {
        "dmean": 0.776802062988,
        "dmean2": 1.23164510727,
        "dvar": 0.857610106468,
        "dvar2": 2.02147936821,
        "max": 15.1462249756,
        "mean": 2.56815171242,
        "median": 2.18943023682,
        "min": -0.791339814663,
        "var": 3.11709547043
    },
    "melbands_spread": {
        "dmean": 11.2952823639,
        "dmean2": 17.6383857727,
        "dvar": 257.264343262,
        "dvar2": 528.08026123,
        "max": 267.430328369,
        "mean": 39.841217041,
        "median": 35.0470657349,
        "min": 0.755140423775,
        "var": 813.76965332
    },
    "pitch_salience": {
        "dmean": 0.0760156139731,
        "dmean2": 0.124335758388,
        "dvar": 0.00491925561801,
        "dvar2": 0.0134304380044,
        "max": 0.840966463089,
        "mean": 0.632644712925,
        "median": 0.657410800457,
        "min": 0.140068233013,
        "var": 0.0127657921985
    },
    "silence_rate_20dB": {
        "dmean": 0,
        "dmean2": 0,
        "dvar": 0,
        "dvar2": 0,
        "max": 1,
        "mean": 1,
        "median": 1,
        "min": 1,
        "var": 0
    },
    "silence_rate_30dB": {
        "dmean": 0,
        "dmean2": 0,
        "dvar": 0,
        "dvar2": 0,
        "max": 1,
        "mean": 1,
        "median": 1,
        "min": 1,
        "var": 0
    },
    "silence_rate_60dB": {
        "dmean": 0.0317583270371,
        "dmean2": 0.0635412633419,
        "dvar": 0.0307488925755,
        "dvar2": 0.0695801824331,
        "max": 1,
        "mean": 0.101432442665,
        "median": 0,
        "min": 0,
        "var": 0.091141730547
    },
    "spectral_centroid": {
        "dmean": 300.862030029,
        "dmean2": 469.525238037,
        "dvar": 97694.375,
        "dvar2": 204816.109375,
        "max": 5574.75488281,
        "mean": 1913.0324707,
        "median": 1891.44909668,
        "min": 227.086517334,
        "var": 469902.03125
    },
    "spectral_complexity": {
        "dmean": 4.4337720871,
        "dmean2": 6.57962036133,
        "dvar": 25.400346756,
        "dvar2": 44.902431488,
        "max": 63,
        "mean": 26.2384815216,
        "median": 24,
        "min": 0,
        "var": 266.899902344
    },
    "spectral_decrease": {
        "dmean": 2.01899919006e-09,
        "dmean2": 3.35815220076e-09,
        "dvar": 9.6699737985e-18,
        "dvar2": 2.66956842813e-17,
        "max": -1.45508293457e-13,
        "mean": -5.28771781916e-09,
        "median": -4.24116697317e-09,
        "min": -2.71353055581e-08,
        "var": 1.91619548728e-17
    },
    "spectral_energy": {
        "dmean": 0.00797753222287,
        "dmean2": 0.0131357675418,
        "dvar": 0.000144309015013,
        "dvar2": 0.000394557398977,
        "max": 0.103701412678,
        "mean": 0.0222753901035,
        "median": 0.0179935675114,
        "min": 6.1259731865e-07,
        "var": 0.000312958669383
    },
    "spectral_energyband_high": {
        "dmean": 0.000639814883471,
        "dmean2": 0.000890292576514,
        "dvar": 9.04783121314e-07,
        "dvar2": 1.75994694018e-06,
        "max": 0.012394612655,
        "mean": 0.00194514240138,
        "median": 0.00134264689405,
        "min": 4.69774441569e-08,
        "var": 3.71662508769e-06
    },
    "spectral_energyband_low": {
        "dmean": 0.00534487236291,
        "dmean2": 0.0093861464411,
        "dvar": 0.000121654637042,
        "dvar2": 0.000354472897016,
        "max": 0.0991070717573,
        "mean": 0.0073930840008,
        "median": 0.00282860011794,
        "min": 1.4618096067e-08,
        "var": 0.000158654875122
    },
    "spectral_energyband_middle_high": {
        "dmean": 0.00143867149018,
        "dmean2": 0.00219418155029,
        "dvar": 3.69600456906e-06,
        "dvar2": 8.37338211568e-06,
        "max": 0.0297476369888,
        "mean": 0.00555935502052,
        "median": 0.00341215846129,
        "min": 1.23044841871e-07,
        "var": 3.10314208036e-05
    },
    "spectral_energyband_middle_low": {
        "dmean": 0.00379197346047,
        "dmean2": 0.00606229389086,
        "dvar": 2.84700872726e-05,
        "dvar2": 6.75874907756e-05,
        "max": 0.0544855371118,
        "mean": 0.00835867784917,
        "median": 0.00627942476422,
        "min": 4.45317141384e-07,
        "var": 5.35188955837e-05
    },
    "spectral_entropy": {
        "dmean": 0.0933898314834,
        "dmean2": 0.138524591923,
        "dvar": 0.0108994636685,
        "dvar2": 0.0208254344761,
        "max": 8.59373760223,
        "mean": 7.96541070938,
        "median": 8.0110168457,
        "min": 5.97631168365,
        "var": 0.0640439167619
    },
    "spectral_flux": {
        "dmean": 0.0205140952021,
        "dmean2": 0.0330984555185,
        "dvar": 0.000803562754299,
        "dvar2": 0.00197673053481,
        "max": 0.275614023209,
        "mean": 0.0854865312576,
        "median": 0.0778145641088,
        "min": 0.000782685936429,
        "var": 0.00196455535479
    },
    "spectral_kurtosis": {
        "dmean": 0.763029694557,
        "dmean2": 1.32177209854,
        "dvar": 0.789837777615,
        "dvar2": 2.24954152107,
        "max": 14.2949428558,
        "mean": 1.107604146,
        "median": 0.84241271019,
        "min": -1.11568331718,
        "var": 1.5692858696
    },
    "spectral_rms": {
        "dmean": 0.000760218652431,
        "dmean2": 0.00119962939061,
        "dvar": 9.10956771349e-07,
        "dvar2": 2.27682880904e-06,
        "max": 0.0100584346801,
        "mean": 0.0042670997791,
        "median": 0.00418983306736,
        "min": 2.44470029429e-05,
        "var": 3.52393135472e-06
    },
    "spectral_rolloff": {
        "dmean": 775.104858398,
        "dmean2": 1228.95361328,
        "dvar": 1014466.25,
        "dvar2": 2042897.5,
        "max": 9905.2734375,
        "mean": 2592.55786133,
        "median": 2282.51953125,
        "min": 107.666015625,
        "var": 3391961.75
    },
    "spectral_skewness": {
        "dmean": 0.142078638077,
        "dmean2": 0.228411108255,
        "dvar": 0.0210139676929,
        "dvar2": 0.0513587258756,
        "max": 2.71297860146,
        "mean": 0.824686408043,
        "median": 0.812026560307,
        "min": -0.278585940599,
        "var": 0.0842205584049
    },
    "spectral_spread": {
        "dmean": 349130.59375,
        "dmean2": 510389.75,
        "dvar": 172937183232,
        "dvar2": 314674774016,
        "max": 11235087,
        "mean": 4621495.5,
        "median": 4545985.5,
        "min": 2524335.25,
        "var": 897331953664
    },
    "spectral_strongpeak": {
        "dmean": 0.383363008499,
        "dmean2": 0.672697544098,
        "dvar": 0.495466142893,
        "dvar2": 1.3371117115,
        "max": 9.30016422272,
        "mean": 0.519619822502,
        "median": 0.305182725191,
        "min": 0.00252218940295,
        "var": 0.490915060043
    },
    "zerocrossingrate": {
        "dmean": 0.0131578752771,
        "dmean2": 0.0147621361539,
        "dvar": 0.000240318811848,
        "dvar2": 0.000233123239013,
        "max": 0.359375,
        "mean": 0.0919291973114,
        "median": 0.087890625,
        "min": 0.0087890625,
        "var": 0.00182419305202
    },
    "barkbands": {
        "dmean": [8.19896231405e-05, 0.00331695564091, 0.00216349633411, 0.0014423050452, 0.00177276565228, 0.000889457820449, 0.000695534225088, 0.00046345469309, 0.000374148949049, 0.00032790977275, 0.000332031515427, 0.000421833334258, 0.000272929843049, 0.000330925598973, 0.000311148149194, 0.000278746039839, 0.000262335292064, 0.000200827838853, 0.000197418383323, 0.000217985128984, 0.000230341916904, 0.000173561827978, 0.000132817178383, 0.000152194916154, 3.11650292133e-05, 6.69877593396e-08, 6.19666451485e-08],
        "dmean2": [0.000138133662404, 0.00593184772879, 0.00366997998208, 0.00244796322659, 0.00298150652088, 0.00146064674482, 0.00114827766083, 0.000723029661458, 0.000623725762125, 0.00053181743715, 0.000534979801159, 0.000703987665474, 0.000452428270364, 0.000555265229195, 0.000512542203069, 0.000452914100606, 0.000425175763667, 0.000332313007675, 0.000321535684634, 0.000348007131834, 0.00035313461558, 0.000251993624261, 0.000196386768948, 0.000213011182495, 4.55007284472e-05, 1.10375040663e-07, 1.0629994307e-07],
        "dvar": [2.3886085998e-08, 5.56287704967e-05, 2.50444718404e-05, 8.21220783109e-06, 7.91367438069e-06, 2.54169844993e-06, 1.70100111063e-06, 4.57326763126e-07, 3.35102271265e-07, 2.86309784769e-07, 2.50408021429e-07, 4.35965858969e-07, 1.97333420715e-07, 3.01477712128e-07, 4.25939532533e-07, 2.35707688034e-07, 2.5074089649e-07, 1.21045644619e-07, 9.40383699799e-08, 1.26689371882e-07, 1.35279606184e-07, 6.26080307597e-08, 4.23159143281e-08, 1.78669040451e-07, 1.12804201535e-08, 2.90999354875e-14, 2.91880641835e-14],
        "dvar2": [5.50687389023e-08, 0.000169437582372, 6.49067660561e-05, 2.19133671635e-05, 2.16479511437e-05, 6.43933753963e-06, 4.31402850154e-06, 1.05109450033e-06, 8.84489622877e-07, 7.33007368581e-07, 6.351631896e-07, 1.16509295367e-06, 4.96647999171e-07, 8.40776465338e-07, 1.18185630527e-06, 5.85902284911e-07, 6.01446515702e-07, 3.16781182619e-07, 2.41214394237e-07, 3.23279294889e-07, 2.88191984055e-07, 1.35824492986e-07, 9.3296783632e-08, 3.38109373388e-07, 2.48934473035e-08, 7.80534423444e-14, 7.77986277289e-14],
        "max": [0.00229935301468, 0.0713436752558, 0.0431533157825, 0.0256952941418, 0.0365777350962, 0.0245728865266, 0.0157039985061, 0.0131423193961, 0.0073555149138, 0.012201060541, 0.00822493061423, 0.00937287416309, 0.00658412370831, 0.00659078080207, 0.0143108284101, 0.00893559586257, 0.010426021181, 0.00562564656138, 0.00390575407073, 0.00526755163446, 0.00943523272872, 0.00328830187209, 0.00242859288119, 0.00784168951213, 0.00282912235707, 2.87594184556e-06, 2.45384057962e-06],
        "mean": [9.95595692075e-05, 0.00382204423659, 0.00259008025751, 0.00148147984874, 0.00279220030643, 0.00143581745215, 0.00100676564034, 0.000821160851046, 0.000632553186733, 0.000546671857592, 0.000551063509192, 0.000737818365451, 0.000529888318852, 0.000583369401284, 0.000578098348342, 0.000557835446671, 0.000525820010807, 0.000404194492148, 0.000393078749767, 0.00051012611948, 0.000576785940211, 0.000423394580139, 0.00030898215482, 0.000315607147058, 5.08736302436e-05, 8.21220211833e-08, 5.73069982579e-08],
        "median": [3.30202492478e-05, 0.00122241396457, 0.000611033639871, 0.000640584737994, 0.00162497942802, 0.000880178587977, 0.000574556412175, 0.000439824711066, 0.000385174382245, 0.000298230355838, 0.000275373226032, 0.00039907041355, 0.000228790871915, 0.00030183113995, 0.000246822630288, 0.000244713097345, 0.000235056839301, 0.000198889800231, 0.00022365777113, 0.000297566526569, 0.000335255346727, 0.00028407847276, 0.000215062347706, 0.000175876470166, 2.38648408413e-05, 2.45487381534e-08, 8.46038961111e-10],
        "min": [3.26709548304e-10, 7.90301779574e-09, 1.15349707563e-09, 1.74179071166e-08, 3.9126341278e-08, 5.94136153609e-08, 5.24049283968e-08, 3.60133931565e-08, 1.84024628425e-07, 7.40586187931e-08, 1.02523491918e-08, 1.51671741833e-08, 4.06433020572e-09, 2.69107047757e-09, 1.24589032424e-08, 2.2360350016e-08, 4.31982138949e-09, 3.89665899547e-09, 1.72288796563e-08, 1.23113930162e-09, 3.98058261908e-08, 3.85268217329e-09, 1.05956166063e-09, 1.1111612741e-09, 1.30070182056e-11, 2.50260402679e-12, 3.69356932192e-12],
        "var": [3.13312753519e-08, 5.33785423613e-05, 2.98058494081e-05, 7.07632079866e-06, 1.19230744531e-05, 3.27462612404e-06, 2.03479294214e-06, 1.39766154916e-06, 5.93324216425e-07, 6.02020520546e-07, 5.77555056225e-07, 9.90480543805e-07, 6.14944553945e-07, 6.59669296965e-07, 8.36931178583e-07, 6.83024666159e-07, 6.98878920957e-07, 3.10713772933e-07, 2.1542305717e-07, 3.75801306518e-07, 5.89905880588e-07, 1.84844978435e-07, 1.06212077355e-07, 3.87590148421e-07, 1.63554645383e-08, 3.10712555945e-14, 2.66169143068e-14]
    },
    "erbbands": {
        "dmean": [0.0657821372151, 0.857930123806, 2.08716011047, 4.55877351761, 5.47593784332, 5.7306470871, 7.535364151, 7.6361618042, 9.15538406372, 10.5267381668, 9.72575187683, 8.09716129303, 10.7561941147, 9.06056404114, 13.892039299, 15.4200429916, 11.9529056549, 14.0574359894, 16.1377410889, 14.9813690186, 14.8307237625, 13.8179330826, 10.8548278809, 9.24541568756, 10.8302335739, 10.0858316422, 9.27894592285, 9.48399734497, 6.26495265961, 4.85626506805, 3.78613686562, 3.32901763916, 2.44978356361, 0.688811480999, 0.0356809869409, 0.00172071752604, 0.000178067217348, 4.88637924718e-05, 1.47010823639e-05, 1.05236122181e-05],
        "dmean2": [0.115394309163, 1.54328048229, 3.49722957611, 7.72198343277, 9.29677677155, 9.73447227478, 12.2587423325, 12.7756910324, 15.1509542465, 17.2871761322, 14.9718313217, 13.6159038544, 17.8236484528, 14.7710733414, 22.4039783478, 25.5042228699, 19.5618476868, 23.4658927917, 26.8705196381, 24.4669723511, 24.2187976837, 22.0879993439, 17.7719917297, 15.2595996857, 17.5346755981, 16.4027290344, 14.483423233, 14.6177282333, 9.21784591675, 7.30617427826, 5.62088060379, 4.71706199646, 3.48167085648, 0.990103960037, 0.0520044118166, 0.00247443676926, 0.00026788978721, 7.802710752e-05, 2.31870417338e-05, 1.66380250448e-05],
        "dvar": [0.0185156781226, 3.79819011688, 20.5022926331, 105.575973511, 80.4052124023, 105.395210266, 137.862503052, 215.389251709, 268.301879883, 430.691040039, 222.168792725, 162.982391357, 325.515167236, 233.637664795, 471.260253906, 645.879638672, 369.023590088, 542.885253906, 893.600097656, 966.246337891, 680.454833984, 658.787780762, 339.569122314, 239.782196045, 321.619934082, 263.520690918, 237.952270508, 228.456604004, 83.0108795166, 50.04429245, 36.8488235474, 64.9312057495, 55.547164917, 5.67856836319, 0.0188152808696, 3.70100024156e-05, 1.92818305322e-07, 1.5122161301e-08, 8.39109504103e-10, 2.19470261409e-10],
        "dvar2": [0.0559789501131, 11.5446224213, 54.5597343445, 276.294036865, 210.535568237, 293.127075195, 347.537780762, 585.310302734, 656.959899902, 1148.53625488, 500.695861816, 439.628631592, 861.897216797, 519.249694824, 1214.6114502, 1740.64916992, 934.60760498, 1526.07897949, 2503.00732422, 2642.16552734, 1721.26293945, 1619.41589355, 872.58380127, 627.908630371, 833.044067383, 680.338562012, 535.659606934, 507.135040283, 186.672286987, 106.184669495, 81.0751266479, 125.400718689, 110.175292969, 12.1909914017, 0.0409178100526, 7.90475169197e-05, 4.48687643484e-07, 4.00110593546e-08, 2.10533324108e-09, 5.73785019498e-10],
        "max": [1.19988584518, 18.7607479095, 37.4750862122, 83.8030471802, 113.489707947, 194.384017944, 147.057312012, 216.467529297, 270.596557617, 275.541900635, 300.237091064, 161.211791992, 307.896911621, 343.57131958, 332.991210938, 416.399902344, 310.306304932, 364.107940674, 419.215240479, 709.555725098, 461.804016113, 642.009033203, 254.26524353, 240.146011353, 277.394134521, 248.513839722, 428.236633301, 255.074310303, 129.464981079, 95.4666900635, 70.7950515747, 152.217102051, 124.310081482, 58.7319374084, 3.09187364578, 0.138719663024, 0.00771655095741, 0.00206366344355, 0.000418095558416, 0.000142065051477],
        "mean": [0.0807364583015, 0.955007255077, 2.79569363594, 4.65613698959, 6.6151843071, 8.57252979279, 13.286772728, 11.4189424515, 13.6035709381, 16.094373703, 17.7531509399, 13.8263635635, 18.6924762726, 17.3506774902, 26.0754032135, 28.8653297424, 25.1141242981, 27.2521839142, 30.677936554, 31.0355548859, 31.3020553589, 29.0400753021, 23.2208824158, 18.8238868713, 22.5735721588, 23.7234134674, 23.1241950989, 22.386220932, 15.1856184006, 11.6374292374, 8.6704082489, 7.0560593605, 4.75371932983, 1.22384333611, 0.0529389604926, 0.00275683030486, 0.000300103652989, 7.28888917365e-05, 3.04212881019e-05, 3.16825680784e-05],
        "median": [0.0324117466807, 0.274228602648, 0.712509512901, 1.7282987833, 3.48890209198, 4.59716892242, 6.32410860062, 7.37978935242, 7.79029035568, 9.28648471832, 10.3637666702, 8.93646335602, 11.5683870316, 10.1842451096, 15.5472898483, 15.3336954117, 11.2341346741, 14.6446866989, 14.7878847122, 13.6426391602, 14.3993177414, 13.368555069, 11.0712471008, 10.1847791672, 13.323679924, 14.0967569351, 13.3216705322, 13.1996526718, 10.1627788544, 8.17112159729, 5.84786844254, 4.13360214233, 2.60685682297, 0.610545635223, 0.0199350211769, 0.00117153651081, 0.00013835990103, 2.93529210467e-05, 1.82734802365e-05, 2.60505821643e-05],
        "min": [3.04477879354e-07, 1.46188483541e-06, 2.45334831561e-06, 2.61126806436e-05, 0.000127990962937, 0.000105099767097, 0.00018353330961, 0.000558627478313, 0.000668575521559, 0.000964307109825, 0.00081779633183, 0.00288186804391, 0.00557417562231, 0.000949949433561, 0.000363951752661, 0.000720146344975, 0.000242567140958, 9.11717361305e-05, 0.000513539474923, 0.00120686250739, 0.000686181301717, 0.000314590404741, 0.000246214971412, 0.000204264637432, 0.0011170549551, 0.000134750211146, 0.000999529031105, 0.00141742394771, 0.000149745479575, 7.44473218219e-05, 4.08989544667e-05, 2.0553739887e-05, 1.64122047863e-05, 2.67188488579e-06, 8.65879741241e-08, 1.32601636338e-08, 6.02989613796e-09, 2.43655207122e-09, 1.0950413909e-09, 8.28148050136e-10],
        "var": [0.0188348442316, 3.62241816521, 29.0727977753, 91.7677993774, 84.6959838867, 149.513473511, 369.047180176, 219.932907104, 361.477508545, 516.653137207, 641.46673584, 279.570587158, 648.530761719, 538.433044434, 1135.01293945, 1625.35522461, 1320.13098145, 1329.62353516, 1847.3972168, 2308.44946289, 2001.86193848, 1978.27661133, 1024.83105469, 546.103820801, 722.101135254, 763.83001709, 1042.3059082, 769.84967041, 242.538406372, 138.033874512, 89.6625289917, 150.259246826, 104.512001038, 8.66686058044, 0.027018494904, 5.67337701796e-05, 3.09935614951e-07, 1.75743721798e-08, 1.35540778601e-09, 5.86062864905e-10]
    },
    "gfcc": {
        "mean": [-2.25818419456, 99.8145370483, -152.706268311, 68.3974151611, -85.6608505249, 24.7479858398, -38.1632347107, -8.23105144501, -9.31104660034, -16.1396884918, 2.9130089283, -18.0295562744, 5.59143590927],
        "cov": [[4887.30810547, -222.690170288, -173.228607178, 154.063232422, 122.144874573, 206.533813477, 182.912719727, 279.413085938, 128.526977539, 164.855514526, 23.9068374634, 113.681228638, -61.5985183716], [-222.690170288, 704.993041992, -1.02746701241, -12.545132637, 183.723815918, -48.1830024719, 160.423751831, -11.4588518143, 134.341964722, -38.5569801331, 57.7615394592, -25.2431201935, 14.0185127258], [-173.228607178, -1.02746701241, 517.896179199, 181.651611328, -6.2967839241, 72.4191131592, -3.94994187355, 67.4527816772, -4.55600166321, 21.4812965393, 4.77709531784, -13.0407705307, -8.37723255157], [154.063232422, -12.545132637, 181.651611328, 216.108276367, 97.2265930176, 45.91847229, 48.4859771729, 40.862613678, 29.5221424103, 12.7900886536, 10.5139112473, 0.728776812553, -7.57385730743], [122.144874573, 183.723815918, -6.2967839241, 97.2265930176, 246.798294067, 58.0242843628, 93.0647964478, 36.3328590393, 68.9695587158, -2.20514917374, 26.5554962158, -2.13937616348, 3.33833503723], [206.533813477, -48.1830024719, 72.4191131592, 45.91847229, 58.0242843628, 154.127716064, 72.0325775146, 75.2082748413, 6.62418842316, 33.2442474365, 14.7961988449, 12.0999631882, 4.34125232697], [182.912719727, 160.423751831, -3.94994187355, 48.4859771729, 93.0647964478, 72.0325775146, 187.211502075, 54.4486274719, 53.1481399536, 21.5161819458, 34.6327896118, 5.18389081955, -3.38164901733], [279.413085938, -11.4588518143, 67.4527816772, 40.862613678, 36.3328590393, 75.2082748413, 54.4486274719, 126.926689148, 51.1197166443, 39.2698631287, 15.340836525, 14.3736972809, 7.01734447479], [128.526977539, 134.341964722, -4.55600166321, 29.5221424103, 68.9695587158, 6.62418842316, 53.1481399536, 51.1197166443, 104.112487793, 26.4151268005, 21.9718570709, 4.48011159897, 6.16495513916], [164.855514526, -38.5569801331, 21.4812965393, 12.7900886536, -2.20514917374, 33.2442474365, 21.5161819458, 39.2698631287, 26.4151268005, 65.3537979126, 23.6516971588, 12.9846401215, 3.26580190659], [23.9068374634, 57.7615394592, 4.77709531784, 10.5139112473, 26.5554962158, 14.7961988449, 34.6327896118, 15.340836525, 21.9718570709, 23.6516971588, 55.5302047729, 22.812204361, 7.01929998398], [113.681228638, -25.2431201935, -13.0407705307, 0.728776812553, -2.13937616348, 12.0999631882, 5.18389081955, 14.3736972809, 4.48011159897, 12.9846401215, 22.812204361, 50.9293251038, 21.7258491516], [-61.5985183716, 14.0185127258, -8.37723255157, -7.57385730743, 3.33833503723, 4.34125232697, -3.38164901733, 7.01734447479, 6.16495513916, 3.26580190659, 7.01929998398, 21.7258491516, 44.177406311]],
        "icov": [[0.000313779513817, -0.000162942742463, 0.00037520355545, -0.000435104477219, 8.64980975166e-05, -0.0001767797512, 0.000100020879472, -0.000611099996604, 0.000165313962498, -0.00066556193633, 0.000729954568669, -0.00108951982111, 0.00104729889426], [-0.000162942742463, 0.00550464633852, -0.00265396642499, 0.00442363414913, -0.00298678386025, 0.0030514402315, -0.00451406138018, 0.00290110264905, -0.00592016521841, 0.00524745788425, -0.00468384055421, 0.00382785638794, -0.00329937553033], [0.00037520355545, -0.00265396642499, 0.0051761418581, -0.00598276639357, 0.00316428975202, -0.00288558145985, 0.00326750660315, -0.00325451162644, 0.00317085813731, -0.0022679308895, 0.000991479493678, -0.000262824527454, 0.00182957667857], [-0.000435104477219, 0.00442363414913, -0.00598276639357, 0.0133241675794, -0.00643133465201, 0.00363480602391, -0.00478537008166, 0.00305583211593, -0.00459811091423, 0.00317308190279, -0.00193449715152, 0.0009678620263, -0.00134499720298], [8.64980975166e-05, -0.00298678386025, 0.00316428975202, -0.00643133465201, 0.0100490069017, -0.00531285768375, 0.00178956147283, -0.000465202640044, -0.00162059662398, 0.00175516819581, -0.000831684388686, 0.000762200914323, 0.000393126625568], [-0.0001767797512, 0.0030514402315, -0.00288558145985, 0.00363480602391, -0.00531285768375, 0.0155786285177, -0.00624527642503, -0.00483649317175, 0.00399193353951, -0.00207788986154, -0.000592473486904, 0.000774712534621, -0.00266835535876], [0.000100020879472, -0.00451406138018, 0.00326750660315, -0.00478537008166, 0.00178956147283, -0.00624527642503, 0.0127966357395, -0.00311035639606, 0.00204970291816, -0.00268427864648, -0.000665260769892, -0.00132186873816, 0.00399134401232], [-0.000611099996604, 0.00290110264905, -0.00325451162644, 0.00305583211593, -0.000465202640044, -0.00483649317175, -0.00311035639606, 0.0190372206271, -0.0109772924334, 0.00043652029126, -0.000480627786601, 0.000462315831101, -0.00326891988516], [0.000165313962498, -0.00592016521841, 0.00317085813731, -0.00459811091423, -0.00162059662398, 0.00399193353951, 0.00204970291816, -0.0109772924334, 0.0258634313941, -0.0116133494303, 0.00351399788633, -0.00195503048599, 0.00120524084195], [-0.00066556193633, 0.00524745788425, -0.0022679308895, 0.00317308190279, 0.00175516819581, -0.00207788986154, -0.00268427864648, 0.00043652029126, -0.0116133494303, 0.0310595072806, -0.0147147811949, 0.00545016489923, -0.00370020163245], [0.000729954568669, -0.00468384055421, 0.000991479493678, -0.00193449715152, -0.000831684388686, -0.000592473486904, -0.000665260769892, -0.000480627786601, 0.00351399788633, -0.0147147811949, 0.035684440285, -0.0187380667776, 0.00664961989969], [-0.00108951982111, 0.00382785638794, -0.000262824527454, 0.0009678620263, 0.000762200914323, 0.000774712534621, -0.00132186873816, 0.000462315831101, -0.00195503048599, 0.00545016489923, -0.0187380667776, 0.0391597226262, -0.0193371158093], [0.00104729889426, -0.00329937553033, 0.00182957667857, -0.00134499720298, 0.000393126625568, -0.00266835535876, 0.00399134401232, -0.00326891988516, 0.00120524084195, -0.00370020163245, 0.00664961989969, -0.0193371158093, 0.0348754264414]]
    },
    "melbands": {
        "dmean": [0.000762776937336, 0.00113578606397, 0.000766793324146, 0.000397165771574, 0.000256671308307, 0.000168944650795, 0.000138440183946, 0.000110725253762, 7.37536684028e-05, 5.36063744221e-05, 5.50849654246e-05, 3.78843360522e-05, 4.69196129416e-05, 5.08525445184e-05, 3.51874004991e-05, 2.71176140814e-05, 2.82391956716e-05, 2.88566352538e-05, 2.39222881646e-05, 2.02046849154e-05, 1.92293646251e-05, 1.58651910169e-05, 1.26494860524e-05, 9.69465236267e-06, 8.01674923423e-06, 7.95535561338e-06, 8.97765130503e-06, 7.22950562704e-06, 6.4938626565e-06, 6.01596775596e-06, 5.8279761106e-06, 3.92450192521e-06, 3.39851249009e-06, 2.72628426501e-06, 2.27367627303e-06, 2.31115245697e-06, 2.15392174141e-06, 2.00822159968e-06, 1.26896645725e-06, 3.81619116752e-07],
        "dmean2": [0.00135923083872, 0.00194180500694, 0.00129414256662, 0.000673746166285, 0.000420018070145, 0.000280365697108, 0.000229212819249, 0.000180279675988, 0.000114384405606, 9.00854065549e-05, 9.13465410122e-05, 6.1981350882e-05, 7.57111629355e-05, 8.53260062286e-05, 5.75647500227e-05, 4.49988801847e-05, 4.73830041301e-05, 4.87358374812e-05, 3.93398076994e-05, 3.27401867253e-05, 3.17600897688e-05, 2.58121544903e-05, 2.05427877518e-05, 1.60235431395e-05, 1.33588346216e-05, 1.29666013891e-05, 1.47963246491e-05, 1.18726857181e-05, 1.04507616925e-05, 9.29058569454e-06, 9.18156365515e-06, 5.97448433837e-06, 5.14524936079e-06, 4.26795213571e-06, 3.47425793734e-06, 3.44376235262e-06, 3.13201257995e-06, 2.89290414912e-06, 1.86695558568e-06, 5.55504072963e-07],
        "dvar": [2.75331763078e-06, 5.62749482924e-06, 2.25900316764e-06, 4.44245642939e-07, 1.56119639882e-07, 1.02959532455e-07, 6.44336566324e-08, 3.89698087133e-08, 1.28103332386e-08, 7.26368210024e-09, 8.28057711288e-09, 4.1964201003e-09, 5.2396655903e-09, 6.23213436413e-09, 4.47917658519e-09, 1.92047266978e-09, 2.25143437227e-09, 2.99666491621e-09, 3.30307581287e-09, 1.42465217401e-09, 1.18322784903e-09, 9.41909772401e-10, 5.28348587103e-10, 3.1454008842e-10, 1.86760135135e-10, 1.57682866764e-10, 2.73944006368e-10, 1.31592348129e-10, 1.2143194783e-10, 1.01661644381e-10, 8.1999164403e-11, 3.29869465077e-11, 2.48942932241e-11, 1.62225163858e-11, 1.26450013654e-11, 1.95871652231e-11, 3.2797032451e-11, 3.78400748235e-11, 1.67478912683e-11, 2.03021735708e-12],
        "dvar2": [8.42608096718e-06, 1.60529052664e-05, 5.88724833506e-06, 1.21281118481e-06, 4.07762058785e-07, 2.73426991271e-07, 1.5788050689e-07, 1.02659029722e-07, 2.91955135623e-08, 1.95382980905e-08, 2.20756888325e-08, 9.38488753377e-09, 1.32352280247e-08, 1.67265650219e-08, 1.16352270041e-08, 4.88260187836e-09, 6.33718411081e-09, 8.52291304199e-09, 9.15495146359e-09, 3.41906325474e-09, 3.0544025087e-09, 2.29220220582e-09, 1.28371346886e-09, 7.95202736992e-10, 5.00436247997e-10, 4.08473116442e-10, 7.31599225645e-10, 3.4537420146e-10, 3.00100028161e-10, 2.12856399173e-10, 1.91551594031e-10, 7.60266363753e-11, 5.59459666094e-11, 3.63363367173e-11, 2.94001316348e-11, 4.05968314521e-11, 6.44589243093e-11, 7.95124799335e-11, 3.54888063381e-11, 4.49221129045e-12],
        "max": [0.0158851612359, 0.0226520374417, 0.0122354328632, 0.0091646136716, 0.0054341647774, 0.00478786183521, 0.00381045066752, 0.00256431219168, 0.00229056575336, 0.00100052263588, 0.0015318748774, 0.00152895972133, 0.00130792008713, 0.00118556327652, 0.00127101689577, 0.000585809291806, 0.000647390494123, 0.000790008576587, 0.00146979268175, 0.000684765691403, 0.000619972415734, 0.000677921925671, 0.000458537688246, 0.000395188981201, 0.000211824968574, 0.000175261520781, 0.000277862010989, 0.000191106824786, 0.000266715273028, 0.000228995879297, 0.000137985771289, 8.66883419803e-05, 6.2918603362e-05, 5.43881506019e-05, 4.29108222306e-05, 7.79836118454e-05, 0.000115403825475, 0.000117194147606, 8.20699569886e-05, 3.78417062166e-05],
        "mean": [0.000905156077351, 0.00146719242912, 0.000856513041072, 0.000535261700861, 0.000460755487438, 0.00026108478778, 0.000206429947866, 0.000179537804797, 0.000132629051222, 8.90151204658e-05, 9.3209258921e-05, 6.83226171532e-05, 8.35252867546e-05, 8.56734477566e-05, 6.55246112728e-05, 5.08638659085e-05, 5.04826748511e-05, 4.97121654917e-05, 4.46981357527e-05, 3.84923259844e-05, 3.65261366824e-05, 3.06038600684e-05, 2.49577606155e-05, 1.84446453204e-05, 1.454743051e-05, 1.52970515046e-05, 1.73044209077e-05, 1.53659402713e-05, 1.4420997104e-05, 1.38297937156e-05, 1.26551112771e-05, 8.70905842021e-06, 7.43954842619e-06, 5.97866301177e-06, 4.87151692141e-06, 4.75444539916e-06, 4.17771752836e-06, 3.65691676052e-06, 2.298615982e-06, 5.59627437724e-07],
        "median": [0.000321415194776, 0.000406370731071, 0.000396239833208, 0.000308382092044, 0.000229242825299, 0.000171542837052, 0.000121574033983, 0.00010618770466, 7.69998150645e-05, 5.40534711035e-05, 5.73610668653e-05, 3.87955187762e-05, 4.75860579172e-05, 4.52528656751e-05, 2.70325199381e-05, 2.44153779931e-05, 2.6248380891e-05, 2.40149911406e-05, 1.77020574483e-05, 1.642753341e-05, 1.66212630575e-05, 1.35528161991e-05, 1.06839925138e-05, 9.54220558924e-06, 7.47517651689e-06, 8.54017889651e-06, 9.88000465441e-06, 8.91254785529e-06, 8.18523767521e-06, 7.71099439589e-06, 7.43797454561e-06, 5.61501519769e-06, 5.07416689288e-06, 4.06401068176e-06, 3.32369563694e-06, 2.93215384772e-06, 2.31079002333e-06, 1.99029432224e-06, 1.18755565381e-06, 2.2805247113e-07],
        "min": [2.48901677047e-09, 1.34052324796e-09, 7.95996246694e-09, 8.97243701559e-09, 5.55046231199e-09, 1.26556605196e-08, 1.07578781439e-08, 9.92352866547e-09, 5.90791549016e-09, 2.42709798925e-08, 2.75544387307e-08, 3.18155723988e-09, 1.26125099253e-09, 1.4827785666e-09, 1.57492441311e-09, 1.70892688889e-10, 1.21577845014e-10, 7.72470976074e-10, 9.47844358556e-10, 2.07095673943e-09, 4.8596349167e-10, 3.23208931841e-10, 1.64770197486e-10, 2.44547021522e-10, 5.86789297707e-11, 9.45671541075e-10, 2.96239893727e-10, 4.46378246866e-11, 1.8399325119e-10, 1.71310043928e-09, 4.31216146124e-10, 7.18340179007e-11, 4.63535668183e-11, 2.91940360775e-11, 2.38372672295e-11, 1.70836799568e-11, 1.14761099929e-11, 1.11078837101e-11, 9.83720743752e-12, 8.4010279473e-14],
        "var": [2.69059341917e-06, 7.52974256102e-06, 2.10082885133e-06, 5.03649062011e-07, 4.13602577964e-07, 1.10666860564e-07, 8.29538109315e-08, 5.75381164936e-08, 3.45685471359e-08, 1.23821486397e-08, 1.62644742119e-08, 9.22974674467e-09, 1.26332357908e-08, 1.26710375525e-08, 1.24755716868e-08, 5.18730125521e-09, 4.9893036369e-09, 5.33606892006e-09, 6.06972383466e-09, 3.65267482927e-09, 2.95449820165e-09, 2.38313502265e-09, 1.64313262996e-09, 6.99838742513e-10, 3.56840335058e-10, 3.49174189562e-10, 4.96769958502e-10, 3.47899209441e-10, 4.25954022054e-10, 3.95605020964e-10, 2.35277408667e-10, 8.737880558e-11, 6.10048817018e-11, 3.94068389031e-11, 2.80625401389e-11, 4.32512220483e-11, 6.93244142647e-11, 6.53424814256e-11, 2.63707250481e-11, 2.79001214493e-12]
    },
    "mfcc": {
        "mean": [-611.533813477, 87.1979446411, 3.68282294273, 22.9508190155, -3.86637759209, 12.5854492188, -5.49011325836, 0.883971273899, -4.68758583069, 1.0932135582, -8.36110115051, 2.7050511837, -3.8373670578],
        "cov": [[5089.03076172, -260.910827637, -313.562896729, 23.7355766296, -11.7910032272, 70.6719360352, 80.5871810913, 202.509094238, 115.363853455, 191.750518799, 200.368835449, 94.8106536865, 64.7051391602], [-260.910827637, 633.828491211, -104.709953308, 56.8723907471, 18.8923778534, 27.8706302643, 11.390417099, 58.9380569458, 41.6544265747, 32.8771133423, 34.1564445496, 37.4909591675, 27.365819931], [-313.562896729, -104.709953308, 505.758087158, 82.6772613525, 42.1712837219, -5.97617912292, 34.0530548096, 1.59873890877, 10.4813594818, 14.1653003693, 18.7352352142, -15.3495111465, 21.0507392883], [23.7355766296, 56.8723907471, 82.6772613525, 211.664550781, 77.8411636353, 46.224571228, 23.3281555176, 41.004283905, 23.1205272675, 29.9172763824, 25.0388774872, 16.7125225067, 10.1463813782], [-11.7910032272, 18.8923778534, 42.1712837219, 77.8411636353, 174.566925049, 33.2354316711, 21.4783649445, 34.3328094482, 35.3918418884, 23.613576889, 7.4355225563, 22.026725769, 10.5037727356], [70.6719360352, 27.8706302643, -5.97617912292, 46.224571228, 33.2354316711, 105.085075378, 66.8592987061, 38.4431610107, 22.0695571899, 22.4537658691, 25.1482887268, 14.8652467728, 3.43658924103], [80.5871810913, 11.390417099, 34.0530548096, 23.3281555176, 21.4783649445, 66.8592987061, 131.781784058, 60.3578491211, 33.3682632446, 31.0931777954, 36.1678733826, 20.277009964, 13.3794403076], [202.509094238, 58.9380569458, 1.59873890877, 41.004283905, 34.3328094482, 38.4431610107, 60.3578491211, 101.992713928, 51.6607627869, 41.1418037415, 36.7123985291, 21.1704387665, 22.9849624634], [115.363853455, 41.6544265747, 10.4813594818, 23.1205272675, 35.3918418884, 22.0695571899, 33.3682632446, 51.6607627869, 83.506439209, 48.4953651428, 31.2863578796, 17.8332271576, 15.5910968781], [191.750518799, 32.8771133423, 14.1653003693, 29.9172763824, 23.613576889, 22.4537658691, 31.0931777954, 41.1418037415, 48.4953651428, 83.6860427856, 45.2601623535, 22.1442146301, 15.3243608475], [200.368835449, 34.1564445496, 18.7352352142, 25.0388774872, 7.4355225563, 25.1482887268, 36.1678733826, 36.7123985291, 31.2863578796, 45.2601623535, 77.5939407349, 28.4683437347, 17.490732193], [94.8106536865, 37.4909591675, -15.3495111465, 16.7125225067, 22.026725769, 14.8652467728, 20.277009964, 21.1704387665, 17.8332271576, 22.1442146301, 28.4683437347, 57.2450790405, 18.955499649], [64.7051391602, 27.365819931, 21.0507392883, 10.1463813782, 10.5037727356, 3.43658924103, 13.3794403076, 22.9849624634, 15.5910968781, 15.3243608475, 17.490732193, 18.955499649, 59.5418357849]],
