{
"lowlevel": {
    "average_loudness": 0.938970386982,
    "barkbands_crest": {
        "dmean": 3.40422511101,
        "dmean2": 5.79122018814,
        "dvar": 9.68295383453,
        "dvar2": 27.6716632843,
        "max": 25.2007331848,
        "mean": 9.87641525269,
        "median": 9.21089363098,
        "min": 2.2972073555,
        "var": 15.810131073
    },
    "barkbands_flatness_db": {
        "dmean": 0.0253452025354,
        "dmean2": 0.0413062050939,
        "dvar": 0.000614742690232,
        "dvar2": 0.00162159476895,
        "max": 0.279968321323,
        "mean": 0.100916855037,
        "median": 0.0908177569509,
        "min": 0.0224645007402,
        "var": 0.00172344653402
    },
    "barkbands_kurtosis": {
        "dmean": 2.36563467979,
        "dmean2": 3.98909330368,
        "dvar": 17.8557949066,
        "dvar2": 45.5741729736,
        "max": 56.8965377808,
        "mean": 2.00994300842,
        "median": 0.751688718796,
        "min": -1.82882535458,
        "var": 22.4509963989
    },
    "barkbands_skewness": {
        "dmean": 0.607436597347,
        "dmean2": 0.99216657877,
        "dvar": 0.433324486017,
        "dvar2": 1.10390496254,
        "max": 7.10476350784,
        "mean": 1.2946819067,
        "median": 1.14179694653,
        "min": -1.74422323704,
        "var": 0.831563174725
    },
    "barkbands_spread": {
        "dmean": 7.15378379822,
        "dmean2": 11.3294887543,
        "dvar": 50.5011138916,
        "dvar2": 117.161056519,
        "max": 109.019668579,
        "mean": 28.1357860565,
        "median": 27.8717193604,
        "min": 3.09124660492,
        "var": 129.019927979
    },
    "dissonance": {
        "dmean": 0.0164064224809,
        "dmean2": 0.0279113370925,
        "dvar": 0.000299233244732,
        "dvar2": 0.000814195780549,
        "max": 0.500000119209,
        "mean": 0.471844285727,
        "median": 0.479683995247,
        "min": 0.304452121258,
        "var": 0.000666331499815
    },
    "dynamic_complexity": 2.94252490997,
    "erbbands_crest": {
        "dmean": 2.663210392,
        "dmean2": 4.31315565109,
        "dvar": 9.09341621399,
        "dvar2": 23.9489974976,
        "max": 28.6059036255,
        "mean": 8.06666755676,
        "median": 6.33828687668,
        "min": 2.39496970177,
        "var": 24.6840019226
    },
    "erbbands_flatness_db": {
        "dmean": 0.0150291081518,
        "dmean2": 0.0223101619631,
        "dvar": 0.00025566862314,
        "dvar2": 0.000497172411997,
        "max": 0.322621315718,
        "mean": 0.132756963372,
        "median": 0.122531965375,
        "min": 0.054215349257,
        "var": 0.00145798828453
    },
    "erbbands_kurtosis": {
        "dmean": 0.736779391766,
        "dmean2": 1.20230782032,
        "dvar": 1.61426484585,
        "dvar2": 4.27749967575,
        "max": 25.400718689,
        "mean": 0.115202538669,
        "median": -0.33426451683,
        "min": -1.7756742239,
        "var": 3.11494278908
    },
    "erbbands_skewness": {
        "dmean": 0.3386297822,
        "dmean2": 0.533775389194,
        "dvar": 0.113009922206,
        "dvar2": 0.26853659749,
        "max": 3.79921460152,
        "mean": 0.178558260202,
        "median": 0.0338838323951,
        "min": -2.58124470711,
        "var": 0.420265942812
    },
    "erbbands_spread": {
        "dmean": 8.00947761536,
        "dmean2": 12.2841739655,
        "dvar": 69.643737793,
        "dvar2": 131.401992798,
        "max": 151.073669434,
        "mean": 41.4164123535,
        "median": 39.9246711731,
        "min": 6.47106742859,
        "var": 282.27835083
    },
    "hfc": {
        "dmean": 7.01930427551,
        "dmean2": 11.1029186249,
        "dvar": 74.2883224487,
        "dvar2": 180.591140747,
        "max": 89.9729232788,
        "mean": 24.4170379639,
        "median": 18.6061458588,
        "min": 1.14495349304e-16,
        "var": 283.977813721
    },
    "melbands_crest": {
        "dmean": 3.79244756699,
        "dmean2": 6.09522438049,
        "dvar": 9.63872623444,
        "dvar2": 24.9825000763,
        "max": 33.0825424194,
        "mean": 14.4613637924,
        "median": 13.9070777893,
        "min": 2.23435401917,
        "var": 24.523727417
    },
    "melbands_flatness_db": {
        "dmean": 0.0337398461998,
        "dmean2": 0.0545959882438,
        "dvar": 0.00106525747105,
        "dvar2": 0.00272668572143,
        "max": 0.364780038595,
        "mean": 0.162656158209,
        "median": 0.156145945191,
        "min": 0.00492900842801,
        "var": 0.00248381262645
    },
    "melbands_kurtosis": {
        "dmean": 7.65475654602,
        "dmean2": 12.3208169937,
        "dvar": 180.426223755,
        "dvar2": 415.896728516,
        "max": 187.903213501,
        "mean": 11.1289615631,
        "median": 6.0903635025,
        "min": -1.06302642822,
        "var": 316.153747559
    },
    "melbands_skewness": {
        "dmean": 0.922634363174,
        "dmean2": 1.46050751209,
        "dvar": 1.00199198723,
        "dvar2": 2.38095593452,
        "max": 12.5510444641,
        "mean": 2.54790282249,
        "median": 2.22320175171,
        "min": -0.550216555595,
        "var": 2.59092020988
    },
    "melbands_spread": {
        "dmean": 9.6379327774,
        "dmean2": 15.6027755737,
        "dvar": 94.0795898438,
        "dvar2": 234.708053589,
        "max": 127.973060608,
        "mean": 27.6760807037,
        "median": 25.7787094116,
        "min": 1.95143592358,
        "var": 182.79888916
    },
    "pitch_salience": {
        "dmean": 0.0928265601397,
        "dmean2": 0.154601380229,
        "dvar": 0.00756038539112,
        "dvar2": 0.0199167132378,
        "max": 0.813707411289,
        "mean": 0.540204942226,
        "median": 0.543610572815,
        "min": 0.169159993529,
        "var": 0.0144826732576
    },
    "silence_rate_20dB": {
        "dmean": 0,
        "dmean2": 0,
        "dvar": 0,
        "dvar2": 0,
        "max": 1,
        "mean": 1,
        "median": 1,
        "min": 1,
        "var": 0
    },
    "silence_rate_30dB": {
        "dmean": 0,
        "dmean2": 0,
        "dvar": 0,
        "dvar2": 0,
        "max": 1,
        "mean": 1,
        "median": 1,
        "min": 1,
        "var": 0
    },
    "silence_rate_60dB": {
        "dmean": 0.0061919502914,
        "dmean2": 0.0123934932053,
        "dvar": 0.00615360634401,
        "dvar2": 0.0122398389503,
        "max": 1,
        "mean": 0.0425367355347,
        "median": 0,
        "min": 0,
        "var": 0.0407278798521
    },
    "spectral_centroid": {
        "dmean": 305.345092773,
        "dmean2": 480.978179932,
        "dvar": 126675.359375,
        "dvar2": 235441.671875,
        "max": 10693.8007812,
        "mean": 1688.24206543,
        "median": 1694.42114258,
        "min": 491.900512695,
        "var": 260894.296875
    },
    "spectral_complexity": {
        "dmean": 4.87616109848,
        "dmean2": 7.44074344635,
        "dvar": 23.9196491241,
        "dvar2": 52.5965690613,
        "max": 57,
        "mean": 25.6627998352,
        "median": 27,
        "min": 0,
        "var": 133.314117432
    },
    "spectral_decrease": {
        "dmean": 2.90563395566e-09,
        "dmean2": 4.55717064085e-09,
        "dvar": 1.22417502876e-17,
        "dvar2": 2.95166199787e-17,
        "max": -4.96040710917e-29,
        "mean": -7.38617478291e-09,
        "median": -6.313041645e-09,
        "min": -3.41543966442e-08,
        "var": 2.59936345888e-17
    },
    "spectral_energy": {
        "dmean": 0.0113294553012,
        "dmean2": 0.0175875015557,
        "dvar": 0.000176928690053,
        "dvar2": 0.000424195168307,
        "max": 0.132028579712,
        "mean": 0.0300917886198,
        "median": 0.0260305404663,
        "min": 1.0572277804e-20,
        "var": 0.000411204237025
    },
    "spectral_energyband_high": {
        "dmean": 0.000420784024755,
        "dmean2": 0.000679122982547,
        "dvar": 3.52992174157e-07,
        "dvar2": 8.17805982933e-07,
        "max": 0.00913231633604,
        "mean": 0.00113306893036,
        "median": 0.000843218585942,
        "min": 7.4512526514e-21,
        "var": 9.39645417475e-07
    },
    "spectral_energyband_low": {
        "dmean": 0.00830106809735,
        "dmean2": 0.0138289732859,
        "dvar": 0.000178367597982,
        "dvar2": 0.00046025327174,
        "max": 0.105133019388,
        "mean": 0.0122854048386,
        "median": 0.00868148170412,
        "min": 8.38989797195e-23,
        "var": 0.00019752868684
    },
    "spectral_energyband_middle_high": {
        "dmean": 0.002653431613,
        "dmean2": 0.00429107621312,
        "dvar": 1.08998283395e-05,
        "dvar2": 2.70078908216e-05,
        "max": 0.0335365943611,
        "mean": 0.00674534868449,
        "median": 0.00464354082942,
        "min": 1.92130690867e-21,
        "var": 3.31030641973e-05
    },
    "spectral_energyband_middle_low": {
        "dmean": 0.00499846180901,
        "dmean2": 0.00795730482787,
        "dvar": 4.27248196502e-05,
        "dvar2": 0.000101184748928,
        "max": 0.0714805051684,
        "mean": 0.0106829348952,
        "median": 0.00692908558995,
        "min": 2.67166463645e-22,
        "var": 0.000101804856968
    },
    "spectral_entropy": {
        "dmean": 0.127922877669,
        "dmean2": 0.197244316339,
        "dvar": 0.0216722842306,
        "dvar2": 0.043355666101,
        "max": 9.79468917847,
        "mean": 7.88357543945,
        "median": 7.94788169861,
        "min": 6.45147180557,
        "var": 0.088912807405
    },
    "spectral_flux": {
        "dmean": 0.0286332350224,
        "dmean2": 0.0428969189525,
        "dvar": 0.000773268926423,
        "dvar2": 0.00152333010919,
        "max": 0.257145613432,
        "mean": 0.0977329090238,
        "median": 0.0923240929842,
        "min": 1.0282158458e-10,
        "var": 0.00223196018487
    },
    "spectral_kurtosis": {
        "dmean": 0.715536594391,
        "dmean2": 1.18917012215,
        "dvar": 0.426648646593,
        "dvar2": 1.12964510918,
        "max": 9.85399913788,
        "mean": 2.91104459763,
        "median": 2.81878471375,
        "min": -1.18460214138,
        "var": 1.12211537361
    },
    "spectral_rms": {
        "dmean": 0.000970163673628,
        "dmean2": 0.00145537476055,
        "dvar": 9.12923098895e-07,
        "dvar2": 2.066638217e-06,
        "max": 0.0113493772224,
        "mean": 0.00508045731112,
        "median": 0.00503940973431,
        "min": 3.21160654494e-12,
        "var": 3.54681742465e-06
    },
    "spectral_rolloff": {
        "dmean": 674.397033691,
        "dmean2": 1109.98583984,
        "dvar": 885522.125,
        "dvar2": 1624896.5,
        "max": 18647.7539062,
        "mean": 1610.61132812,
        "median": 1464.2578125,
        "min": 107.666015625,
        "var": 1454441.375
    },
    "spectral_skewness": {
        "dmean": 0.124975882471,
        "dmean2": 0.20157957077,
        "dvar": 0.0156891774386,
        "dvar2": 0.0331403389573,
        "max": 2.36844325066,
        "mean": 1.28414142132,
        "median": 1.26503753662,
        "min": 0.0381703861058,
        "var": 0.0489892363548
    },
    "spectral_spread": {
        "dmean": 440693.90625,
        "dmean2": 619365.0625,
        "dvar": 1.19336612659e+12,
        "dvar2": 1.37222828851e+12,
        "max": 39553240,
        "mean": 4915829,
        "median": 4664178.5,
        "min": 3073416,
        "var": 1.99329513472e+12
    },
    "spectral_strongpeak": {
        "dmean": 0.638871610165,
        "dmean2": 1.10451257229,
        "dvar": 1.11722075939,
        "dvar2": 3.00769138336,
        "max": 7.96331453323,
        "mean": 1.01184511185,
        "median": 0.429614752531,
        "min": 0,
        "var": 1.68068182468
    },
    "zerocrossingrate": {
        "dmean": 0.011614064686,
        "dmean2": 0.014072787948,
        "dvar": 0.000289229559712,
        "dvar2": 0.000311338342726,
        "max": 0.48681640625,
        "mean": 0.0681022033095,
        "median": 0.06396484375,
        "min": 0.01416015625,
        "var": 0.000778244051617
    },
    "barkbands": {
        "dmean": [0.000188242716831, 0.00637711025774, 0.0025539721828, 0.000772282190155, 0.00164062727708, 0.000906660570763, 0.000681747565977, 0.00154229276814, 0.00182041095104, 0.0007095587207, 0.00040457455907, 0.00052596651949, 0.000522191927303, 0.000570543459617, 0.000646746950224, 0.000308497576043, 0.000212252183701, 0.000234403894865, 0.000154621782713, 0.000216225424083, 0.000117311850772, 0.000103789068817, 8.65748443175e-05, 7.42546471884e-05, 3.45554035448e-05, 1.35132786454e-05, 9.71062377175e-07],
        "dmean2": [0.000338095385814, 0.0108680371195, 0.00421225884929, 0.00132004439365, 0.00273770373315, 0.00152157770935, 0.0011288941605, 0.00244193640538, 0.00275591667742, 0.00111635716166, 0.000663590908516, 0.000869998009875, 0.000841649423819, 0.000972186215222, 0.0010638468666, 0.000502672221046, 0.00035279779695, 0.000401373254135, 0.000264135829639, 0.000353165523848, 0.000195090382476, 0.000169922772329, 0.00014037451183, 0.000118805168313, 5.57217790629e-05, 2.09017634916e-05, 1.54390852458e-06],
        "dvar": [1.64569300409e-07, 0.000125079837744, 1.26874965645e-05, 8.05172874152e-07, 7.35918047212e-06, 5.32925059815e-06, 4.2607694013e-06, 1.14591612146e-05, 1.63175354828e-05, 1.76550452125e-06, 5.46571754967e-07, 1.43749116432e-06, 1.10561131805e-06, 1.86820420822e-06, 2.15736190512e-06, 4.59056082036e-07, 7.70099433112e-08, 1.47903577385e-07, 3.26443299059e-08, 7.56184164175e-08, 3.07491951901e-08, 2.24159322215e-08, 2.83996079986e-08, 1.48781369447e-08, 4.38756808663e-09, 6.53591736288e-10, 3.01491036997e-12],
        "dvar2": [4.9101595323e-07, 0.000330676848534, 3.34339856636e-05, 2.22401695282e-06, 1.82941439562e-05, 1.41159343912e-05, 8.71739484865e-06, 2.78847910522e-05, 3.60482372344e-05, 3.75280728804e-06, 1.41669102049e-06, 3.7150573462e-06, 2.66755682787e-06, 5.1381848607e-06, 5.52115170649e-06, 1.01285013443e-06, 1.97624927978e-07, 4.01583946541e-07, 9.08199311311e-08, 1.84679706194e-07, 7.78927358169e-08, 5.69462699218e-08, 5.8350323684e-08, 3.28438005681e-08, 1.10019797717e-08, 1.43280109999e-09, 7.62929476539e-12],
        "max": [0.00721292477101, 0.0871431827545, 0.0366380624473, 0.00633794534951, 0.0307257659733, 0.0250181946903, 0.0602513253689, 0.0453417599201, 0.0522671714425, 0.0264991000295, 0.0142020378262, 0.0219243168831, 0.0175751931965, 0.0188298858702, 0.0162538420409, 0.0178577974439, 0.00359934335575, 0.00341958971694, 0.00270439335145, 0.00383238121867, 0.00202815025114, 0.0025537640322, 0.00391127448529, 0.00161244149785, 0.00109522393905, 0.00054621003801, 2.77558938251e-05],
        "mean": [0.000220641872147, 0.00751538062468, 0.00394013477489, 0.00104958890006, 0.00223957072012, 0.00112670997623, 0.000850571203046, 0.00234811683185, 0.00282412441447, 0.00113889446948, 0.000616308418103, 0.000746824371163, 0.00079219986219, 0.000812072947156, 0.000905768480152, 0.000529869052116, 0.000379934237571, 0.000332899857312, 0.0003497741709, 0.000484924850753, 0.000262887537247, 0.000215996537008, 0.000149905128637, 0.000154403533088, 7.4768315244e-05, 2.80800195469e-05, 1.48507979247e-06],
        "median": [8.61689695739e-05, 0.00414790399373, 0.0026261373423, 0.000734293775167, 0.00120735249948, 0.000484149466502, 0.000352728937287, 0.000424845027737, 0.000587101618294, 0.000467435689643, 0.000346047920175, 0.000383986218367, 0.000406356120948, 0.000334576820023, 0.000255133898463, 0.000300516752759, 0.000280727312202, 0.000222040398512, 0.000332717114361, 0.00036633387208, 0.000203402887564, 0.000151890199049, 8.93844262464e-05, 9.90082480712e-05, 4.85448690597e-05, 1.63776421687e-05, 7.94003653937e-07],
        "min": [2.28756346542e-23, 4.67064347142e-23, 1.63753292873e-23, 2.98210437428e-23, 5.27390181395e-23, 5.3481241588e-23, 3.81346058538e-23, 3.88910729748e-23, 4.50037447146e-23, 3.30990321722e-23, 5.77544316918e-23, 7.17435545596e-23, 9.32246661491e-23, 2.79855486943e-22, 1.59116071861e-22, 1.47455596965e-22, 1.30245504534e-22, 4.01286196613e-22, 3.08270736376e-22, 4.54354346455e-22, 2.75982520686e-22, 5.04449260612e-22, 5.59067818745e-22, 8.22315271899e-22, 1.23585408134e-21, 1.55766702248e-21, 2.35829717705e-21],
        "var": [1.44848158357e-07, 0.000117959018098, 1.9304221496e-05, 1.08063875359e-06, 9.07709454623e-06, 5.31016212335e-06, 7.94519019109e-06, 2.44971688517e-05, 3.81030549761e-05, 4.99809493704e-06, 8.21178844035e-07, 1.94698122868e-06, 1.86074294106e-06, 2.83130225398e-06, 3.61866818821e-06, 1.07219909751e-06, 1.43852602719e-07, 1.43925632301e-07, 6.75256401905e-08, 1.96441419575e-07, 6.21409412815e-08, 4.38737934871e-08, 5.00520620506e-08, 3.61754715072e-08, 9.25673404595e-09, 1.84170501072e-09, 5.46836274179e-12]
    },
    "erbbands": {
        "dmean": [0.118901833892, 1.66252148151, 3.46808171272, 2.27559328079, 4.694876194, 4.97288560867, 6.84177780151, 7.53700971603, 7.81106996536, 16.48021698, 35.9542732239, 43.6147727966, 24.8296642303, 18.7419528961, 19.7855110168, 18.3286533356, 21.4824810028, 23.7528343201, 38.9385299683, 21.7017440796, 15.5051231384, 11.9310665131, 12.2954626083, 9.21561050415, 8.26180267334, 10.0187969208, 5.49576091766, 4.82740592957, 3.92280626297, 2.76628828049, 2.54133725166, 1.77539420128, 1.18138992786, 0.51550167799, 0.186478316784, 0.0750015601516, 0.0225915424526, 0.00390670774505, 9.30499300011e-05, 1.42707549458e-05],
        "dmean2": [0.205617517233, 2.81651997566, 5.73132038116, 3.83035421371, 7.75990343094, 8.46991920471, 11.4984054565, 12.6994075775, 13.4049930573, 26.6377449036, 56.308216095, 65.9501953125, 38.4722213745, 30.674785614, 31.5318470001, 30.2650871277, 34.5966033936, 39.4205970764, 64.1267242432, 34.6875648499, 25.4969596863, 19.6516647339, 20.766418457, 16.1795463562, 13.9005174637, 16.3523273468, 9.06402206421, 7.9226231575, 6.50461196899, 4.51632881165, 4.11321496964, 2.84684753418, 1.90985798836, 0.827619969845, 0.300767660141, 0.119458682835, 0.0342489369214, 0.00596713880077, 0.000142142162076, 2.15431246033e-05],
        "dvar": [0.0346958041191, 8.77676486969, 28.2191543579, 6.43192100525, 58.8602714539, 79.8045730591, 259.432312012, 550.865966797, 416.485534668, 1591.12475586, 5763.43994141, 10202.453125, 1754.45141602, 1127.02294922, 1503.55383301, 1707.91308594, 1931.55712891, 3542.40209961, 7226.26611328, 3196.41699219, 1187.66638184, 278.394287109, 372.645629883, 162.969070435, 106.724990845, 174.720001221, 63.6716690063, 45.4337158203, 29.6132354736, 28.1415176392, 23.6858768463, 7.99687814713, 4.56875228882, 1.11296403408, 0.111309893429, 0.0210201758891, 0.00198501977138, 5.27020492882e-05, 2.71694808873e-08, 2.43553927026e-10],
        "dvar2": [0.0962727442384, 23.1121292114, 73.0525512695, 17.0067501068, 145.615783691, 208.074920654, 667.872314453, 1496.26208496, 995.780334473, 3251.01855469, 13777.2578125, 23364.3398438, 4030.09716797, 2816.96801758, 3798.80981445, 4555.45214844, 4652.59082031, 9424.55371094, 18612.9804688, 8303.02441406, 2430.68310547, 702.083251953, 1003.70245361, 446.643981934, 283.278961182, 423.613098145, 152.588577271, 116.742073059, 74.8928527832, 64.2914352417, 48.910369873, 16.5730209351, 10.7616186142, 2.82002496719, 0.279370427132, 0.0506397373974, 0.00415338808671, 0.000115225782793, 6.09212378322e-08, 5.79452541505e-10],
        "max": [1.51874530315, 22.297908783, 54.0414276123, 22.2431278229, 64.9299926758, 133.534713745, 264.995941162, 284.032745361, 345.061676025, 931.330383301, 1143.83496094, 1412.43920898, 562.339599609, 597.846862793, 648.740234375, 919.372680664, 914.187255859, 1021.80664062, 1125.86364746, 924.12701416, 1157.94677734, 214.881256104, 233.092559814, 101.15473175, 155.688995361, 184.419342041, 115.38822937, 87.4400024414, 75.2521057129, 110.811454773, 105.983459473, 43.2029953003, 32.1250724792, 18.1652374268, 4.66218185425, 2.48085427284, 1.1159799099, 0.162246257067, 0.00347051396966, 0.000160886556841],
        "mean": [0.145958155394, 1.91038298607, 5.19295883179, 3.76024699211, 5.89881038666, 6.43759965897, 9.24844360352, 9.01427650452, 10.6071968079, 25.1425094604, 56.3524932861, 65.5737838745, 42.2248764038, 28.8997249603, 31.2508487701, 27.6102790833, 33.7308502197, 38.5823898315, 55.9324531555, 34.5211219788, 28.699213028, 22.5282917023, 19.228811264, 16.7489776611, 19.7515220642, 22.4068031311, 12.3237934113, 10.627456665, 8.37198829651, 5.34794473648, 4.20346021652, 3.49903202057, 2.35765123367, 1.06366348267, 0.41310107708, 0.156108722091, 0.045911218971, 0.00762805948034, 0.000195280415937, 4.30844229413e-05],
        "median": [0.0814691334963, 1.01969432831, 3.29633259773, 2.97012686729, 3.21471428871, 3.349350214, 4.6905412674, 3.49862718582, 5.38494873047, 7.09222602844, 11.7351932526, 14.1534748077, 20.9668769836, 14.9791889191, 16.0254516602, 16.3684768677, 18.0636806488, 18.8877639771, 18.5167598724, 14.4058704376, 17.6767978668, 15.96134758, 13.338508606, 14.1929950714, 18.9007129669, 16.4610214233, 9.14236164093, 8.14115142822, 6.12392663956, 3.63260173798, 2.34484910965, 2.22393727303, 1.48299372196, 0.659170746803, 0.273422598839, 0.101534925401, 0.0249067489058, 0.00408426579088, 0.000115131253551, 3.71486057702e-05],
        "min": [1.36388411104e-21, 1.0416168466e-20, 1.51433376457e-20, 6.82577680004e-20, 1.0719425157e-19, 1.78737122137e-19, 3.22373041775e-19, 5.85571340288e-19, 5.81940947977e-19, 4.54757017412e-19, 1.1869618894e-18, 1.07477293389e-18, 7.68947045731e-19, 1.8425774881e-18, 2.63508620489e-18, 3.32972477276e-18, 4.18646778643e-18, 8.61766936479e-18, 1.24152729278e-17, 8.62333720635e-18, 8.38121895951e-18, 8.54430837063e-18, 1.73742819114e-17, 1.78841676215e-17, 1.63093695908e-17, 2.39746157537e-17, 1.37773027342e-17, 1.13409522549e-17, 1.83218024139e-17, 1.22428578825e-17, 1.58825278511e-17, 1.882196048e-17, 1.30743257721e-17, 1.3667174389e-17, 8.29280493256e-18, 5.74696345076e-18, 3.02994314504e-18, 1.2653518315e-18, 3.41285595903e-19, 3.52218093093e-20],
        "var": [0.0359294638038, 8.08413887024, 37.0755119324, 10.1864061356, 69.1010971069, 84.5933685303, 278.036010742, 483.912597656, 589.437072754, 3876.66943359, 13362.8876953, 20530.2929688, 3954.63110352, 2099.0715332, 2602.5859375, 2053.23461914, 2899.7121582, 6308.4453125, 11256.0742188, 4788.59570312, 3233.57348633, 562.655212402, 416.101654053, 198.222976685, 221.911300659, 454.080322266, 154.942047119, 91.8820419312, 63.8990783691, 44.8679771423, 42.8172264099, 18.7898807526, 9.70031452179, 2.10433030128, 0.243537902832, 0.0454657264054, 0.00614257482812, 0.000146394682815, 7.41547054872e-08, 7.54860840502e-10]
    },
    "gfcc": {
        "mean": [27.8723392487, 74.6617202759, -121.733901978, 38.9790000916, -58.2176132202, 24.1106033325, -31.6011962891, 15.411863327, -23.7985134125, 6.00196504593, -20.3969631195, -3.78183913231, -12.8478946686],
        "cov": [[7426.75097656, 139.817047119, -73.9152297974, 197.626602173, -53.0443763733, 176.467926025, 12.1364364624, 116.319877625, -94.1354141235, 42.1398620605, 15.7564716339, 90.1487884521, -14.2449874878], [139.817047119, 434.918548584, 36.5928764343, 120.668655396, 127.336601257, 19.2072753906, 120.305801392, 25.0207004547, 32.805934906, -9.13609886169, 17.6280975342, -36.887008667, 6.94426250458], [-73.9152297974, 36.5928764343, 432.422851562, 228.753845215, 134.774276733, 83.7603607178, 13.6002674103, 54.5323562622, -8.24762630463, -5.12609434128, 41.08934021, 45.5764961243, -31.205329895], [197.626602173, 120.668655396, 228.753845215, 312.571777344, 167.264022827, 71.588470459, 45.3752593994, 35.3652496338, -2.91206526756, -13.5061073303, 38.7505302429, 31.3751239777, 4.52732086182], [-53.0443763733, 127.336601257, 134.774276733, 167.264022827, 241.762405396, 112.063720703, 102.489479065, 56.3295021057, 23.6388282776, 16.4758548737, 24.4334831238, 10.4701690674, 7.35690402985], [176.467926025, 19.2072753906, 83.7603607178, 71.588470459, 112.063720703, 143.997436523, 92.4144134521, 49.7100334167, -2.75367164612, 4.30035829544, 11.8693437576, 6.21216678619, -8.64766120911], [12.1364364624, 120.305801392, 13.6002674103, 45.3752593994, 102.489479065, 92.4144134521, 189.721740723, 72.0239639282, 22.1652565002, 8.69381809235, 9.87853908539, -7.12314605713, -7.33735752106], [116.319877625, 25.0207004547, 54.5323562622, 35.3652496338, 56.3295021057, 49.7100334167, 72.0239639282, 95.9618453979, 45.7683448792, 18.3339538574, 6.59071922302, -2.53018641472, -13.1103334427], [-94.1354141235, 32.805934906, -8.24762630463, -2.91206526756, 23.6388282776, -2.75367164612, 22.1652565002, 45.7683448792, 124.416786194, 47.7578430176, -14.2408304214, -33.6337661743, -0.290298402309], [42.1398620605, -9.13609886169, -5.12609434128, -13.5061073303, 16.4758548737, 4.30035829544, 8.69381809235, 18.3339538574, 47.7578430176, 68.6987991333, 15.2203445435, -7.56775999069, -3.15445113182], [15.7564716339, 17.6280975342, 41.08934021, 38.7505302429, 24.4334831238, 11.8693437576, 9.87853908539, 6.59071922302, -14.2408304214, 15.2203445435, 80.0073928833, 38.8976020813, -1.24698340893], [90.1487884521, -36.887008667, 45.5764961243, 31.3751239777, 10.4701690674, 6.21216678619, -7.12314605713, -2.53018641472, -33.6337661743, -7.56775999069, 38.8976020813, 76.9730911255, 18.5775241852], [-14.2449874878, 6.94426250458, -31.205329895, 4.52732086182, 7.35690402985, -8.64766120911, -7.33735752106, -13.1103334427, -0.290298402309, -3.15445113182, -1.24698340893, 18.5775241852, 63.0362815857]],
        "icov": [[0.000199318950763, -0.000322449457599, 0.000333898235112, -0.000404915219406, 0.000539473607205, -0.000685319595505, 0.000484780379338, -0.000620559265371, 0.000421381235356, -0.000653314345982, 0.000467689096695, -0.000577502010856, 0.000194019885384], [-0.000322449457599, 0.00480086030439, -0.000726116239093, -0.000232455524383, -0.00263600377366, 0.00395196815953, -0.00403392268345, 0.00243523926474, -0.00150323414709, 0.00312995444983, -0.00303526665084, 0.00444236909971, -0.00127732288092], [0.000333898235112, -0.000726116239093, 0.0054568881169, -0.00356112327427, 0.000462867697934, -0.0026447144337, 0.00298771285452, -0.00304134655744, 0.000855827529449, -0.00118545989972, 0.00121341401245, -0.00336068239994, 0.00337001611479], [-0.000404915219406, -0.000232455524383, -0.00356112327427, 0.00860378611833, -0.00478938408196, 0.00169012777042, -0.000343248655554, 0.00148964906111, -0.00133903243113, 0.00385542097501, -0.00252587487921, 0.000935064163059, -0.00152480194811], [0.000539473607205, -0.00263600377366, 0.000462867697934, -0.00478938408196, 0.0128205670044, -0.00762671139091, 0.000170993880602, -0.00190546503291, 0.000559323001653, -0.00485670799389, 0.00202633719891, -0.00229758606292, -0.00145678373519], [-0.000685319595505, 0.00395196815953, -0.0026447144337, 0.00169012777042, -0.00762671139091, 0.0186754297465, -0.00782059691846, 0.000371558940969, 0.00138939206954, 0.0026065914426, -0.00214472645894, 0.00449173850939, -0.000631134898867], [0.000484780379338, -0.00403392268345, 0.00298771285452, -0.000343248655554, 0.000170993880602, -0.00782059691846, 0.0143194710836, -0.00850846711546, 0.00208607711829, -0.0018452667864, 0.00167452613823, -0.00300240400247, 0.00169720302802], [-0.000620559265371, 0.00243523926474, -0.00304134655744, 0.00148964906111, -0.00190546503291, 0.000371558940969, -0.00850846711546, 0.023375025019, -0.00945225730538, 0.00321482028812, -0.0022221475374, 8.20169370854e-05, 0.00217267521657], [0.000421381235356, -0.00150323414709, 0.000855827529449, -0.00133903243113, 0.000559323001653, 0.00138939206954, 0.00208607711829, -0.00945225730538, 0.017670949921, -0.0115473140031, 0.00418806448579, 0.00353767583147, -0.00227329740301], [-0.000653314345982, 0.00312995444983, -0.00118545989972, 0.00385542097501, -0.00485670799389, 0.0026065914426, -0.0018452667864, 0.00321482028812, -0.0115473140031, 0.027222501114, -0.010261375457, 0.00465580821037, -0.000243972302997], [0.000467689096695, -0.00303526665084, 0.00121341401245, -0.00252587487921, 0.00202633719891, -0.00214472645894, 0.00167452613823, -0.0022221475374, 0.00418806448579, -0.010261375457, 0.0226103626192, -0.0133577985689, 0.00431395601481], [-0.000577502010856, 0.00444236909971, -0.00336068239994, 0.000935064163059, -0.00229758606292, 0.00449173850939, -0.00300240400247, 8.20169370854e-05, 0.00353767583147, 0.00465580821037, -0.0133577985689, 0.0282837171108, -0.0101492851973], [0.000194019885384, -0.00127732288092, 0.00337001611479, -0.00152480194811, -0.00145678373519, -0.000631134898867, 0.00169720302802, 0.00217267521657, -0.00227329740301, -0.000243972302997, 0.00431395601481, -0.0101492851973, 0.0216128733009]]
    },
    "melbands": {
        "dmean": [0.00144826085307, 0.0019614927005, 0.00040704474668, 0.000389148219256, 0.000218991946895, 0.000166186699062, 0.000126705432194, 0.000223826355068, 0.00028948666295, 0.000283118744846, 0.000126871673274, 8.32478399388e-05, 5.59525906283e-05, 6.54092800687e-05, 4.68233192805e-05, 5.49031501578e-05, 4.61803283542e-05, 6.77376374369e-05, 4.15762624471e-05, 2.42942787736e-05, 1.90069404198e-05, 1.40320898936e-05, 8.97835525393e-06, 1.36385297083e-05, 7.3395635809e-06, 6.49249886919e-06, 7.70128463046e-06, 7.36727315598e-06, 4.0696772885e-06, 2.843572247e-06, 3.11310327561e-06, 2.45058367909e-06, 2.0034847239e-06, 1.57817532909e-06, 1.55630687004e-06, 1.36549158469e-06, 1.12332770641e-06, 9.28181236759e-07, 6.88530235493e-07, 3.97241251449e-07],
        "dmean2": [0.00250615668483, 0.00327383656986, 0.000674406823236, 0.000657622818835, 0.000364791660104, 0.000279815169051, 0.000216079162783, 0.000359334138921, 0.000448859500466, 0.000426173384767, 0.000197644621949, 0.000134879446705, 9.03350446606e-05, 0.000107050669612, 7.86788150435e-05, 8.82489839569e-05, 7.70285478211e-05, 0.00011195915431, 6.81408273522e-05, 3.93019217881e-05, 3.16676014336e-05, 2.33245445997e-05, 1.50175455929e-05, 2.3706788852e-05, 1.28392666738e-05, 1.10773216875e-05, 1.29386808112e-05, 1.20296526802e-05, 6.6772986429e-06, 4.74965690955e-06, 5.09594883624e-06, 4.07237621403e-06, 3.30206194121e-06, 2.5726324111e-06, 2.50758239417e-06, 2.19675712287e-06, 1.83125848707e-06, 1.4953044456e-06, 1.12333270863e-06, 6.46159094231e-07],
        "dvar": [6.11998211753e-06, 1.02426456579e-05, 1.95727693608e-07, 4.57769289142e-07, 2.26719109264e-07, 2.31757141478e-07, 1.16107884196e-07, 2.4475221494e-07, 3.69597472627e-07, 4.31195275041e-07, 4.76930139826e-08, 2.31903261039e-08, 1.11203481978e-08, 2.59560462013e-08, 6.26002671922e-09, 1.32015030019e-08, 1.6619388532e-08, 2.35081074607e-08, 1.11048192863e-08, 3.0419216035e-09, 1.9386570127e-09, 3.81870091104e-10, 1.44397105384e-10, 5.82157155815e-10, 9.11694122974e-11, 5.80665862615e-11, 1.08460566917e-10, 9.65333368796e-11, 3.20181103852e-11, 1.98122074302e-11, 1.73799290931e-11, 1.04304542434e-11, 1.30060285458e-11, 9.96322902652e-12, 9.52730602743e-12, 5.92881776659e-12, 3.10750643967e-12, 2.60176277224e-12, 2.03321235716e-12, 6.44098977712e-13],
        "dvar2": [1.65792243934e-05, 2.6002913728e-05, 5.11741745868e-07, 1.16823673579e-06, 5.79410880164e-07, 6.25479685823e-07, 2.59305579675e-07, 5.54351629489e-07, 8.51546872127e-07, 9.81827497526e-07, 1.08008713084e-07, 5.56222090609e-08, 2.8642094918e-08, 6.5223154877e-08, 1.66374007904e-08, 3.05807255074e-08, 4.52281092578e-08, 6.19307058969e-08, 2.96689233181e-08, 7.30124716242e-09, 3.97342292402e-09, 9.61623891627e-10, 3.74457326258e-10, 1.62036817297e-09, 2.51076576196e-10, 1.5970885725e-10, 2.72474098839e-10, 2.27761365323e-10, 7.33732588576e-11, 5.2820369606e-11, 4.48208345438e-11, 2.60238150473e-11, 3.37075749257e-11, 2.31719209792e-11, 1.95337478831e-11, 1.27321755569e-11, 7.08541341918e-12, 6.20076559543e-12, 5.22725482691e-12, 1.64787758092e-12],
        "max": [0.0202116668224, 0.0275662783533, 0.00352516118437, 0.00732954591513, 0.00776921259239, 0.00579447112978, 0.00800829660147, 0.00815609935671, 0.00863049831241, 0.00964798312634, 0.0029871405568, 0.002427656902, 0.00205636862665, 0.00305985705927, 0.00122268893756, 0.00164386956021, 0.00233075092547, 0.00227656331845, 0.00158871558961, 0.000771274091676, 0.00148325238843, 0.000283976114588, 0.000145283192978, 0.000196503591724, 7.14896450518e-05, 0.000117177747597, 0.000161378018674, 0.000136015733005, 8.64041139721e-05, 5.5253818573e-05, 6.34648531559e-05, 4.65210177936e-05, 8.30780627439e-05, 6.29837304587e-05, 6.90539673087e-05, 4.84292468172e-05, 2.03859744943e-05, 2.11616388697e-05, 2.31868398259e-05, 1.4352416656e-05],
        "mean": [0.00171521480661, 0.00275603402406, 0.000711987318937, 0.000480907328892, 0.000309909286443, 0.000203748728381, 0.000164254568517, 0.000349323119735, 0.000448467326351, 0.000419896561652, 0.000213294042624, 0.00012579667964, 8.91266099643e-05, 9.47012013057e-05, 6.51207737974e-05, 8.0686819274e-05, 6.91823806847e-05, 9.28723311517e-05, 5.838197103e-05, 3.80237761419e-05, 3.22387422784e-05, 2.43566228164e-05, 1.62541255122e-05, 1.72425516212e-05, 1.28981464513e-05, 1.37818024086e-05, 1.59412484209e-05, 1.49480356413e-05, 8.26605082693e-06, 5.83078735872e-06, 6.27421650279e-06, 4.81024062537e-06, 3.78041613658e-06, 2.69034035227e-06, 2.39131668422e-06, 2.24871541832e-06, 2.12378108699e-06, 1.75630077592e-06, 1.24041753224e-06, 7.93819879163e-07],
        "median": [0.000979145057499, 0.00175190891605, 0.000591532094404, 0.000253402453382, 0.000163540273206, 8.60332293087e-05, 7.74804866523e-05, 8.36453327793e-05, 8.51362274261e-05, 8.23718801257e-05, 0.000101591082057, 5.80375308346e-05, 4.7324490879e-05, 4.47045022156e-05, 3.81775316782e-05, 3.48031353496e-05, 2.98990398733e-05, 3.156452658e-05, 1.84070358955e-05, 1.92777952179e-05, 1.94947369891e-05, 1.69631057361e-05, 1.2359444554e-05, 1.06032393887e-05, 1.07571077024e-05, 1.26196719066e-05, 1.33257499328e-05, 1.00749439298e-05, 5.68655013922e-06, 4.50875450042e-06, 4.78498532175e-06, 3.37512460646e-06, 2.67092423201e-06, 1.78099116965e-06, 1.23271877328e-06, 1.29640272917e-06, 1.3712906366e-06, 1.10593646241e-06, 7.23418224879e-07, 5.1282233926e-07],
        "min": [1.39570761824e-23, 1.06228009497e-23, 1.35552193932e-23, 8.83561763627e-24, 1.13029536667e-23, 1.15148101515e-23, 9.00882703636e-24, 5.24545880292e-24, 1.0025715286e-23, 6.23523824197e-24, 3.35412928392e-24, 6.81380657923e-24, 7.68330011302e-24, 9.44722386267e-24, 8.65655962142e-24, 9.44635059364e-24, 1.83064323843e-23, 2.38814070648e-23, 1.21539026584e-23, 1.09003537706e-23, 9.31091106483e-24, 7.72043416241e-24, 1.14240469711e-23, 2.15213908273e-23, 1.29853107765e-23, 1.32599377123e-23, 1.12670904723e-23, 1.63504864797e-23, 8.82353544264e-24, 8.55445814331e-24, 5.7899641263e-24, 1.04580015957e-23, 9.92372188183e-24, 5.58938716924e-24, 7.26879315037e-24, 1.40693137342e-23, 1.1169799468e-23, 9.79593903696e-24, 8.86083830827e-24, 1.24408161028e-23],
        "var": [5.74684463572e-06, 1.146440718e-05, 3.28147592654e-07, 4.88813043376e-07, 2.65691511458e-07, 2.10794837585e-07, 1.88662895084e-07, 5.84636097756e-07, 9.46237150856e-07, 9.06963691705e-07, 1.12007022324e-07, 5.07450330645e-08, 1.86916775391e-08, 3.74190243235e-08, 7.83623388401e-09, 2.52030076808e-08, 2.83523355904e-08, 3.23562581173e-08, 1.66578004723e-08, 4.89893503541e-09, 4.89521623237e-09, 6.92051194129e-10, 2.34445574065e-10, 4.85023632368e-10, 1.18107190694e-10, 1.14794868056e-10, 2.06872727282e-10, 2.44107872804e-10, 8.35002553212e-11, 3.31435538736e-11, 3.4562325224e-11, 2.3027874746e-11, 1.95179983287e-11, 1.4413496438e-11, 1.68451554788e-11, 1.06489582777e-11, 6.68317874999e-12, 5.46142731733e-12, 3.32091320589e-12, 1.18536517407e-12]
    },
    "mfcc": {
        "mean": [-609.545043945, 99.8088226318, -2.21938061714, 20.1662559509, 1.87361335754, 9.25646018982, 6.29871749878, 5.45706129074, 5.76216602325, 8.14556407928, 0.266930133104, 0.164885595441, -2.64127993584],
        "cov": [[5405.56054688, 308.524871826, -112.708786011, 77.5244522095, -40.1230545044, 83.3879318237, 112.43069458, 70.0979614258, 21.8059577942, 26.3369045258, 18.3245944977, 18.0589485168, -5.00693750381], [308.524871826, 359.326843262, -31.6837692261, 85.6719284058, 11.1206922531, 39.6928749084, 62.5463066101, 33.9111251831, 52.2755661011, 23.267999649, 45.8823547363, 20.2131328583, 11.0522632599], [-112.708786011, -31.6837692261, 302.937408447, 116.087409973, 111.466026306, 26.5912895203, 39.2959365845, 50.3288230896, -23.3536338806, -13.5499563217, -1.12725973129, 41.1205291748, 22.7143669128], [77.5244522095, 85.6719284058, 116.087409973, 236.837875366, 119.242889404, 64.7021026611, 70.0029830933, 59.2749977112, 22.5911102295, 4.8190612793, 8.45830631256, 32.4518928528, 32.1353569031], [-40.1230545044, 11.1206922531, 111.466026306, 119.242889404, 187.938919067, 67.5501785278, 50.2576904297, 40.544834137, 19.7440643311, 21.4048862457, -0.868299543858, 26.2663536072, 26.6895256042], [83.3879318237, 39.6928749084, 26.5912895203, 64.7021026611, 67.5501785278, 116.041999817, 83.1945724487, 47.9194030762, 36.5717353821, 19.783870697, 17.9464473724, 5.36651039124, 6.84036588669], [112.43069458, 62.5463066101, 39.2959365845, 70.0029830933, 50.2576904297, 83.1945724487, 188.295913696, 98.7001342773, 15.7571792603, 3.1318936348, 30.6903610229, 11.909661293, 19.1528301239], [70.0979614258, 33.9111251831, 50.3288230896, 59.2749977112, 40.544834137, 47.9194030762, 98.7001342773, 120.352783203, 35.8725204468, 12.2726449966, 23.3972377777, 19.0651607513, 18.7708683014], [21.8059577942, 52.2755661011, -23.3536338806, 22.5911102295, 19.7440643311, 36.5717353821, 15.7571792603, 35.8725204468, 121.245346069, 63.7090568542, 29.0714683533, 3.96260976791, 4.74942922592], [26.3369045258, 23.267999649, -13.5499563217, 4.8190612793, 21.4048862457, 19.783870697, 3.1318936348, 12.2726449966, 63.7090568542, 87.170135498, 39.9303359985, 12.9270858765, -0.207054376602], [18.3245944977, 45.8823547363, -1.12725973129, 8.45830631256, -0.868299543858, 17.9464473724, 30.6903610229, 23.3972377777, 29.0714683533, 39.9303359985, 85.621383667, 38.4582481384, 8.3508605957], [18.0589485168, 20.2131328583, 41.1205291748, 32.4518928528, 26.2663536072, 5.36651039124, 11.909661293, 19.0651607513, 3.96260976791, 12.9270858765, 38.4582481384, 78.9219284058, 32.0940132141], [-5.00693750381, 11.0522632599, 22.7143669128, 32.1353569031, 26.6895256042, 6.84036588669, 19.1528301239, 18.7708683014, 4.74942922592, -0.207054376602, 8.3508605957, 32.0940132141, 60.324508667]],
