{
"lowlevel": {
    "average_loudness": 0.962480664253,
    "barkbands_crest": {
        "dmean": 2.31598830223,
        "dmean2": 3.83205652237,
        "dvar": 4.22133874893,
        "dvar2": 11.1963472366,
        "max": 20.5709056854,
        "mean": 7.65754652023,
        "median": 7.09114217758,
        "min": 2.24361348152,
        "var": 8.5292224884
    },
    "barkbands_flatness_db": {
        "dmean": 0.0185319986194,
        "dmean2": 0.0307714696974,
        "dvar": 0.000270072603598,
        "dvar2": 0.000693835201673,
        "max": 0.301533579826,
        "mean": 0.144051834941,
        "median": 0.136993587017,
        "min": 0.0654099211097,
        "var": 0.00135863083415
    },
    "barkbands_kurtosis": {
        "dmean": 1.32015502453,
        "dmean2": 2.18606185913,
        "dvar": 3.99107027054,
        "dvar2": 10.2482748032,
        "max": 21.9231109619,
        "mean": 0.565359711647,
        "median": -0.0695807933807,
        "min": -1.76619780064,
        "var": 5.49039125443
    },
    "barkbands_skewness": {
        "dmean": 0.466943413019,
        "dmean2": 0.745677471161,
        "dvar": 0.195974558592,
        "dvar2": 0.466282784939,
        "max": 4.55836486816,
        "mean": 0.902988255024,
        "median": 0.830577135086,
        "min": -1.22219491005,
        "var": 0.534844815731
    },
    "barkbands_spread": {
        "dmean": 5.53288698196,
        "dmean2": 8.73774147034,
        "dvar": 28.8826065063,
        "dvar2": 69.6250610352,
        "max": 72.4840087891,
        "mean": 26.8522281647,
        "median": 25.2774600983,
        "min": 5.35054922104,
        "var": 116.020782471
    },
    "dissonance": {
        "dmean": 0.01326525677,
        "dmean2": 0.0225587841123,
        "dvar": 0.000145440979395,
        "dvar2": 0.00040730877663,
        "max": 0.500000059605,
        "mean": 0.475365370512,
        "median": 0.479501187801,
        "min": 0.361118644476,
        "var": 0.000323298125295
    },
    "dynamic_complexity": 2.54671049118,
    "erbbands_crest": {
        "dmean": 2.489818573,
        "dmean2": 4.07255744934,
        "dvar": 5.46853399277,
        "dvar2": 14.3510570526,
        "max": 26.989151001,
        "mean": 8.39334583282,
        "median": 7.41586971283,
        "min": 2.38513326645,
        "var": 15.4378175735
    },
    "erbbands_flatness_db": {
        "dmean": 0.0126913469285,
        "dmean2": 0.0190926920623,
        "dvar": 0.000123408884974,
        "dvar2": 0.000261061970377,
        "max": 0.365825861692,
        "mean": 0.195946142077,
        "median": 0.187650457025,
        "min": 0.113660492003,
        "var": 0.0017285697395
    },
    "erbbands_kurtosis": {
        "dmean": 0.559592843056,
        "dmean2": 0.92094117403,
        "dvar": 0.365170270205,
        "dvar2": 0.913646876812,
        "max": 7.17315387726,
        "mean": -0.291045874357,
        "median": -0.538836479187,
        "min": -1.69609940052,
        "var": 0.825683891773
    },
    "erbbands_skewness": {
        "dmean": 0.30363997817,
        "dmean2": 0.478460580111,
        "dvar": 0.0649669542909,
        "dvar2": 0.158838540316,
        "max": 1.98855388165,
        "mean": -0.0586555339396,
        "median": -0.0628152266145,
        "min": -2.16079831123,
        "var": 0.331105113029
    },
    "erbbands_spread": {
        "dmean": 6.54880523682,
        "dmean2": 10.3246707916,
        "dvar": 37.7194404602,
        "dvar2": 85.6857910156,
        "max": 100.052764893,
        "mean": 36.8733711243,
        "median": 35.278377533,
        "min": 10.2482833862,
        "var": 168.500030518
    },
    "hfc": {
        "dmean": 4.39717149734,
        "dmean2": 6.72629404068,
        "dvar": 22.9092407227,
        "dvar2": 47.9985580444,
        "max": 88.6474456787,
        "mean": 24.3308334351,
        "median": 21.616891861,
        "min": 0.000163262026035,
        "var": 207.283096313
    },
    "melbands_crest": {
        "dmean": 3.54052686691,
        "dmean2": 5.85667610168,
        "dvar": 9.10552883148,
        "dvar2": 23.6714763641,
        "max": 28.5355548859,
        "mean": 11.9622507095,
        "median": 11.293182373,
        "min": 3.84868884087,
        "var": 18.5405330658
    },
    "melbands_flatness_db": {
        "dmean": 0.0241889823228,
        "dmean2": 0.0387362577021,
        "dvar": 0.000480052491184,
        "dvar2": 0.00113545497879,
        "max": 0.349792093039,
        "mean": 0.159227177501,
        "median": 0.149739012122,
        "min": 0.0329828485847,
        "var": 0.00252232188359
    },
    "melbands_kurtosis": {
        "dmean": 3.76316666603,
        "dmean2": 6.14961624146,
        "dvar": 34.6392784119,
        "dvar2": 87.7627563477,
        "max": 88.9595031738,
        "mean": 5.37077474594,
        "median": 3.36423635483,
        "min": -1.59827566147,
        "var": 48.1279525757
    },
    "melbands_skewness": {
        "dmean": 0.613349914551,
        "dmean2": 0.975668251514,
        "dvar": 0.399225771427,
        "dvar2": 0.926012516022,
        "max": 8.46018314362,
        "mean": 1.90359246731,
        "median": 1.76657152176,
        "min": -0.469172596931,
        "var": 1.06793987751
    },
    "melbands_spread": {
        "dmean": 8.98311328888,
        "dmean2": 14.4132642746,
        "dvar": 76.8637313843,
        "dvar2": 181.534896851,
        "max": 109.630767822,
        "mean": 32.3535194397,
        "median": 29.842798233,
        "min": 4.01999282837,
        "var": 239.54284668
    },
    "pitch_salience": {
        "dmean": 0.0717714950442,
        "dmean2": 0.119195610285,
        "dvar": 0.00361609971151,
        "dvar2": 0.00984378531575,
        "max": 0.826337456703,
        "mean": 0.596167862415,
        "median": 0.602010786533,
        "min": 0.190313726664,
        "var": 0.00816851109266
    },
    "silence_rate_20dB": {
        "dmean": 0,
        "dmean2": 0,
        "dvar": 0,
        "dvar2": 0,
        "max": 1,
        "mean": 1,
        "median": 1,
        "min": 1,
        "var": 0
    },
    "silence_rate_30dB": {
        "dmean": 0,
        "dmean2": 0,
        "dvar": 0,
        "dvar2": 0,
        "max": 1,
        "mean": 1,
        "median": 1,
        "min": 1,
        "var": 0
    },
    "silence_rate_60dB": {
        "dmean": 0.0170278642327,
        "dmean2": 0.0340689122677,
        "dvar": 0.0167378932238,
        "dvar2": 0.0352304242551,
        "max": 1,
        "mean": 0.0379110239446,
        "median": 0,
        "min": 0,
        "var": 0.0364721938968
    },
    "spectral_centroid": {
        "dmean": 281.557434082,
        "dmean2": 446.216369629,
        "dvar": 65178.8476562,
        "dvar2": 163116.515625,
        "max": 3181.54663086,
        "mean": 1701.14953613,
        "median": 1692.61071777,
        "min": 374.852233887,
        "var": 231770.078125
    },
    "spectral_complexity": {
        "dmean": 3.64783287048,
        "dmean2": 5.91095638275,
        "dvar": 9.25754737854,
        "dvar2": 22.0996723175,
        "max": 55,
        "mean": 27.495552063,
        "median": 29,
        "min": 0,
        "var": 100.482040405
    },
    "spectral_decrease": {
        "dmean": 2.28056906693e-09,
        "dmean2": 3.67139207924e-09,
        "dvar": 8.1657102858e-18,
        "dvar2": 1.8716308009e-17,
        "max": -5.18133069273e-14,
        "mean": -6.47708997548e-09,
        "median": -5.74211256321e-09,
        "min": -2.70907314359e-08,
        "var": 1.79535300246e-17
    },
    "spectral_energy": {
        "dmean": 0.00885882694274,
        "dmean2": 0.0142413713038,
        "dvar": 0.000120813645481,
        "dvar2": 0.000275980681181,
        "max": 0.104702182114,
        "mean": 0.0266529303044,
        "median": 0.0235729590058,
        "min": 2.26328879194e-07,
        "var": 0.00028556669713
    },
    "spectral_energyband_high": {
        "dmean": 0.000196372158825,
        "dmean2": 0.000291262811515,
        "dvar": 8.64331539674e-08,
        "dvar2": 1.69190897736e-07,
        "max": 0.00590505218133,
        "mean": 0.000762620242313,
        "median": 0.000659196579363,
        "min": 1.12098363925e-09,
        "var": 4.66180352987e-07
    },
    "spectral_energyband_low": {
        "dmean": 0.00573833473027,
        "dmean2": 0.00939398631454,
        "dvar": 7.59552131058e-05,
        "dvar2": 0.000179725102498,
        "max": 0.082766905427,
        "mean": 0.00732436031103,
        "median": 0.00390090560541,
        "min": 4.17573815525e-08,
        "var": 9.07683715923e-05
    },
    "spectral_energyband_middle_high": {
        "dmean": 0.00189331034198,
        "dmean2": 0.00290217809379,
        "dvar": 5.81060112381e-06,
        "dvar2": 1.24604639495e-05,
        "max": 0.0403628833592,
        "mean": 0.00773283420131,
        "median": 0.00535320676863,
        "min": 2.50502143473e-08,
        "var": 4.3671218009e-05
    },
    "spectral_energyband_middle_low": {
        "dmean": 0.00614295993,
        "dmean2": 0.0101096145809,
        "dvar": 5.96782556386e-05,
        "dvar2": 0.000146367863636,
        "max": 0.0687140077353,
        "mean": 0.0132728870958,
        "median": 0.0104733277112,
        "min": 9.15144084956e-08,
        "var": 0.000108841260953
    },
    "spectral_entropy": {
        "dmean": 0.0972177237272,
        "dmean2": 0.154101207852,
        "dvar": 0.00712097249925,
        "dvar2": 0.0167952235788,
        "max": 8.37610149384,
        "mean": 7.71397733688,
        "median": 7.76327085495,
        "min": 6.71615695953,
        "var": 0.0741096884012
    },
    "spectral_flux": {
        "dmean": 0.0236697811633,
        "dmean2": 0.0385504104197,
        "dvar": 0.000613042444456,
        "dvar2": 0.00140759523492,
        "max": 0.260666370392,
        "mean": 0.0944721251726,
        "median": 0.0872564092278,
        "min": 0.000475740351249,
        "var": 0.00182462064549
    },
    "spectral_kurtosis": {
        "dmean": 1.64504468441,
        "dmean2": 2.92572045326,
        "dvar": 3.57550215721,
        "dvar2": 11.3631153107,
        "max": 22.3301334381,
        "mean": 2.86706066132,
        "median": 2.26605224609,
        "min": -0.328880786896,
        "var": 5.12657690048
    },
    "spectral_rms": {
        "dmean": 0.000798402470537,
        "dmean2": 0.00126729405019,
        "dvar": 7.21062292541e-07,
        "dvar2": 1.58642092174e-06,
        "max": 0.0101068522781,
        "mean": 0.0048194588162,
        "median": 0.00479562394321,
        "min": 1.48596318468e-05,
        "var": 2.77566959994e-06
    },
    "spectral_rolloff": {
        "dmean": 533.805603027,
        "dmean2": 875.158996582,
        "dvar": 429246.8125,
        "dvar2": 985767.125,
        "max": 7838.0859375,
        "mean": 1929.63989258,
        "median": 1808.7890625,
        "min": 172.265625,
        "var": 1071286.625
    },
    "spectral_skewness": {
        "dmean": 0.194576516747,
        "dmean2": 0.335851639509,
        "dvar": 0.0343315564096,
        "dvar2": 0.106365680695,
        "max": 3.05574464798,
        "mean": 1.02340006828,
        "median": 0.997337043285,
        "min": 0.217480793595,
        "var": 0.0840194523335
    },
    "spectral_spread": {
        "dmean": 233029.28125,
        "dmean2": 361404.9375,
        "dvar": 52680843264,
        "dvar2": 104353579008,
        "max": 6487190,
        "mean": 3452158.25,
        "median": 3510644.25,
        "min": 1661878,
        "var": 530800541696
    },
    "spectral_strongpeak": {
        "dmean": 0.647666692734,
        "dmean2": 1.10442054272,
        "dvar": 0.745402812958,
        "dvar2": 1.93260848522,
        "max": 8.45164775848,
        "mean": 1.05710554123,
        "median": 0.604306101799,
        "min": 0.0026528229937,
        "var": 1.32304096222
    },
    "zerocrossingrate": {
        "dmean": 0.00885973498225,
        "dmean2": 0.0111376522109,
        "dvar": 6.78156502545e-05,
        "dvar2": 0.000101254241599,
        "max": 0.19287109375,
        "mean": 0.0675977692008,
        "median": 0.06494140625,
        "min": 0.01806640625,
        "var": 0.000508423545398
    },
    "barkbands": {
        "dmean": [0.000117830109957, 0.00184269121382, 0.00272383634001, 0.00326026044786, 0.00158879277296, 0.000910771079361, 0.00113974569831, 0.0017284352798, 0.000840249063913, 0.00060709612444, 0.000442953431047, 0.000289357150905, 0.000534561695531, 0.000556855811737, 0.000413597095758, 0.00033066724427, 0.00039827611181, 0.000275196944131, 0.000243699571001, 0.000112762623758, 7.44626449887e-05, 6.67359054205e-05, 5.12282604177e-05, 2.95192312478e-05, 5.43629266758e-06, 5.84225912093e-09, 1.12321352219e-09],
        "dmean2": [0.000196506152861, 0.00310090999119, 0.00466136308387, 0.00558848725632, 0.0026926996652, 0.00151331105735, 0.00182682310697, 0.0027898370754, 0.00134777557105, 0.000969085202087, 0.000712678767741, 0.000464484153781, 0.000870866293553, 0.000898644735571, 0.000669974309858, 0.000529070675839, 0.000659571494907, 0.000457549263956, 0.000406727049267, 0.000183906973689, 0.000123300196719, 0.000106834573671, 7.77874156483e-05, 4.24463469244e-05, 8.24939706945e-06, 9.62365742652e-09, 2.08662020995e-09],
        "dvar": [5.68846587612e-08, 1.12510870167e-05, 2.02911724045e-05, 3.39699545293e-05, 4.84682823298e-06, 3.59304112862e-06, 3.78670461032e-06, 1.21929888337e-05, 3.86836518373e-06, 2.0717791358e-06, 1.57991757987e-06, 4.8672433195e-07, 1.25818223751e-06, 1.17034869618e-06, 7.53097651796e-07, 5.42610962384e-07, 4.47258059921e-07, 1.56007445185e-07, 7.94635113266e-08, 2.4224108941e-08, 1.30707267232e-08, 1.07806075178e-08, 1.27104149428e-08, 6.13216588619e-09, 1.54797952234e-10, 1.62647345941e-16, 2.35175657916e-18],
        "dvar2": [1.4382985114e-07, 2.90922380373e-05, 5.24609786225e-05, 8.57445556903e-05, 1.280997094e-05, 9.16932276596e-06, 8.71190604812e-06, 3.01863055938e-05, 9.46681393543e-06, 4.58128442915e-06, 3.854071565e-06, 1.2144386119e-06, 3.10282871396e-06, 2.86688259621e-06, 1.80450865628e-06, 1.29944373839e-06, 1.19112610264e-06, 4.02088289775e-07, 2.09120344152e-07, 5.98853020506e-08, 3.36780274779e-08, 2.57032990447e-08, 2.86040506836e-08, 1.1390651089e-08, 3.02275537933e-10, 4.06290523398e-16, 7.43827111151e-18],
        "max": [0.00331722479314, 0.0264948494732, 0.040081165731, 0.0559829138219, 0.0319387502968, 0.0367613993585, 0.0315344333649, 0.0466109737754, 0.041840814054, 0.0277992933989, 0.0271379631013, 0.00928343739361, 0.0151795800775, 0.0213587135077, 0.015353905037, 0.0133511899039, 0.0136729292572, 0.00709084887058, 0.00463852798566, 0.00274294265546, 0.00311063206755, 0.00256049609743, 0.00291885901242, 0.00198333454318, 0.000273393525276, 2.31839294429e-07, 1.44864804597e-08],
        "mean": [0.000121022691019, 0.0019918277394, 0.00295595661737, 0.00330136623234, 0.00244782585651, 0.00121619680431, 0.00187031086534, 0.00268316967413, 0.00139831763227, 0.0010815251153, 0.000756373337936, 0.000483139767312, 0.00088123040041, 0.00100626202766, 0.000737744965591, 0.000670971930958, 0.000857582665049, 0.000625432003289, 0.000634881260339, 0.000305345078232, 0.000217194348807, 0.000180797564099, 0.000135899390443, 7.90032427176e-05, 1.35349609991e-05, 1.09851328034e-08, 8.93516372003e-10],
        "median": [3.86147366953e-05, 0.000737685128115, 0.00147837633267, 0.00125871889759, 0.00164224440232, 0.000475810957141, 0.000857531034853, 0.00103606795892, 0.000596534111537, 0.000393349560909, 0.000205883086892, 0.000176658300916, 0.000337286037393, 0.000422342884121, 0.000355457654223, 0.000339509046171, 0.000534949125722, 0.000463603937533, 0.000537445477676, 0.000258796062553, 0.000188212565263, 0.000153767789016, 9.69465836533e-05, 5.02249713463e-05, 8.01219448476e-06, 6.27891383331e-09, 3.38257172272e-10],
        "min": [8.41463565493e-10, 7.83438558472e-09, 2.14575628377e-08, 1.67378395588e-08, 8.82929906965e-09, 6.85203538353e-09, 3.40404904264e-09, 3.89680074875e-08, 7.95543009247e-09, 9.20823639561e-10, 1.56455459699e-10, 9.16536402329e-10, 1.32207100823e-09, 9.56305812316e-10, 4.5196664189e-09, 4.00088850938e-09, 2.07055506074e-09, 3.71884523176e-09, 2.42625031177e-09, 4.9725301654e-10, 6.52010001545e-10, 2.96504348851e-11, 1.58462739458e-11, 1.25117138872e-11, 3.23031488711e-12, 2.80997425849e-12, 4.29198907317e-12],
        "var": [5.54368142502e-08, 1.15466700663e-05, 1.90819337149e-05, 3.25806795445e-05, 7.31128648113e-06, 5.88515922573e-06, 8.4960129243e-06, 2.22896978812e-05, 6.41297037873e-06, 4.70902796224e-06, 3.811349643e-06, 9.59152544056e-07, 2.67231894213e-06, 3.10977247864e-06, 1.86079114428e-06, 1.34257857098e-06, 1.27626071844e-06, 3.71332504301e-07, 2.36480232729e-07, 6.27359000305e-08, 3.67771342269e-08, 3.1211548901e-08, 4.22680912493e-08, 2.0588077021e-08, 5.42727751629e-10, 3.65612639608e-16, 1.93371107811e-18]
    },
    "erbbands": {
        "dmean": [0.0467478334904, 0.446920573711, 2.04314136505, 9.208319664, 5.37927961349, 6.61330747604, 6.54946613312, 7.85912275314, 8.65013408661, 31.2113361359, 33.6980438232, 19.9080085754, 17.6341209412, 19.2887248993, 14.7744655609, 10.8611040115, 20.3210735321, 28.1701278687, 21.6146068573, 18.6174888611, 19.4719295502, 18.8704566956, 14.4842510223, 10.8377447128, 12.2644557953, 4.85049152374, 3.5987238884, 2.66348338127, 2.47644519806, 1.99218845367, 1.37931787968, 0.800621211529, 0.414123058319, 0.117223769426, 0.00878306478262, 0.000383520266041, 2.18429413508e-05, 3.80725759896e-06, 4.38343931819e-06, 9.86317172647e-06],
        "dmean2": [0.0807230323553, 0.742324113846, 3.47802376747, 15.6851177216, 9.3273267746, 11.2227172852, 10.8271808624, 13.1504459381, 13.7286930084, 49.8987617493, 54.1765937805, 32.1131896973, 28.2579994202, 30.2681980133, 23.3974876404, 17.4118824005, 32.8587379456, 45.528629303, 34.7876358032, 29.8075637817, 31.0807781219, 31.0398330688, 24.0553379059, 18.2027301788, 20.1691532135, 7.815762043, 5.97447443008, 4.30340099335, 3.93421196938, 3.17482709885, 2.11477971077, 1.20148837566, 0.597348332405, 0.172857791185, 0.0130147887394, 0.000561782915611, 3.05449757434e-05, 5.30438228452e-06, 6.7369928729e-06, 1.57675567607e-05],
        "dvar": [0.00800785515457, 0.61027097702, 10.335981369, 257.686737061, 83.1010894775, 78.0065460205, 174.507354736, 305.842071533, 262.044952393, 3088.01147461, 5717.28808594, 2581.62451172, 1978.88415527, 2689.40820312, 1410.63879395, 624.626525879, 2113.21435547, 2496.67749023, 2350.421875, 1725.96728516, 1943.33886719, 1174.41455078, 479.294311523, 189.670959473, 236.06803894, 39.2511749268, 20.7476959229, 20.446647644, 12.8716344833, 14.926156044, 10.0538654327, 4.55252838135, 1.11469471455, 0.0764165073633, 0.000401304743718, 7.63393757097e-07, 2.29444885314e-09, 5.51216572386e-11, 2.61958718606e-11, 1.44118439405e-10],
        "dvar2": [0.0217129755765, 1.5520042181, 26.4686889648, 645.453613281, 212.910354614, 204.666687012, 455.427032471, 780.823120117, 563.914672852, 7691.84277344, 14413.9560547, 6440.42333984, 4741.37011719, 6676.19677734, 3503.21606445, 1561.24694824, 5149.34472656, 5976.79541016, 5842.83398438, 4187.22705078, 4594.18310547, 3070.6550293, 1218.0423584, 496.321868896, 598.200805664, 97.5115966797, 55.3784065247, 50.2974090576, 29.9244308472, 35.4836616516, 22.5398845673, 8.83702659607, 2.05970215797, 0.137291252613, 0.000745218363591, 1.37823940349e-06, 3.74093689359e-09, 9.01577631995e-11, 5.69674377116e-11, 3.26721344424e-10],
        "max": [0.678084075451, 7.48614645004, 27.5407867432, 160.711700439, 134.098312378, 118.226676941, 253.968414307, 268.542541504, 319.359130859, 840.099304199, 1154.71740723, 1082.68945312, 977.278198242, 992.648254395, 791.101867676, 458.223114014, 794.729309082, 1180.26367188, 894.916870117, 875.887817383, 872.711120605, 932.798950195, 416.963134766, 280.53717041, 300.378936768, 157.979492188, 101.791046143, 122.849517822, 76.9406509399, 86.1459121704, 75.5492248535, 56.3813819885, 30.7702140808, 6.50535821915, 0.611113667488, 0.0258333515376, 0.00108584656846, 0.000162067241035, 6.37169432594e-05, 0.000116905022878],
        "mean": [0.0471618063748, 0.501478850842, 2.42962312698, 9.55770778656, 7.15078496933, 9.02808570862, 9.98510932922, 9.97996902466, 15.2244634628, 52.7244873047, 53.8942947388, 33.6361808777, 32.6965141296, 35.7440719604, 26.7891407013, 21.289024353, 37.2779045105, 54.5731735229, 41.2591743469, 37.1935844421, 44.2115821838, 45.2338562012, 35.7288894653, 29.4661750793, 30.9540615082, 14.331571579, 10.4929437637, 7.60580205917, 6.52818918228, 5.1698346138, 3.60071063042, 2.07830548286, 1.08420550823, 0.314921617508, 0.0213654004037, 0.00100936670788, 7.75810403866e-05, 1.56763671839e-05, 1.77955444087e-05, 3.3061241993e-05],
        "median": [0.0158478301018, 0.204992055893, 1.38409245014, 4.11437988281, 4.4907617569, 5.28918504715, 4.32836294174, 4.09582567215, 7.76466274261, 22.4008255005, 22.0460166931, 15.7970104218, 15.5280427933, 10.4642133713, 9.45908546448, 8.57650279999, 13.9709291458, 24.7536315918, 17.940410614, 20.0441513062, 23.5868778229, 28.9748725891, 27.1112861633, 25.2175693512, 25.1572208405, 12.7143449783, 9.54270172119, 6.26240348816, 5.60393619537, 3.93494939804, 2.47733426094, 1.39296627045, 0.656057655811, 0.189617142081, 0.0119714681059, 0.000590258976445, 5.45000111742e-05, 1.235772379e-05, 1.6703397705e-05, 2.96519538097e-05],
        "min": [1.55010070557e-07, 2.29318129641e-06, 1.96048167709e-05, 5.05375501234e-05, 2.83997524093e-05, 1.43878214658e-05, 1.58242564794e-05, 7.61499395594e-05, 5.83738328714e-05, 0.000142492179293, 0.00104221492074, 0.000208857716643, 8.76959602465e-05, 1.58699185704e-05, 1.63388685905e-05, 3.76418938686e-05, 5.41385961697e-05, 6.81803503539e-05, 0.000289282470476, 0.000232449616306, 0.000178468617378, 8.08890617918e-05, 0.000169255625224, 0.000194409396499, 6.69525979902e-05, 3.43402243743e-05, 4.34066096204e-05, 3.42539897247e-06, 1.02128160506e-06, 5.31486136879e-07, 4.31489468156e-07, 2.48510758638e-07, 2.11260044125e-07, 5.48452945281e-08, 2.26717382645e-08, 1.15498428599e-08, 6.56863941018e-09, 1.75044445605e-09, 8.06122946173e-10, 3.87986420769e-10],
        "var": [0.00726511655375, 0.657509446144, 10.1791181564, 247.23991394, 84.7190093994, 121.600448608, 348.722290039, 425.221374512, 635.534912109, 7835.63720703, 9503.76757812, 3766.57958984, 3392.93237305, 6114.72021484, 3475.56787109, 1469.19042969, 4819.11132812, 7684.02001953, 4936.50585938, 3846.28393555, 5354.18896484, 3944.67041016, 1200.53796387, 497.195892334, 716.049682617, 122.207809448, 58.9191322327, 60.2439117432, 39.7740097046, 41.6208534241, 32.6136741638, 14.0820465088, 3.86003494263, 0.290350556374, 0.00146018166561, 2.95139375339e-06, 1.06941957512e-08, 2.87871088078e-10, 1.03969811927e-10, 3.91013749157e-10]
    },
    "gfcc": {
        "mean": [-5.01359462738, 126.594039917, -170.396636963, 61.90832901, -70.3054351807, 8.66806125641, -32.5404243469, -1.16171872616, -3.32395815849, -18.992231369, -0.101592838764, -27.1240005493, -4.19397687912],
        "cov": [[3923.37548828, -821.748474121, 512.42565918, 390.032287598, -615.32043457, 759.709655762, -414.224761963, 157.925094604, -175.648696899, -205.763977051, -104.400169373, -27.9839000702, 85.1743240356], [-821.748474121, 791.151550293, -75.8819198608, -206.67666626, 344.032684326, -299.676483154, 280.943756104, -82.4663314819, 39.3488311768, -17.6109390259, 41.9078636169, 23.082649231, 56.2448120117], [512.42565918, -75.8819198608, 422.049530029, 266.172515869, -104.558784485, 162.227294922, -120.759315491, 44.9299468994, -36.812084198, -53.3335838318, -34.4194068909, 3.71437168121, 32.7053375244], [390.032287598, -206.67666626, 266.172515869, 341.615356445, -49.8981513977, 121.031028748, -124.747917175, 43.377784729, -5.79393529892, -15.5771827698, -36.541103363, 7.1611161232, 3.79330992699], [-615.32043457, 344.032684326, -104.558784485, -49.8981513977, 299.532348633, -169.097259521, 153.700622559, -23.3269004822, 43.3947753906, 26.5931873322, -0.0476166568696, 17.3426551819, 26.2731285095], [759.709655762, -299.676483154, 162.227294922, 121.031028748, -169.097259521, 322.703155518, -90.6630935669, 53.6807098389, -50.6609573364, -47.5506591797, -24.8035411835, -15.4758138657, 4.23987865448], [-414.224761963, 280.943756104, -120.759315491, -124.747917175, 153.700622559, -90.6630935669, 216.515304565, -3.96011090279, 8.48987388611, 6.0737695694, 30.5621528625, 15.5141181946, 3.36453866959], [157.925094604, -82.4663314819, 44.9299468994, 43.377784729, -23.3269004822, 53.6807098389, -3.96011090279, 95.8960037231, 17.8661823273, -6.59566736221, -23.876077652, 4.96512937546, 21.4345302582], [-175.648696899, 39.3488311768, -36.812084198, -5.79393529892, 43.3947753906, -50.6609573364, 8.48987388611, 17.8661823273, 85.186378479, 41.66248703, 7.64481115341, 0.400265067816, -5.09721326828], [-205.763977051, -17.6109390259, -53.3335838318, -15.5771827698, 26.5931873322, -47.5506591797, 6.0737695694, -6.59566736221, 41.66248703, 96.1213989258, 38.8594589233, -0.685286700726, -27.6134319305], [-104.400169373, 41.9078636169, -34.4194068909, -36.541103363, -0.0476166568696, -24.8035411835, 30.5621528625, -23.876077652, 7.64481115341, 38.8594589233, 67.9396362305, 15.8892297745, -21.6731052399], [-27.9839000702, 23.082649231, 3.71437168121, 7.1611161232, 17.3426551819, -15.4758138657, 15.5141181946, 4.96512937546, 0.400265067816, -0.685286700726, 15.8892297745, 51.3389663696, 32.832824707], [85.1743240356, 56.2448120117, 32.7053375244, 3.79330992699, 26.2731285095, 4.23987865448, 3.36453866959, 21.4345302582, -5.09721326828, -27.6134319305, -21.6731052399, 32.832824707, 81.2694320679]],
        "icov": [[0.000670526816975, -0.000980197335593, 0.00087326625362, -0.000824889575597, 0.00116677745245, -0.00142557139043, 0.00108260416891, -0.000885904533789, 0.000785053067375, -5.74022706132e-05, 0.000145081969094, -1.91502076632e-05, -0.000375129719032], [-0.000980197335593, 0.0185323916376, -0.0134363565594, 0.00985830835998, -0.0119609190151, 0.0106260124594, -0.013472918421, 0.0112723633647, -0.00972160603851, 0.0118972258642, -0.0124030513689, 0.0118071353063, -0.0105994632468], [0.00087326625362, -0.0134363565594, 0.015800870955, -0.0118173258379, 0.00980451703072, -0.00829252973199, 0.00985322054476, -0.00855503231287, 0.00785535573959, -0.00663093943149, 0.0061981799081, -0.00541850784793, 0.00376969692297], [-0.000824889575597, 0.00985830835998, -0.0118173258379, 0.0139591861516, -0.00985559821129, 0.00460710516199, -0.00340512720868, 0.00435833027586, -0.00537999486551, 0.00506365299225, -0.00321976281703, 9.28010122152e-05, 0.000570119183976], [0.00116677745245, -0.0119609190151, 0.00980451703072, -0.00985559821129, 0.0180210918188, -0.00483806245029, 0.00146355270408, -0.00357034266926, 0.00384915224276, -0.00978436227888, 0.012095278129, -0.00571832526475, 0.00132969208062], [-0.00142557139043, 0.0106260124594, -0.00829252973199, 0.00460710516199, -0.00483806245029, 0.0132767613977, -0.00892046838999, 0.00457276403904, -0.00390825094655, 0.00683500804007, -0.00742644909769, 0.00860226992518, -0.0060817329213], [0.00108260416891, -0.013472918421, 0.00985322054476, -0.00340512720868, 0.00146355270408, -0.00892046838999, 0.0226771850139, -0.0136340754107, 0.00971996039152, -0.00447827437893, 0.0020825334359, -0.00992077309638, 0.0106841279194], [-0.000885904533789, 0.0112723633647, -0.00855503231287, 0.00435833027586, -0.00357034266926, 0.00457276403904, -0.0136340754107, 0.0243286602199, -0.0123676620424, 0.00419955933467, 0.000791711208876, 0.00491938646883, -0.00969506893307], [0.000785053067375, -0.00972160603851, 0.00785535573959, -0.00537999486551, 0.00384915224276, -0.00390825094655, 0.00971996039152, -0.0123676620424, 0.0239785145968, -0.0120102129877, 0.00518804369494, -0.00472909351811, 0.00553151965141], [-5.74022706132e-05, 0.0118972258642, -0.00663093943149, 0.00506365299225, -0.00978436227888, 0.00683500804007, -0.00447827437893, 0.00419955933467, -0.0120102129877, 0.0287369154394, -0.0213073194027, 0.0109428847209, -0.00494953989983], [0.000145081969094, -0.0124030513689, 0.0061981799081, -0.00321976281703, 0.012095278129, -0.00742644909769, 0.0020825334359, 0.000791711208876, 0.00518804369494, -0.0213073194027, 0.0443149097264, -0.0269703548402, 0.0180696565658], [-1.91502076632e-05, 0.0118071353063, -0.00541850784793, 9.28010122152e-05, -0.00571832526475, 0.00860226992518, -0.00992077309638, 0.00491938646883, -0.00472909351811, 0.0109428847209, -0.0269703548402, 0.0485691577196, -0.0288549531251], [-0.000375129719032, -0.0105994632468, 0.00376969692297, 0.000570119183976, 0.00132969208062, -0.0060817329213, 0.0106841279194, -0.00969506893307, 0.00553151965141, -0.00494953989983, 0.0180696565658, -0.0288549531251, 0.0356334932148]]
    },
    "melbands": {
        "dmean": [0.000474476779345, 0.00087080366211, 0.00138881162275, 0.000377704825951, 0.000243224712904, 0.000172366970219, 0.000157873291755, 0.00035196528188, 0.000250777491601, 0.000122459765407, 8.97444842849e-05, 8.04998926469e-05, 5.76089805691e-05, 3.25594082824e-05, 3.42413222825e-05, 5.55296392122e-05, 5.61167580599e-05, 4.00204735342e-05, 2.92399363389e-05, 2.27814543905e-05, 2.62428766291e-05, 2.36312425841e-05, 1.6262563804e-05, 1.52107468239e-05, 9.35603657126e-06, 1.11180779641e-05, 6.54831364955e-06, 3.24160373566e-06, 2.71313797384e-06, 2.03542276722e-06, 1.69626400748e-06, 1.66737686413e-06, 1.28612543904e-06, 1.18604737054e-06, 8.9884326826e-07, 6.84120152528e-07, 4.83232838633e-07, 3.40733464554e-07, 2.01200506922e-07, 7.81405944394e-08],
        "dmean2": [0.000805809453595, 0.00144818762783, 0.00235829222947, 0.000647345266771, 0.000403186597396, 0.000287665752694, 0.000252080790233, 0.000560901593417, 0.000402781151934, 0.00019777684065, 0.000144687655848, 0.000126672326587, 9.13170733838e-05, 5.28486561961e-05, 5.35925137228e-05, 9.04796397663e-05, 9.12894684006e-05, 6.43381790724e-05, 4.72120809718e-05, 3.68891815015e-05, 4.19246971433e-05, 3.94896123908e-05, 2.67463274213e-05, 2.57428837358e-05, 1.58627244673e-05, 1.84394739335e-05, 1.07717532956e-05, 5.34900209459e-06, 4.53865914096e-06, 3.39057783094e-06, 2.76784658126e-06, 2.70036161965e-06, 2.07520020012e-06, 1.89999161648e-06, 1.40378040214e-06, 1.06577431325e-06, 7.33956596832e-07, 5.06826552282e-07, 3.01704574213e-07, 1.20429120898e-07],
        "dvar": [7.90883177615e-07, 1.66032089055e-06, 5.65768641536e-06, 2.53883001733e-07, 1.75924753876e-07, 1.38838714747e-07, 7.55844382638e-08, 3.92585263853e-07, 3.17608964906e-07, 9.87178623291e-08, 5.09661752801e-08, 4.52454500532e-08, 2.25200924575e-08, 6.97157975793e-09, 7.79600384249e-09, 1.30614292715e-08, 1.11157296701e-08, 8.86065532058e-09, 4.68186911462e-09, 2.29615637615e-09, 2.9250359912e-09, 1.90115412302e-09, 6.54725551552e-10, 4.23279772344e-10, 1.52022339162e-10, 1.76905740057e-10, 8.94917057126e-11, 1.62302966206e-11, 1.10354459945e-11, 9.05067600726e-12, 9.204477458e-12, 4.99993232581e-12, 7.00428040221e-12, 5.23526751464e-12, 4.1179473026e-12, 2.7931342135e-12, 1.69397883307e-12, 7.71415266734e-13, 2.64512478761e-13, 3.18739209559e-14],
        "dvar2": [2.08725623452e-06, 4.0517306843e-06, 1.40844995258e-05, 6.78129140397e-07, 4.46054599479e-07, 3.49618034079e-07, 1.68327261463e-07, 9.75594730335e-07, 7.97689665433e-07, 2.42613623413e-07, 1.21053744806e-07, 1.10823620503e-07, 5.4641020597e-08, 1.7982850764e-08, 1.69622857982e-08, 3.31193774628e-08, 2.68980464568e-08, 2.26795506819e-08, 1.10164437572e-08, 5.65321256474e-09, 7.1394681278e-09, 5.04204189511e-09, 1.61486524153e-09, 1.13121012557e-09, 4.03988231756e-10, 4.7697018557e-10, 2.1424156893e-10, 4.14555681449e-11, 3.02065629454e-11, 2.32554010771e-11, 2.37085715643e-11, 1.21329023217e-11, 1.80543704986e-11, 1.22844156722e-11, 9.68460901751e-12, 6.07705986228e-12, 3.37610885429e-12, 1.54382518054e-12, 5.27061575807e-13, 6.44916520361e-14],
        "max": [0.00598757062107, 0.0114446282387, 0.0234379637986, 0.00662476988509, 0.00689325248823, 0.00533969514072, 0.00450612371787, 0.0095483250916, 0.00782806798816, 0.00644534267485, 0.00481178518385, 0.00420140335336, 0.00348157412373, 0.00117469241377, 0.00195312942378, 0.00167393661104, 0.00205587269738, 0.00184431183152, 0.00155523710418, 0.000935824005865, 0.00103451253381, 0.00100743887015, 0.000563579029404, 0.000304173852783, 0.0002517918183, 0.000229884506552, 0.000176610890776, 0.000105406208604, 6.65485931677e-05, 6.70007648296e-05, 7.92216815171e-05, 5.06929027324e-05, 7.08401639713e-05, 4.82755858684e-05, 5.08841658302e-05, 3.8081438106e-05, 3.51564194716e-05, 2.67783416348e-05, 1.26710237964e-05, 4.65647917736e-06],
        "mean": [0.000502139213495, 0.0011171514634, 0.00153777084779, 0.000537816609722, 0.000377979420591, 0.000224672156037, 0.000271269353107, 0.000590628013015, 0.000401103781769, 0.000200280526769, 0.000160624025739, 0.000144328150782, 0.00010081360233, 5.40536821063e-05, 6.47709748591e-05, 9.48243177845e-05, 0.000101361089037, 6.75708579365e-05, 5.28126656718e-05, 4.38522656623e-05, 5.51497687411e-05, 5.04858217028e-05, 3.4747459722e-05, 3.10095274472e-05, 2.21780646825e-05, 2.57036845142e-05, 1.53978908202e-05, 8.17806812847e-06, 6.90693332217e-06, 5.12311316925e-06, 4.2095025492e-06, 3.94360358769e-06, 3.03813953906e-06, 2.79273012893e-06, 2.17318461182e-06, 1.59107491982e-06, 1.14975944143e-06, 8.26275311283e-07, 4.86598992211e-07, 1.87764072734e-07],
        "median": [0.000179110153113, 0.000626185734291, 0.000716965878382, 0.000364794774214, 0.000187815705431, 9.06821587705e-05, 0.000134970323415, 0.000250664306805, 0.000161882257089, 8.58527782839e-05, 7.01782846591e-05, 3.89052183891e-05, 3.16678633681e-05, 2.07376288017e-05, 2.09492245631e-05, 3.94422277168e-05, 4.40307958343e-05, 2.61863497144e-05, 2.63718593487e-05, 2.30422338063e-05, 2.86105369014e-05, 3.04954883177e-05, 2.40453573497e-05, 2.32630063692e-05, 1.83173706318e-05, 2.09440240724e-05, 1.18977532111e-05, 7.0521186899e-06, 6.23156711299e-06, 4.22179527959e-06, 3.37975575349e-06, 3.32401259584e-06, 2.3406219043e-06, 2.0318220777e-06, 1.4814440874e-06, 1.0770352219e-06, 7.27451549665e-07, 4.83915869154e-07, 2.9187947348e-07, 1.07357308821e-07],
        "min": [1.77899273091e-09, 7.95516275076e-09, 8.15210299265e-09, 2.29801777607e-09, 4.73551642344e-10, 1.55045221106e-09, 8.35584990089e-10, 2.58442911516e-09, 7.9677509035e-09, 9.11171527118e-10, 4.11621792207e-10, 5.28474590478e-11, 2.96850530268e-11, 7.42720607239e-11, 1.15448366145e-10, 1.22944890379e-10, 9.9468946968e-11, 4.58733828701e-10, 2.65745564443e-10, 2.60002103181e-10, 1.54296297961e-10, 1.03817718311e-10, 3.55129814444e-11, 2.24010712757e-10, 1.44844830574e-10, 6.55264453808e-11, 1.62719646785e-11, 2.38886254528e-11, 3.8973529265e-11, 3.6822172915e-12, 9.03569753741e-13, 6.43571188095e-13, 3.27546095715e-13, 2.71555781334e-13, 2.74339687252e-13, 1.85305424976e-13, 1.40394260887e-13, 1.65148100815e-13, 9.45887248735e-14, 3.12574910345e-14],
        "var": [7.69468783801e-07, 1.91636286218e-06, 5.57587554795e-06, 3.19029140883e-07, 3.68202961454e-07, 2.11823532936e-07, 1.71564920493e-07, 9.46910859057e-07, 5.28344230588e-07, 1.47739257272e-07, 8.89046916086e-08, 1.04809927848e-07, 5.80257868421e-08, 1.26761703356e-08, 2.33102532832e-08, 2.79784941881e-08, 3.10025782824e-08, 1.61552655698e-08, 1.13325562268e-08, 4.94203833412e-09, 8.42022807035e-09, 5.42897460321e-09, 1.61341839888e-09, 8.62478755081e-10, 3.37644884274e-10, 4.57172244506e-10, 2.44420927942e-10, 4.46152802203e-11, 2.46025647771e-11, 2.5041873089e-11, 2.16307648876e-11, 1.46777607429e-11, 1.30784697308e-11, 1.45691392978e-11, 1.23917803102e-11, 7.61351398593e-12, 4.87254767784e-12, 2.40968226276e-12, 7.66273275301e-13, 1.10089576886e-13]
    },
    "mfcc": {
        "mean": [-612.892883301, 116.114120483, -22.9484729767, 32.7051696777, -0.818046271801, 1.03170311451, -7.4700050354, 4.71777820587, -2.92974495888, 8.29855155945, 2.32197713852, 0.751563847065, -6.13005256653],
        "cov": [[3774.95385742, -954.296936035, 752.496154785, -271.705993652, 13.2995624542, 252.328323364, -86.8572006226, 250.804733276, -58.5088577271, -46.0541229248, -103.046562195, -138.285552979, -111.221244812], [-954.296936035, 992.344116211, -410.425415039, 108.40499115, -57.5073471069, -87.5074996948, 134.434997559, -33.6331520081, 50.7659378052, 0.656042218208, -20.1867103577, 1.15145969391, 31.3130207062], [752.496154785, -410.425415039, 593.866577148, 25.8176765442, 77.7738571167, 105.796714783, -53.3727912903, 80.7904281616, -39.7372550964, -17.6696128845, -42.6418571472, -30.3194999695, -16.4368515015], [-271.705993652, 108.40499115, 25.8176765442, 273.953796387, 97.7034759521, -13.5697164536, -5.08431196213, -9.82485961914, 37.6057891846, -8.24165344238, -9.2914352417, 12.183134079, 32.2156906128], [13.2995624542, -57.5073471069, 77.7738571167, 97.7034759521, 130.385345459, 26.4926071167, -30.7554244995, 1.33160531521, 37.3931465149, 4.07244873047, -9.08243560791, -8.55762958527, -0.573328852654], [252.328323364, -87.5074996948, 105.796714783, -13.5697164536, 26.4926071167, 114.658691406, 23.9895267487, 33.0598983765, -16.738697052, -0.582202196121, 0.520638823509, -9.26862716675, -17.1827907562], [-86.8572006226, 134.434997559, -53.3727912903, -5.08431196213, -30.7554244995, 23.9895267487, 125.722427368, 35.9958610535, 10.5129270554, -2.32743167877, -3.35764217377, 3.52767372131, -1.58759486675], [250.804733276, -33.6331520081, 80.7904281616, -9.82485961914, 1.33160531521, 33.0598983765, 35.9958610535, 116.370697021, 33.2353782654, -6.66499757767, -29.5195102692, -16.9808940887, -5.97942495346], [-58.5088577271, 50.7659378052, -39.7372550964, 37.6057891846, 37.3931465149, -16.738697052, 10.5129270554, 33.2353782654, 100.436904907, 16.8331565857, -10.3568658829, -10.2123718262, 1.43366074562], [-46.0541229248, 0.656042218208, -17.6696128845, -8.24165344238, 4.07244873047, -0.582202196121, -2.32743167877, -6.66499757767, 16.8331565857, 60.9980354309, 28.8686504364, 4.60891199112, -0.682641029358], [-103.046562195, -20.1867103577, -42.6418571472, -9.2914352417, -9.08243560791, 0.520638823509, -3.35764217377, -29.5195102692, -10.3568658829, 28.8686504364, 75.9578323364, 35.7088470459, 7.33989667892], [-138.285552979, 1.15145969391, -30.3194999695, 12.183134079, -8.55762958527, -9.26862716675, 3.52767372131, -16.9808940887, -10.2123718262, 4.60891199112, 35.7088470459, 62.9758720398, 28.9162521362], [-111.221244812, 31.3130207062, -16.4368515015, 32.2156906128, -0.573328852654, -17.1827907562, -1.58759486675, -5.97942495346, 1.43366074562, -0.682641029358, 7.33989667892, 28.9162521362, 63.0679130554]],
