{
"lowlevel": {
    "average_loudness": 0.978078782558,
    "barkbands_crest": {
        "dmean": 3.09964799881,
        "dmean2": 4.97322893143,
        "dvar": 7.42210149765,
        "dvar2": 19.1688957214,
        "max": 24.7531051636,
        "mean": 9.96321773529,
        "median": 8.71399784088,
        "min": 2.56676840782,
        "var": 19.1489009857
    },
    "barkbands_flatness_db": {
        "dmean": 0.023157466203,
        "dmean2": 0.0354747027159,
        "dvar": 0.000419925258029,
        "dvar2": 0.000981251359917,
        "max": 0.318817168474,
        "mean": 0.160314768553,
        "median": 0.153266131878,
        "min": 0.0301980897784,
        "var": 0.00161985249724
    },
    "barkbands_kurtosis": {
        "dmean": 3.31275129318,
        "dmean2": 5.28230619431,
        "dvar": 38.2873725891,
        "dvar2": 95.9596786499,
        "max": 106.844070435,
        "mean": 4.07139873505,
        "median": 1.79968881607,
        "min": -1.95371353626,
        "var": 55.966594696
    },
    "barkbands_skewness": {
        "dmean": 0.613752007484,
        "dmean2": 0.938827097416,
        "dvar": 0.429780334234,
        "dvar2": 0.977694451809,
        "max": 9.33741092682,
        "mean": 1.74055039883,
        "median": 1.58693468571,
        "min": -2.17220544815,
        "var": 1.22538769245
    },
    "barkbands_spread": {
        "dmean": 6.94585609436,
        "dmean2": 10.3010787964,
        "dvar": 61.0390205383,
        "dvar2": 122.437522888,
        "max": 111.15650177,
        "mean": 24.7049560547,
        "median": 22.3273296356,
        "min": 2.05106782913,
        "var": 174.167953491
    },
    "dissonance": {
        "dmean": 0.0170432329178,
        "dmean2": 0.0289811715484,
        "dvar": 0.00025888858363,
        "dvar2": 0.000697638490237,
        "max": 0.5,
        "mean": 0.47122246027,
        "median": 0.476288765669,
        "min": 0.35921767354,
        "var": 0.000436082453234
    },
    "dynamic_complexity": 2.85309791565,
    "erbbands_crest": {
        "dmean": 2.76058387756,
        "dmean2": 4.50849485397,
        "dvar": 6.91854572296,
        "dvar2": 17.9141235352,
        "max": 24.3672065735,
        "mean": 8.02363872528,
        "median": 7.17148780823,
        "min": 2.47719120979,
        "var": 13.9181747437
    },
    "erbbands_flatness_db": {
        "dmean": 0.0169917251915,
        "dmean2": 0.0244773887098,
        "dvar": 0.000240789304371,
        "dvar2": 0.000433017819887,
        "max": 0.34150108695,
        "mean": 0.171878650784,
        "median": 0.168824836612,
        "min": 0.0927442088723,
        "var": 0.00123412359972
    },
    "erbbands_kurtosis": {
        "dmean": 0.724163889885,
        "dmean2": 1.14404690266,
        "dvar": 0.878656208515,
        "dvar2": 2.03027796745,
        "max": 13.9709339142,
        "mean": -0.304999470711,
        "median": -0.67317199707,
        "min": -1.90481638908,
        "var": 1.75118029118
    },
    "erbbands_skewness": {
        "dmean": 0.392751067877,
        "dmean2": 0.601720333099,
        "dvar": 0.12945087254,
        "dvar2": 0.287596076727,
        "max": 2.86550807953,
        "mean": 0.190005257726,
        "median": 0.250423759222,
        "min": -3.35500097275,
        "var": 0.469080120325
    },
    "erbbands_spread": {
        "dmean": 11.6129293442,
        "dmean2": 16.6315040588,
        "dvar": 143.995346069,
        "dvar2": 270.929412842,
        "max": 171.788070679,
        "mean": 51.9414710999,
        "median": 49.1244659424,
        "min": 8.95517635345,
        "var": 547.954650879
    },
    "hfc": {
        "dmean": 6.09401369095,
        "dmean2": 8.58153820038,
        "dvar": 41.3553276062,
        "dvar2": 77.5552215576,
        "max": 71.5259017944,
        "mean": 22.8635444641,
        "median": 22.4998588562,
        "min": 1.21128636368e-16,
        "var": 217.578353882
    },
    "melbands_crest": {
        "dmean": 3.79008340836,
        "dmean2": 6.16944026947,
        "dvar": 10.0046463013,
        "dvar2": 25.4687519073,
        "max": 30.2391014099,
        "mean": 13.7114887238,
        "median": 12.8062944412,
        "min": 2.21126461029,
        "var": 24.8892459869
    },
    "melbands_flatness_db": {
        "dmean": 0.0293506421149,
        "dmean2": 0.0435899794102,
        "dvar": 0.000678477284964,
        "dvar2": 0.00145946443081,
        "max": 0.388888567686,
        "mean": 0.186261117458,
        "median": 0.17758859694,
        "min": 0.00594489602372,
        "var": 0.00319268810563
    },
    "melbands_kurtosis": {
        "dmean": 11.1518688202,
        "dmean2": 17.527217865,
        "dvar": 507.251312256,
        "dvar2": 1271.21557617,
        "max": 426.54296875,
        "mean": 18.9112224579,
        "median": 10.4089927673,
        "min": -1.26287996769,
        "var": 764.809204102
    },
    "melbands_skewness": {
        "dmean": 0.974239468575,
        "dmean2": 1.47754490376,
        "dvar": 1.20030784607,
        "dvar2": 2.63572382927,
        "max": 17.6961231232,
        "mean": 3.26078391075,
        "median": 2.80469560623,
        "min": -0.181608200073,
        "var": 3.73072934151
    },
    "melbands_spread": {
        "dmean": 7.38602399826,
        "dmean2": 11.1051244736,
        "dvar": 72.4393920898,
        "dvar2": 140.064682007,
        "max": 143.18838501,
        "mean": 22.6287136078,
        "median": 20.2949295044,
        "min": 1.29104793072,
        "var": 220.769134521
    },
    "pitch_salience": {
        "dmean": 0.0878766998649,
        "dmean2": 0.141344457865,
        "dvar": 0.00553775113076,
        "dvar2": 0.0140136573464,
        "max": 0.872555792332,
        "mean": 0.576020956039,
        "median": 0.59326094389,
        "min": 0.135114058852,
        "var": 0.0168393719941
    },
    "silence_rate_20dB": {
        "dmean": 0,
        "dmean2": 0,
        "dvar": 0,
        "dvar2": 0,
        "max": 1,
        "mean": 1,
        "median": 1,
        "min": 1,
        "var": 0
    },
    "silence_rate_30dB": {
        "dmean": 0.00155520997941,
        "dmean2": 0.0031128404662,
        "dvar": 0.00155277212616,
        "dvar2": 0.00465948553756,
        "max": 1,
        "mean": 0.999222993851,
        "median": 1,
        "min": 0,
        "var": 0.000776392756961
    },
    "silence_rate_60dB": {
        "dmean": 0.0124416798353,
        "dmean2": 0.0249027237296,
        "dvar": 0.012286990881,
        "dvar2": 0.0305080730468,
        "max": 1,
        "mean": 0.0784770771861,
        "median": 0,
        "min": 0,
        "var": 0.0723168626428
    },
    "spectral_centroid": {
        "dmean": 311.866546631,
        "dmean2": 475.870391846,
        "dvar": 135597.953125,
        "dvar2": 226294.515625,
        "max": 10939.7783203,
        "mean": 1436.35375977,
        "median": 1366.05981445,
        "min": 334,
        "var": 402963.90625
    },
    "spectral_complexity": {
        "dmean": 4.57698297501,
        "dmean2": 6.59221792221,
        "dvar": 20.3093986511,
        "dvar2": 39.4103889465,
        "max": 52,
        "mean": 20.9269618988,
        "median": 21,
        "min": 0,
        "var": 130.891311646
    },
    "spectral_decrease": {
        "dmean": 2.77777068014e-09,
        "dmean2": 4.05716704677e-09,
        "dvar": 9.79313106554e-18,
        "dvar2": 1.97585390373e-17,
        "max": 1.14043964226e-29,
        "mean": -8.00958854796e-09,
        "median": -7.22000370601e-09,
        "min": -3.22419779764e-08,
        "var": 2.92291118501e-17
    },
    "spectral_energy": {
        "dmean": 0.0108070131391,
        "dmean2": 0.015692807734,
        "dvar": 0.000143656594446,
        "dvar2": 0.000288859911961,
        "max": 0.123251929879,
        "mean": 0.0323038361967,
        "median": 0.0296492744237,
        "min": 1.0943685938e-20,
        "var": 0.000448088918347
    },
    "spectral_energyband_high": {
        "dmean": 0.000427092600148,
        "dmean2": 0.000594609649852,
        "dvar": 2.92771630939e-07,
        "dvar2": 5.56431814402e-07,
        "max": 0.00861707236618,
        "mean": 0.00117314059753,
        "median": 0.000793436658569,
        "min": 8.57341766418e-21,
        "var": 1.39697169743e-06
    },
    "spectral_energyband_low": {
        "dmean": 0.00695287017152,
        "dmean2": 0.0108484076336,
        "dvar": 0.000124110549223,
        "dvar2": 0.000281660060864,
        "max": 0.109990634024,
        "mean": 0.0118546215817,
        "median": 0.00537274731323,
        "min": 6.02752651135e-23,
        "var": 0.000244864670094
    },
    "spectral_energyband_middle_high": {
        "dmean": 0.00193213392049,
        "dmean2": 0.00274075241759,
        "dvar": 6.46710032015e-06,
        "dvar2": 1.3446149751e-05,
        "max": 0.0331845097244,
        "mean": 0.00490001356229,
        "median": 0.00349618913606,
        "min": 1.3733249964e-21,
        "var": 2.40043791564e-05
    },
    "spectral_energyband_middle_low": {
        "dmean": 0.0065815676935,
        "dmean2": 0.0105310427025,
        "dvar": 6.39873615e-05,
        "dvar2": 0.000152196371346,
        "max": 0.0723337903619,
        "mean": 0.0157670211047,
        "median": 0.0144219184294,
        "min": 2.54324439196e-22,
        "var": 0.000138017217978
    },
    "spectral_entropy": {
        "dmean": 0.149961128831,
        "dmean2": 0.213758111,
        "dvar": 0.0209835860878,
        "dvar2": 0.0381637997925,
        "max": 9.79580020905,
        "mean": 7.6954035759,
        "median": 7.73171949387,
        "min": 6.36811542511,
        "var": 0.100772768259
    },
    "spectral_flux": {
        "dmean": 0.0268689393997,
        "dmean2": 0.0414773412049,
        "dvar": 0.000677966454532,
        "dvar2": 0.00143297947943,
        "max": 0.261053711176,
        "mean": 0.102108225226,
        "median": 0.0979231446981,
        "min": 1.04612075946e-10,
        "var": 0.00229097646661
    },
    "spectral_kurtosis": {
        "dmean": 1.29726040363,
        "dmean2": 2.17077827454,
        "dvar": 2.16869807243,
        "dvar2": 5.79902553558,
        "max": 20.4834117889,
        "mean": 2.02041172981,
        "median": 1.53342151642,
        "min": -1.35189926624,
        "var": 4.6556391716
    },
    "spectral_rms": {
        "dmean": 0.000896360957995,
        "dmean2": 0.00129006861243,
        "dvar": 7.36175991278e-07,
        "dvar2": 1.44062505569e-06,
        "max": 0.0109656639397,
        "mean": 0.00523377396166,
        "median": 0.00537830078974,
        "min": 3.26753229508e-12,
        "var": 4.12353347201e-06
    },
    "spectral_rolloff": {
        "dmean": 627.711486816,
        "dmean2": 1030.46069336,
        "dvar": 995281.8125,
        "dvar2": 2034459.875,
        "max": 18217.0898438,
        "mean": 1477.91064453,
        "median": 1033.59375,
        "min": 86.1328125,
        "var": 1993248.875
    },
    "spectral_skewness": {
        "dmean": 0.209428593516,
        "dmean2": 0.328017145395,
        "dvar": 0.0413161367178,
        "dvar2": 0.0936234667897,
        "max": 3.33506703377,
        "mean": 1.03617250919,
        "median": 0.994507551193,
        "min": 0.0288132317364,
        "var": 0.150543436408
    },
    "spectral_spread": {
        "dmean": 595185.375,
        "dmean2": 783652.5,
        "dvar": 1.460944896e+12,
        "dvar2": 1.7059535913e+12,
        "max": 41525332,
        "mean": 4542329,
        "median": 4201206,
        "min": 2030859.75,
        "var": 3.0181598167e+12
    },
    "spectral_strongpeak": {
        "dmean": 0.439880043268,
        "dmean2": 0.754735529423,
        "dvar": 0.479435145855,
        "dvar2": 1.27571904659,
        "max": 6.82333421707,
        "mean": 0.718717694283,
        "median": 0.448114514351,
        "min": 0,
        "var": 0.623268544674
    },
    "zerocrossingrate": {
        "dmean": 0.0118899904191,
        "dmean2": 0.0138694671914,
        "dvar": 0.000187135126907,
        "dvar2": 0.000197609668248,
        "max": 0.48486328125,
        "mean": 0.062418051064,
        "median": 0.056640625,
        "min": 0.0068359375,
        "var": 0.00119064340834
    },
    "barkbands": {
        "dmean": [0.00024925544858, 0.00578367896378, 0.00177306775004, 0.00181670452002, 0.00349913933314, 0.00174690049607, 0.00124872312881, 0.000806173426099, 0.00151271454524, 0.000765645643696, 0.000529054552317, 0.000346939574229, 0.000231046884437, 0.000292719952995, 0.000371901493054, 0.000246899900958, 0.000249341275776, 0.000270405493211, 0.000215381820453, 0.000163166041602, 0.000130317625008, 0.000120986580441, 0.000103369064163, 0.000112505702418, 3.87418549508e-05, 2.99803026849e-08, 1.96952787412e-09],
        "dmean2": [0.000433716370026, 0.0092012276873, 0.00297231436707, 0.0030419959221, 0.00581401679665, 0.0028790528886, 0.00200439733453, 0.00132219889201, 0.00242527830414, 0.00128096656408, 0.00081594864605, 0.000540799926966, 0.000372964364942, 0.000462000898551, 0.000596571189817, 0.000386902858736, 0.000377831311198, 0.000395692273742, 0.000331588234985, 0.000256396771874, 0.000197140398086, 0.000181286144652, 0.000152636828716, 0.000158103503054, 5.8534580603e-05, 4.51230874887e-08, 3.60825458401e-09],
        "dvar": [4.37910131268e-07, 0.000115359769552, 8.60846284922e-06, 5.25341374669e-06, 3.47113127646e-05, 7.00742020854e-06, 3.89607703255e-06, 2.7181799851e-06, 6.98193616699e-06, 3.2057498629e-06, 1.51267488491e-06, 8.64559467573e-07, 2.45378345198e-07, 4.6535490128e-07, 5.34236960448e-07, 2.67821491207e-07, 1.77800046686e-07, 1.69950183704e-07, 9.05983199573e-08, 5.97744502784e-08, 2.80599223856e-08, 4.26256860919e-08, 2.2347023787e-08, 4.9431612581e-08, 8.00426303016e-09, 5.3173653699e-15, 6.39805873487e-17],
        "dvar2": [1.2252066881e-06, 0.000268302770564, 2.30791447393e-05, 1.38315908771e-05, 8.93962278496e-05, 1.81401137525e-05, 9.85709812085e-06, 7.05220372765e-06, 1.74090437213e-05, 8.19522028905e-06, 3.39404095939e-06, 1.96452515411e-06, 6.18714807388e-07, 1.06455809146e-06, 1.28951717215e-06, 6.52094286124e-07, 4.19556300812e-07, 3.60359280194e-07, 2.08350044772e-07, 1.38634462132e-07, 6.80371456951e-08, 1.04513702581e-07, 4.89774940604e-08, 9.70615090523e-08, 1.56529296191e-08, 1.18567832893e-14, 1.82659849279e-16],
        "max": [0.00846115965396, 0.10236030817, 0.029847458005, 0.0203992724419, 0.0536950789392, 0.0352780856192, 0.0287244319916, 0.0197563357651, 0.0312527455389, 0.0234840735793, 0.0234834998846, 0.0139977000654, 0.00645874068141, 0.00946301035583, 0.010600018315, 0.0069133345969, 0.00598580483347, 0.00848625320941, 0.00341243599541, 0.00378880882636, 0.002138242824, 0.004087977577, 0.00166031322442, 0.00265690777451, 0.00134611211251, 1.20175150187e-06, 1.71873807631e-07],
        "mean": [0.00022052595159, 0.00815870705992, 0.00228050607257, 0.0027712394949, 0.0048774718307, 0.00264732260257, 0.00189745938405, 0.001065038261, 0.00201903795823, 0.000859808642417, 0.000714988622349, 0.00047939812066, 0.0003097615554, 0.000384987564757, 0.00053995847702, 0.000390192581108, 0.000460141687654, 0.000497259024996, 0.000382051744964, 0.000321622181218, 0.000294218712952, 0.000269762182143, 0.000208531637327, 0.000198857858777, 5.49712422071e-05, 4.01418596141e-08, 1.43655964902e-09],
        "median": [3.34706383001e-05, 0.00182224763557, 0.00109341496136, 0.00182219804265, 0.00302722514607, 0.00153320305981, 0.000924609892536, 0.000489655998535, 0.000757154542953, 0.000319274025969, 0.000157835296704, 0.000149538420374, 8.7180720584e-05, 0.00011891421309, 0.000188302874449, 0.000190048711374, 0.00022433065169, 0.00027241819771, 0.000227024283959, 0.000187651472515, 0.000192001258256, 0.000132868575747, 0.000104277860373, 8.85694898898e-05, 1.40690008266e-05, 1.04477999585e-08, 3.99004662643e-10],
        "min": [3.0540447023e-23, 2.30301977491e-23, 1.69552919362e-23, 7.04251628832e-24, 7.94263655789e-23, 4.256177214e-23, 5.08446223182e-23, 3.71677021977e-23, 3.66323370112e-23, 4.95325888606e-23, 6.52760942054e-23, 1.28194996295e-22, 4.37464960692e-23, 3.31877253814e-23, 8.25526844551e-23, 1.1290451168e-22, 2.23186319597e-22, 1.91274106569e-22, 3.06135308838e-22, 3.54434775575e-22, 3.38242452552e-22, 5.20061537368e-22, 7.1430802134e-22, 1.25428500228e-21, 1.22217248169e-21, 1.85774122899e-21, 2.6714664241e-21],
        "var": [3.42941262943e-07, 0.000190120408661, 1.08773019747e-05, 9.24821506487e-06, 4.08427476941e-05, 1.11545914478e-05, 7.02274246578e-06, 3.21617017107e-06, 1.08507383629e-05, 3.09315419145e-06, 3.21469906339e-06, 1.37908193665e-06, 3.72054529407e-07, 6.99708209595e-07, 1.02605781649e-06, 4.03737658417e-07, 4.80717517348e-07, 4.92380365813e-07, 1.99008624691e-07, 1.68763122588e-07, 1.04573040005e-07, 1.31726565655e-07, 6.64578649889e-08, 1.00476057696e-07, 1.53783155099e-08, 8.37673063781e-15, 3.807477618e-17]
    },
    "erbbands": {
        "dmean": [0.189334720373, 1.31126320362, 1.96729242802, 3.78882789612, 9.58260345459, 13.7960290909, 13.30610466, 14.7986030579, 14.3137226105, 22.9854698181, 16.4259738922, 32.8087539673, 35.8457717896, 14.5574426651, 20.1422939301, 13.9931535721, 10.2792959213, 12.9698543549, 17.6352329254, 17.4963951111, 11.8567466736, 12.4874038696, 13.6319198608, 13.4882526398, 9.30780887604, 7.39029788971, 6.33763980865, 4.53677797318, 4.7048740387, 3.36441230774, 2.76011943817, 2.26487803459, 2.03274226189, 0.798112332821, 0.0443510040641, 0.00198079645634, 0.000114873640996, 1.6571386368e-05, 7.11155507815e-06, 1.23066756714e-05],
        "dmean2": [0.289967834949, 2.13202953339, 3.31719923019, 6.30571985245, 16.0199317932, 23.5505123138, 22.1647701263, 24.5475826263, 23.3471298218, 37.3210678101, 26.5992164612, 52.1584205627, 58.1238632202, 22.2385215759, 31.9655742645, 22.152639389, 16.0825328827, 20.1695346832, 26.81615448, 27.7972793579, 18.4451217651, 18.8228607178, 20.2015838623, 20.4643630981, 14.3504495621, 11.3636980057, 9.94242191315, 6.82826089859, 7.16231012344, 4.92163467407, 4.05567789078, 3.26137518883, 2.92351269722, 1.18098258972, 0.0645936056972, 0.00286860810593, 0.000163648262969, 2.3224940378e-05, 1.0072936675e-05, 1.76436060428e-05],
        "dvar": [0.176310271025, 5.36408090591, 9.66664409637, 21.6131629944, 216.680084229, 752.717956543, 421.633514404, 679.695495605, 584.992248535, 2159.20043945, 779.435424805, 4157.02929688, 6788.43847656, 934.271606445, 2306.2199707, 1607.28271484, 444.058319092, 1034.96923828, 1258.43933105, 1438.96105957, 646.458129883, 416.95300293, 405.886291504, 401.938262939, 194.477005005, 109.083557129, 96.2313461304, 33.070514679, 83.8063430786, 23.5114135742, 17.1243629456, 16.1255073547, 20.1114959717, 3.32672095299, 0.0123677998781, 2.33731298067e-05, 6.31019005937e-08, 1.0753692381e-09, 6.71028441146e-11, 1.7053083945e-10],
        "dvar2": [0.403444945812, 14.1221580505, 25.689414978, 56.5755767822, 540.958618164, 2032.51245117, 1135.53186035, 1739.99645996, 1476.83215332, 5398.32617188, 1930.40209961, 10554.8681641, 17279.4648438, 2070.4609375, 5563.55078125, 3661.55761719, 1106.25939941, 2391.26855469, 2575.08935547, 3772.92089844, 1517.45422363, 954.011291504, 928.367492676, 882.339782715, 456.338806152, 235.042144775, 237.564178467, 74.9867477417, 222.907241821, 51.1193771362, 37.9042663574, 34.1375732422, 39.1688957214, 6.30881786346, 0.0226654242724, 4.26126789534e-05, 1.12426249643e-07, 1.92332660909e-09, 1.26256408106e-10, 3.42764122641e-10],
        "max": [3.88444375992, 19.296667099, 31.5020427704, 43.0445289612, 160.720840454, 274.985321045, 271.328887939, 398.34463501, 320.995697021, 829.726074219, 439.184631348, 814.56060791, 1169.20617676, 529.169372559, 703.014038086, 628.058898926, 336.048492432, 561.297851562, 634.014160156, 537.72857666, 417.338684082, 353.449584961, 273.387451172, 256.423217773, 189.243011475, 176.239501953, 118.997528076, 79.1689758301, 191.834655762, 57.0476913452, 55.5075263977, 49.551158905, 52.6690444946, 23.5871658325, 1.64582669735, 0.0710519775748, 0.003463126719, 0.000413765403209, 9.98181058094e-05, 0.000135951122502],
        "mean": [0.214892238379, 1.86380445957, 2.95430636406, 6.2204823494, 13.1865663528, 16.9155368805, 18.9348964691, 21.4249858856, 21.2570514679, 35.4022483826, 24.0898361206, 44.1846313477, 43.3644638062, 21.771654129, 26.9551067352, 20.3637523651, 15.1036920547, 18.3550014496, 27.3327331543, 25.8992786407, 21.9044647217, 24.6142921448, 26.7694015503, 23.3404922485, 18.5382041931, 14.8550786972, 12.8340387344, 11.0126237869, 10.1246395111, 7.33315658569, 5.56432819366, 4.24842834473, 3.33710122108, 1.20395445824, 0.060648996383, 0.00283695408143, 0.000199841248104, 3.32860545313e-05, 2.40120698436e-05, 4.01173747377e-05],
        "median": [0.0378667041659, 0.482237130404, 1.41766619682, 4.26108455658, 7.99836730957, 9.2588968277, 11.4311056137, 10.8705720901, 12.1303157806, 13.0398416519, 11.647901535, 17.1283493042, 15.3755073547, 9.18663406372, 7.56839847565, 6.60015678406, 4.68037700653, 5.99795150757, 8.98241519928, 10.5671472549, 11.1245994568, 12.6693992615, 15.7707147598, 13.6128835678, 10.9738492966, 9.15350437164, 7.9561548233, 6.79954385757, 4.93444299698, 3.60754919052, 2.89419484138, 2.23487329483, 1.24955153465, 0.338939666748, 0.0107566388324, 0.000618172634859, 7.91170605225e-05, 1.64869579748e-05, 2.17149517994e-05, 3.80738565582e-05],
        "min": [5.60059940706e-22, 6.00873973209e-21, 1.2785981952e-20, 3.05888127036e-20, 3.32287240857e-20, 2.8429450606e-19, 5.77425834302e-19, 3.32425638513e-19, 6.06208049005e-19, 8.54370452878e-19, 8.96394226525e-19, 7.01650991514e-19, 1.03837150686e-18, 2.03991403772e-18, 2.86708141539e-18, 6.25123177732e-18, 2.34601553212e-18, 1.35434498828e-18, 4.15276472596e-18, 4.38075224639e-18, 7.57482705012e-18, 1.38049876421e-17, 1.09365386904e-17, 1.24083965754e-17, 1.50888761775e-17, 1.81427939119e-17, 1.1620273777e-17, 1.56242340874e-17, 1.73683146305e-17, 2.44167322106e-17, 2.00345774795e-17, 2.38949599151e-17, 2.05218397998e-17, 1.39821167898e-17, 8.9931878562e-18, 7.13311012147e-18, 3.60636519567e-18, 1.31918702051e-18, 3.5905689928e-19, 3.94075500039e-20],
        "var": [0.222281932831, 8.83119487762, 14.727930069, 39.0623283386, 269.600280762, 730.9609375, 534.898620605, 957.861816406, 822.071472168, 3723.4855957, 1376.16796875, 6190.56787109, 7392.80126953, 1739.42773438, 3475.22924805, 2359.81176758, 769.555236816, 1467.6048584, 3309.37060547, 1993.28942871, 1196.01184082, 1269.07092285, 1129.9708252, 789.593505859, 528.552612305, 326.872253418, 232.260299683, 150.248352051, 199.752471924, 88.1342468262, 47.0870780945, 32.7324676514, 38.4677467346, 6.62656402588, 0.0247030388564, 4.77733228763e-05, 1.37872177675e-07, 2.47107689866e-09, 2.51345722013e-10, 6.05197947312e-10]
    },
    "gfcc": {
        "mean": [-13.2402172089, 119.733558655, -141.240936279, 68.0387649536, -82.6036529541, 14.0832624435, -36.9412460327, 0.877784311771, -5.7654209137, -21.8576545715, 2.64159464836, -20.7525730133, 7.13709354401],
        "cov": [[9633.59179688, 196.218688965, -384.411834717, 290.941833496, -363.46661377, 250.893814087, -192.054107666, -97.8327178955, -129.183242798, -53.8356323242, -25.4143333435, -78.0340118408, -43.4242019653], [196.218688965, 854.357421875, -227.808837891, -116.665023804, 212.914367676, -120.41973877, 171.602203369, -137.979766846, 93.8357467651, -111.702629089, 55.4302101135, -71.3162994385, 41.7013206482], [-384.411834717, -227.808837891, 826.421569824, 357.014251709, 57.0915985107, 200.656097412, 4.87016677856, 156.722305298, -6.89929246902, 91.12840271, 19.3469276428, 53.9307022095, -11.3180389404], [290.941833496, -116.665023804, 357.014251709, 458.284637451, 75.1984710693, 41.7331199646, 43.4321899414, 82.4500808716, 26.1812877655, 21.6393756866, 8.32707691193, 25.1500358582, -24.0666885376], [-363.46661377, 212.914367676, 57.0915985107, 75.1984710693, 335.007781982, 37.1623764038, 104.640342712, 58.5984039307, 58.0632705688, 1.24352121353, 69.6436309814, -1.23394870758, 37.7279167175], [250.893814087, -120.41973877, 200.656097412, 41.7331199646, 37.1623764038, 306.269989014, 70.2742004395, 17.4007110596, -15.1759634018, 48.6904678345, 10.0893278122, 26.9167480469, 7.99674987793], [-192.054107666, 171.602203369, 4.87016677856, 43.4321899414, 104.640342712, 70.2742004395, 205.060501099, -7.0606045723, 43.4921913147, -18.5470523834, 25.2487201691, -7.18583011627, 3.70885562897], [-97.8327178955, -137.979766846, 156.722305298, 82.4500808716, 58.5984039307, 17.4007110596, -7.0606045723, 217.597717285, 30.1803627014, 49.0875511169, 49.5631217957, 33.2574386597, 19.2597007751], [-129.183242798, 93.8357467651, -6.89929246902, 26.1812877655, 58.0632705688, -15.1759634018, 43.4921913147, 30.1803627014, 114.912940979, 18.1483440399, 15.6003322601, 3.99374389648, 15.5700330734], [-53.8356323242, -111.702629089, 91.12840271, 21.6393756866, 1.24352121353, 48.6904678345, -18.5470523834, 49.0875511169, 18.1483440399, 86.7037277222, 29.3161048889, 22.9895019531, 9.88876724243], [-25.4143333435, 55.4302101135, 19.3469276428, 8.32707691193, 69.6436309814, 10.0893278122, 25.2487201691, 49.5631217957, 15.6003322601, 29.3161048889, 108.526939392, 49.4616317749, 24.5714015961], [-78.0340118408, -71.3162994385, 53.9307022095, 25.1500358582, -1.23394870758, 26.9167480469, -7.18583011627, 33.2574386597, 3.99374389648, 22.9895019531, 49.4616317749, 96.4357223511, 39.0071182251], [-43.4242019653, 41.7013206482, -11.3180389404, -24.0666885376, 37.7279167175, 7.99674987793, 3.70885562897, 19.2597007751, 15.5700330734, 9.88876724243, 24.5714015961, 39.0071182251, 73.5905151367]],
        "icov": [[0.000194174499484, -0.000421576027293, 0.000429104984505, -0.000588120135944, 0.000450822495623, -0.000669938221108, 0.000574272766244, -0.000339810067089, 0.000297535385471, -0.000126818282297, -5.80315318075e-05, 0.00014996844402, 2.27702275879e-05], [-0.000421576027293, 0.00490539614111, -0.00177772459574, 0.0022597105708, -0.00198316713795, 0.00279976450838, -0.0028879721649, 0.00365140917711, -0.00344711006619, 0.00461894506589, -0.00426331022754, 0.0039393780753, -0.00321643706411], [0.000429104984505, -0.00177772459574, 0.0037349909544, -0.00320155406371, 0.0010431179544, -0.00303284008987, 0.0020580640994, -0.00235818931833, 0.00187264406122, -0.00239916518331, 0.00141636177432, -0.00108082429506, 0.00112239504233], [-0.000588120135944, 0.0022597105708, -0.00320155406371, 0.00588472047821, -0.002334123943, 0.00320642394945, -0.00292441179045, 0.00145144946873, -0.00212434702553, 0.0017896000063, 7.83762079664e-05, -0.00103764154483, 0.00115313869901], [0.000450822495623, -0.00198316713795, 0.0010431179544, -0.002334123943, 0.006353052333, -0.00240256055258, 0.000526491901837, -0.00207601068541, 8.58356142999e-05, 0.000197283836314, -0.00268880068325, 0.00267129973508, -0.00225511193275], [-0.000669938221108, 0.00279976450838, -0.00303284008987, 0.00320642394945, -0.00240256055258, 0.008081946522, -0.0051881945692, 0.00270504364744, -8.3858583821e-05, -0.00138835015241, 0.000397718482418, -0.000652338028885, -0.00107536814176], [0.000574272766244, -0.0028879721649, 0.0020580640994, -0.00292441179045, 0.000526491901837, -0.0051881945692, 0.0102613288909, -0.00151412049308, -0.00100345665123, 0.00140660360921, -0.000744663237128, 6.40682410449e-05, 0.00174646801315], [-0.000339810067089, 0.00365140917711, -0.00235818931833, 0.00145144946873, -0.00207601068541, 0.00270504364744, -0.00151412049308, 0.00931351445615, -0.00356045830995, 0.00154554878827, -0.0049534374848, 0.00280727329664, -0.0030369234737], [0.000297535385471, -0.00344711006619, 0.00187264406122, -0.00212434702553, 8.58356142999e-05, -8.3858583821e-05, -0.00100345665123, -0.00356045830995, 0.014286890626, -0.00770240370184, 0.00475052651018, -0.00311907334253, 0.000749064784031], [-0.000126818282297, 0.00461894506589, -0.00239916518331, 0.0017896000063, 0.000197283836314, -0.00138835015241, 0.00140660360921, 0.00154554878827, -0.00770240370184, 0.0236676670611, -0.010060490109, 0.00563774537295, -0.0040815169923], [-5.80315318075e-05, -0.00426331022754, 0.00141636177432, 7.83762079664e-05, -0.00268880068325, 0.000397718482418, -0.000744663237128, -0.0049534374848, 0.00475052651018, -0.010060490109, 0.0224215760827, -0.0140744410455, 0.00561488373205], [0.00014996844402, 0.0039393780753, -0.00108082429506, -0.00103764154483, 0.00267129973508, -0.000652338028885, 6.40682410449e-05, 0.00280727329664, -0.00311907334253, 0.00563774537295, -0.0140744410455, 0.024911141023, -0.013288541697], [2.27702275879e-05, -0.00321643706411, 0.00112239504233, 0.00115313869901, -0.00225511193275, -0.00107536814176, 0.00174646801315, -0.0030369234737, 0.000749064784031, -0.0040815169923, 0.00561488373205, -0.013288541697, 0.0235131829977]]
    },
    "melbands": {
        "dmean": [0.00164292741101, 0.00119204667863, 0.000780974747613, 0.000830165226944, 0.000477818772197, 0.000326512556057, 0.000229070617934, 0.000236497857259, 0.000144367484609, 0.000223035967792, 0.000177231879206, 5.82491884416e-05, 7.63689822634e-05, 3.9865335566e-05, 3.34474570991e-05, 2.12844770431e-05, 2.5519857445e-05, 2.99247622024e-05, 2.63097354036e-05, 1.96777655219e-05, 1.50384685185e-05, 1.3972630768e-05, 1.44223904499e-05, 1.36384787766e-05, 1.16605579024e-05, 7.58174928706e-06, 6.88460204401e-06, 4.88129398946e-06, 4.53740585726e-06, 3.4290324038e-06, 2.82980681732e-06, 3.06078936774e-06, 2.19114690481e-06, 1.98717998501e-06, 1.65327480772e-06, 1.78018024144e-06, 1.32545915221e-06, 1.46296565617e-06, 1.40301688134e-06, 4.60484699261e-07],
        "dmean2": [0.00253907730803, 0.00197584414855, 0.00130215787794, 0.00139839015901, 0.00079210230615, 0.0005402234965, 0.000371816131519, 0.000386113970308, 0.000232768099522, 0.000354033109033, 0.000288517301669, 9.05317137949e-05, 0.000119798249216, 6.35895121377e-05, 5.16462750966e-05, 3.40154438163e-05, 4.08020496252e-05, 4.55577028333e-05, 4.2419978854e-05, 3.11251314997e-05, 2.33647024288e-05, 2.14379742829e-05, 2.19737376028e-05, 2.05213964364e-05, 1.79700218723e-05, 1.18787556858e-05, 1.09858965516e-05, 7.49253013055e-06, 7.27311817172e-06, 5.36780316907e-06, 4.33735931438e-06, 4.79020764033e-06, 3.36385414812e-06, 2.95567247122e-06, 2.49813228947e-06, 2.68032817985e-06, 1.96108862838e-06, 2.10316648008e-06, 2.09714994526e-06, 6.84721385369e-07],
        "dvar": [1.08189233288e-05, 3.45675948665e-06, 8.95275036328e-07, 2.16718899537e-06, 5.35599838258e-07, 2.96014235346e-07, 1.28746080463e-07, 2.29650268579e-07, 6.29020959764e-08, 1.72722593561e-07, 1.64573933148e-07, 1.7489727e-08, 3.31114016205e-08, 1.13962217441e-08, 7.13183956336e-09, 2.10776907039e-09, 4.36801306236e-09, 4.42900782716e-09, 3.47994144612e-09, 1.80741654976e-09, 1.25420851482e-09, 6.48700648753e-10, 5.45164968724e-10, 4.62382188093e-10, 3.24193005774e-10, 1.2791460946e-10, 1.36594069389e-10, 4.78183881381e-11, 6.39604688657e-11, 2.07441910871e-11, 1.46527581735e-11, 3.57676735452e-11, 1.43062089952e-11, 9.44835008843e-12, 7.02198759209e-12, 8.21477087742e-12, 6.39490327012e-12, 9.96852340257e-12, 1.07046836673e-11, 1.19391432504e-12],
        "dvar2": [2.44290949922e-05, 9.30845999392e-06, 2.31300168707e-06, 5.54875668968e-06, 1.45500837334e-06, 7.57477494062e-07, 3.23463467566e-07, 5.80529786021e-07, 1.51951866201e-07, 4.41694595565e-07, 4.18600421881e-07, 4.05042328566e-08, 7.68460282075e-08, 2.62986201705e-08, 1.56847317356e-08, 5.19632603613e-09, 1.02414192682e-08, 9.24282961279e-09, 8.85455619937e-09, 4.21347889912e-09, 3.00955016463e-09, 1.49090617629e-09, 1.27372090652e-09, 1.06646524944e-09, 7.31142923982e-10, 3.08250369674e-10, 3.35569017018e-10, 1.03050790123e-10, 1.6374272771e-10, 4.90732211811e-11, 3.33568901667e-11, 9.79480802021e-11, 3.41725987785e-11, 2.18549050385e-11, 1.63735691672e-11, 1.87067202007e-11, 1.38566380592e-11, 1.95343342196e-11, 2.19547748037e-11, 2.30113584437e-12],
        "max": [0.0320487506688, 0.0202875845134, 0.00806259922683, 0.0130335502326, 0.00918767973781, 0.00801390875131, 0.00414443993941, 0.00807786732912, 0.00322739616968, 0.00472309486941, 0.00570180127397, 0.00196646107361, 0.00250917766243, 0.00190648902208, 0.00109738705214, 0.000547339732293, 0.00119686522521, 0.00107175065205, 0.000854100449942, 0.000727007805835, 0.00066681165481, 0.00049766903976, 0.000407515093684, 0.00036835463834, 0.000222679853323, 0.000126953338622, 0.000180007191375, 0.000104002574517, 0.000105448947579, 9.01500679902e-05, 4.97300861753e-05, 0.000129708772874, 7.66189477872e-05, 3.67302927771e-05, 4.51800115115e-05, 3.27239358739e-05, 3.35505101248e-05, 4.19500611315e-05, 4.24485551775e-05, 1.48792951222e-05],
        "mean": [0.00214819726534, 0.00194036215544, 0.001304743113, 0.00110922195017, 0.0006819483242, 0.000482610514155, 0.000348021596437, 0.000352615810698, 0.000199567541131, 0.000292156415526, 0.00020936196961, 8.07445758255e-05, 0.000101526915387, 5.44281829207e-05, 4.4628050091e-05, 3.00931151287e-05, 3.32226336468e-05, 4.35965121142e-05, 3.6634337448e-05, 2.94590463454e-05, 2.55963968812e-05, 2.46658419201e-05, 2.71615026577e-05, 2.34526560234e-05, 1.84674572665e-05, 1.36563139677e-05, 1.26985887619e-05, 8.9916129582e-06, 8.13455881143e-06, 6.9470802373e-06, 6.18352032689e-06, 6.01636475039e-06, 4.64174809167e-06, 3.85223893318e-06, 3.11342660098e-06, 3.17058106702e-06, 2.33311243392e-06, 2.35009565586e-06, 2.07749326364e-06, 6.37435505269e-07],
        "median": [0.000430983258411, 0.000785233336501, 0.000965723302215, 0.000688955769874, 0.000428252329584, 0.000250868150033, 0.000198801630177, 0.000137508919579, 8.25317183626e-05, 0.00010747606575, 6.84571132297e-05, 3.22295600199e-05, 2.29919551202e-05, 1.85937060451e-05, 1.22067913253e-05, 8.83182838152e-06, 1.05162707769e-05, 1.31350534502e-05, 1.42418584801e-05, 1.27585972223e-05, 1.24385824165e-05, 1.17003291962e-05, 1.37510669447e-05, 1.29314530568e-05, 9.9179933386e-06, 7.78946559876e-06, 6.54359701002e-06, 5.45217835679e-06, 4.6368763833e-06, 4.45389378001e-06, 3.46053025169e-06, 2.85747250928e-06, 2.23267375077e-06, 1.82419864814e-06, 1.56890610015e-06, 1.55574196015e-06, 1.26503800857e-06, 8.89507020929e-07, 6.21717447302e-07, 1.33898936383e-07],
        "min": [8.67922832839e-24, 8.13884993084e-24, 5.28478036361e-24, 8.50530185373e-24, 2.13327410527e-23, 7.92861534416e-24, 9.14163886951e-24, 8.98532292569e-24, 6.54646753491e-24, 4.66730658979e-24, 5.38136178752e-24, 8.36100736125e-24, 9.46148962328e-24, 1.28231493734e-23, 1.08420924484e-23, 4.27357072921e-24, 1.98404789107e-24, 6.45053416022e-24, 6.14124862056e-24, 5.85641658566e-24, 9.56504023886e-24, 1.60838514937e-23, 1.055306959e-23, 8.09813366408e-24, 1.00315157802e-23, 1.3382231663e-23, 9.12781802645e-24, 1.33773833239e-23, 7.01000496383e-24, 5.67501447063e-24, 1.01052411427e-23, 8.6947310229e-24, 1.17435332712e-23, 1.43607915278e-23, 1.22617912201e-23, 1.1853417651e-23, 1.46726329768e-23, 1.43521740113e-23, 1.20599138258e-23, 1.20987068497e-23],
        "var": [1.60451108968e-05, 6.54116956866e-06, 1.55225552589e-06, 2.38319034906e-06, 6.57963141748e-07, 4.45725646614e-07, 2.0174067572e-07, 3.56864035211e-07, 1.05952778995e-07, 2.51151448083e-07, 1.79207063411e-07, 2.76831624291e-08, 5.93057016829e-08, 1.72177205826e-08, 1.07253992354e-08, 3.24794258155e-09, 5.55153079063e-09, 1.06107069797e-08, 4.61066340662e-09, 2.53524201632e-09, 2.06289296756e-09, 1.57446822246e-09, 1.92889881845e-09, 9.63982116353e-10, 5.72015046441e-10, 2.81436651761e-10, 3.63357871569e-10, 1.18728485377e-10, 1.1089804075e-10, 6.66021404694e-11, 5.38543203088e-11, 7.64535726394e-11, 3.96711830053e-11, 2.67735399823e-11, 1.68783268611e-11, 1.70294438273e-11, 1.15866439707e-11, 1.88720497563e-11, 1.87996042345e-11, 2.37078217301e-12]
    },
    "mfcc": {
        "mean": [-626.064147949, 107.569503784, 10.955247879, 32.1894073486, -0.0962733104825, -0.836782574654, -6.43400859833, 6.09813594818, -1.22254550457, 3.17181181908, -5.53117895126, -0.124034792185, -6.73876619339],
        "cov": [[7121.77148438, -45.9578094482, -174.178268433, -32.0304450989, -182.970108032, 184.94140625, -104.793449402, 0.813104450703, -128.503494263, -23.2704277039, -33.6645927429, -81.615737915, -92.7299499512], [-45.9578094482, 881.349731445, -354.336395264, -23.8022003174, -7.11732816696, 29.7669487, 24.9161148071, 17.1049766541, 4.05104112625, 24.6789226532, -20.1404056549, -1.9858186245, -55.7883758545], [-174.178268433, -354.336395264, 757.961486816, 152.576309204, 117.958518982, 97.2807922363, 77.0114364624, 50.8994140625, 46.9540863037, 13.0507736206, 61.4902191162, 29.8534679413, 48.6527137756], [-32.0304450989, -23.8022003174, 152.576309204, 430.5909729, 118.442214966, -25.4753475189, 32.1863517761, 68.801612854, 39.1879997253, 18.1003246307, 27.251367569, 51.2548294067, 38.2165260315], [-182.970108032, -7.11732816696, 117.958518982, 118.442214966, 264.699951172, -4.83786535263, 84.6775436401, 37.9609985352, 45.3303222656, 39.0114822388, 24.2476730347, 45.4603500366, 46.9283065796], [184.94140625, 29.7669487, 97.2807922363, -25.4753475189, -4.83786535263, 291.118255615, 64.9316558838, 43.8107414246, 15.5965623856, 28.0477771759, 24.175409317, -40.5333557129, -17.7817020416], [-104.793449402, 24.9161148071, 77.0114364624, 32.1863517761, 84.6775436401, 64.9316558838, 189.155151367, 69.4122848511, 16.5715141296, 37.6720466614, 30.9982261658, 20.3878040314, 15.9573001862], [0.813104450703, 17.1049766541, 50.8994140625, 68.801612854, 37.9609985352, 43.8107414246, 69.4122848511, 122.146469116, 33.3824615479, 26.3729171753, 22.5125102997, 22.192773819, 20.5911712646], [-128.503494263, 4.05104112625, 46.9540863037, 39.1879997253, 45.3303222656, 15.5965623856, 16.5715141296, 33.3824615479, 94.4447097778, 39.6528511047, 13.2119674683, 6.66850423813, 11.8493385315], [-23.2704277039, 24.6789226532, 13.0507736206, 18.1003246307, 39.0114822388, 28.0477771759, 37.6720466614, 26.3729171753, 39.6528511047, 111.685043335, 24.8661422729, -0.573262572289, -0.762841582298], [-33.6645927429, -20.1404056549, 61.4902191162, 27.251367569, 24.2476730347, 24.175409317, 30.9982261658, 22.5125102997, 13.2119674683, 24.8661422729, 73.559463501, 25.0183849335, 12.6842975616], [-81.615737915, -1.9858186245, 29.8534679413, 51.2548294067, 45.4603500366, -40.5333557129, 20.3878040314, 22.192773819, 6.66850423813, -0.573262572289, 25.0183849335, 98.1287078857, 37.1112174988], [-92.7299499512, -55.7883758545, 48.6527137756, 38.2165260315, 46.9283065796, -17.7817020416, 15.9573001862, 20.5911712646, 11.8493385315, -0.762841582298, 12.6842975616, 37.1112174988, 88.1945724487]],
