{
"lowlevel": {
    "average_loudness": 0.972018420696,
    "barkbands_crest": {
        "dmean": 2.50845479965,
        "dmean2": 4.1138253212,
        "dvar": 6.42977285385,
        "dvar2": 16.4172973633,
        "max": 22.9005737305,
        "mean": 8.25777053833,
        "median": 7.53044652939,
        "min": 2.37607955933,
        "var": 11.0380964279
    },
    "barkbands_flatness_db": {
        "dmean": 0.0157646480948,
        "dmean2": 0.0256386548281,
        "dvar": 0.000205897013075,
        "dvar2": 0.000526237359736,
        "max": 0.247864976525,
        "mean": 0.132220953703,
        "median": 0.128478288651,
        "min": 0.0605588927865,
        "var": 0.000619679805823
    },
    "barkbands_kurtosis": {
        "dmean": 0.847269415855,
        "dmean2": 1.39913487434,
        "dvar": 1.79822051525,
        "dvar2": 4.6023015976,
        "max": 24.3838939667,
        "mean": -0.101558238268,
        "median": -0.471078634262,
        "min": -1.80064308643,
        "var": 2.31321263313
    },
    "barkbands_skewness": {
        "dmean": 0.373542696238,
        "dmean2": 0.588984131813,
        "dvar": 0.133023649454,
        "dvar2": 0.325908213854,
        "max": 4.85463762283,
        "mean": 0.831861317158,
        "median": 0.775656163692,
        "min": -0.775574266911,
        "var": 0.351230949163
    },
    "barkbands_spread": {
        "dmean": 4.88895893097,
        "dmean2": 7.82196521759,
        "dvar": 19.2062892914,
        "dvar2": 47.1939430237,
        "max": 71.825050354,
        "mean": 33.5698661804,
        "median": 33.3274650574,
        "min": 8.828166008,
        "var": 56.0390892029
    },
    "dissonance": {
        "dmean": 0.0102894501761,
        "dmean2": 0.0176437720656,
        "dvar": 0.000100416662463,
        "dvar2": 0.000277720129816,
        "max": 0.5,
        "mean": 0.483841359615,
        "median": 0.486664235592,
        "min": 0.403606683016,
        "var": 0.000154341876623
    },
    "dynamic_complexity": 1.38397395611,
    "erbbands_crest": {
        "dmean": 2.23616313934,
        "dmean2": 3.71131014824,
        "dvar": 4.95537042618,
        "dvar2": 12.9276762009,
        "max": 28.0263576508,
        "mean": 7.40680885315,
        "median": 6.46228504181,
        "min": 2.40172171593,
        "var": 12.6069231033
    },
    "erbbands_flatness_db": {
        "dmean": 0.0120697291568,
        "dmean2": 0.0187602266669,
        "dvar": 0.000122593235574,
        "dvar2": 0.000286878726911,
        "max": 0.276725888252,
        "mean": 0.175108924508,
        "median": 0.173506572843,
        "min": 0.112199157476,
        "var": 0.000626840686891
    },
    "erbbands_kurtosis": {
        "dmean": 0.673857629299,
        "dmean2": 1.08032643795,
        "dvar": 0.614895164967,
        "dvar2": 1.50810301304,
        "max": 9.71667003632,
        "mean": 0.214961618185,
        "median": -0.0710961818695,
        "min": -1.48737454414,
        "var": 1.48665940762
    },
    "erbbands_skewness": {
        "dmean": 0.273102343082,
        "dmean2": 0.423690497875,
        "dvar": 0.0560661442578,
        "dvar2": 0.127075657248,
        "max": 1.99998569489,
        "mean": -0.372580885887,
        "median": -0.391352266073,
        "min": -2.79349112511,
        "var": 0.325771600008
    },
    "erbbands_spread": {
        "dmean": 6.13796854019,
        "dmean2": 9.77874565125,
        "dvar": 32.7205581665,
        "dvar2": 80.8132247925,
        "max": 78.9750747681,
        "mean": 34.4592971802,
        "median": 33.6594772339,
        "min": 8.70265197754,
        "var": 102.533813477
    },
    "hfc": {
        "dmean": 6.11569070816,
        "dmean2": 9.59242916107,
        "dvar": 53.3948478699,
        "dvar2": 132.30696106,
        "max": 93.0841598511,
        "mean": 31.7382125854,
        "median": 31.2016544342,
        "min": 0.000799730536528,
        "var": 180.821228027
    },
    "melbands_crest": {
        "dmean": 3.18272638321,
        "dmean2": 5.18248271942,
        "dvar": 8.77926254272,
        "dvar2": 23.2066173553,
        "max": 31.8989295959,
        "mean": 13.0018634796,
        "median": 12.3743829727,
        "min": 4.60231876373,
        "var": 19.5738220215
    },
    "melbands_flatness_db": {
        "dmean": 0.0203606970608,
        "dmean2": 0.0318879336119,
        "dvar": 0.000364661827916,
        "dvar2": 0.000897264166269,
        "max": 0.305295526981,
        "mean": 0.152805998921,
        "median": 0.148915037513,
        "min": 0.0497670099139,
        "var": 0.00121739623137
    },
    "melbands_kurtosis": {
        "dmean": 3.2630546093,
        "dmean2": 5.26991319656,
        "dvar": 23.9491786957,
        "dvar2": 59.1015777588,
        "max": 90.8221206665,
        "mean": 5.19907236099,
        "median": 3.52008962631,
        "min": -1.36429774761,
        "var": 36.1705856323
    },
    "melbands_skewness": {
        "dmean": 0.570508480072,
        "dmean2": 0.894400417805,
        "dvar": 0.341885775328,
        "dvar2": 0.81409573555,
        "max": 8.6595621109,
        "mean": 2.07002782822,
        "median": 1.9369610548,
        "min": -0.440860062838,
        "var": 0.898018479347
    },
    "melbands_spread": {
        "dmean": 7.9159526825,
        "dmean2": 12.5084533691,
        "dvar": 51.0591888428,
        "dvar2": 124.650344849,
        "max": 94.171081543,
        "mean": 35.9493942261,
        "median": 35.0298995972,
        "min": 4.70003557205,
        "var": 159.557861328
    },
    "pitch_salience": {
        "dmean": 0.0709376186132,
        "dmean2": 0.114556506276,
        "dvar": 0.00395668530837,
        "dvar2": 0.0107310712337,
        "max": 0.813229560852,
        "mean": 0.548328816891,
        "median": 0.551554560661,
        "min": 0.168023586273,
        "var": 0.00806079991162
    },
    "silence_rate_20dB": {
        "dmean": 0,
        "dmean2": 0,
        "dvar": 0,
        "dvar2": 0,
        "max": 1,
        "mean": 1,
        "median": 1,
        "min": 1,
        "var": 0
    },
    "silence_rate_30dB": {
        "dmean": 0.000774593325332,
        "dmean2": 0.00154978688806,
        "dvar": 0.000773990119342,
        "dvar2": 0.00232226448134,
        "max": 1,
        "mean": 0.999612867832,
        "median": 1,
        "min": 0,
        "var": 0.000387019885238
    },
    "silence_rate_60dB": {
        "dmean": 0.000774593325332,
        "dmean2": 0.00154978688806,
        "dvar": 0.00077398942085,
        "dvar2": 0.00154736766126,
        "max": 1,
        "mean": 0.0108401086181,
        "median": 0,
        "min": 0,
        "var": 0.0107223978266
    },
    "spectral_centroid": {
        "dmean": 198.702926636,
        "dmean2": 316.484313965,
        "dvar": 27594.0234375,
        "dvar2": 70229.1640625,
        "max": 2931.62426758,
        "mean": 1970.22900391,
        "median": 1980.13244629,
        "min": 992.817077637,
        "var": 99642.25
    },
    "spectral_complexity": {
        "dmean": 4.29047250748,
        "dmean2": 6.70205354691,
        "dvar": 13.6987800598,
        "dvar2": 29.4792327881,
        "max": 59,
        "mean": 35.5985298157,
        "median": 36,
        "min": 0,
        "var": 70.3363800049
    },
    "spectral_decrease": {
        "dmean": 2.28539742686e-09,
        "dmean2": 3.63201091425e-09,
        "dvar": 8.60216386421e-18,
        "dvar2": 2.0188133634e-17,
        "max": -1.77917481637e-13,
        "mean": -8.73432881576e-09,
        "median": -8.03381361436e-09,
        "min": -3.32850191853e-08,
        "var": 1.75130894357e-17
    },
    "spectral_energy": {
        "dmean": 0.00893096532673,
        "dmean2": 0.0141441142187,
        "dvar": 0.000128777872305,
        "dvar2": 0.000303285225527,
        "max": 0.127908721566,
        "mean": 0.0358441434801,
        "median": 0.0333999432623,
        "min": 7.44036640299e-07,
        "var": 0.000273860729067
    },
    "spectral_energyband_high": {
        "dmean": 0.000395010982174,
        "dmean2": 0.000639247882646,
        "dvar": 4.41179764721e-07,
        "dvar2": 1.18077298339e-06,
        "max": 0.00691541470587,
        "mean": 0.00118897436187,
        "median": 0.00100352452137,
        "min": 1.1936736044e-08,
        "var": 7.19536160432e-07
    },
    "spectral_energyband_low": {
        "dmean": 0.00694916490465,
        "dmean2": 0.0111734196544,
        "dvar": 0.000109991357021,
        "dvar2": 0.000256257684669,
        "max": 0.114589191973,
        "mean": 0.0153592852876,
        "median": 0.0118584586307,
        "min": 1.57434214998e-07,
        "var": 0.000169822073076
    },
    "spectral_energyband_middle_high": {
        "dmean": 0.0026155388914,
        "dmean2": 0.00405260780826,
        "dvar": 1.03467109511e-05,
        "dvar2": 2.53296784649e-05,
        "max": 0.0552962161601,
        "mean": 0.0108538661152,
        "median": 0.00961784180254,
        "min": 2.71856066547e-07,
        "var": 3.87764121115e-05
    },
    "spectral_energyband_middle_low": {
        "dmean": 0.00391830224544,
        "dmean2": 0.00644826237112,
        "dvar": 3.25746659655e-05,
        "dvar2": 8.66607006174e-05,
        "max": 0.0594727918506,
        "mean": 0.00964243803173,
        "median": 0.00815648119897,
        "min": 3.62560314215e-07,
        "var": 4.29049068771e-05
    },
    "spectral_entropy": {
        "dmean": 0.0769543200731,
        "dmean2": 0.119740910828,
        "dvar": 0.00526633160189,
        "dvar2": 0.0112169934437,
        "max": 8.40208339691,
        "mean": 7.82953596115,
        "median": 7.85054969788,
        "min": 7.1562204361,
        "var": 0.0286003910005
    },
    "spectral_flux": {
        "dmean": 0.0221124980599,
        "dmean2": 0.034965608269,
        "dvar": 0.000569883093704,
        "dvar2": 0.00129512930289,
        "max": 0.267371445894,
        "mean": 0.0997026637197,
        "median": 0.0930243656039,
        "min": 0.000862575601786,
        "var": 0.00154088402633
    },
    "spectral_kurtosis": {
        "dmean": 1.27525281906,
        "dmean2": 2.2646074295,
        "dvar": 1.56425738335,
        "dvar2": 4.98424768448,
        "max": 12.8444108963,
        "mean": 2.59032988548,
        "median": 2.32882642746,
        "min": -0.299816608429,
        "var": 2.19164991379
    },
    "spectral_rms": {
        "dmean": 0.000693015113939,
        "dmean2": 0.00108481862117,
        "dvar": 5.79914740229e-07,
        "dvar2": 1.36119979288e-06,
        "max": 0.0111708994955,
        "mean": 0.00575526291505,
        "median": 0.00570835452527,
        "min": 2.69423344434e-05,
        "var": 1.84678776805e-06
    },
    "spectral_rolloff": {
        "dmean": 385.355865479,
        "dmean2": 636.835693359,
        "dvar": 181561.5625,
        "dvar2": 424011,
        "max": 7019.82421875,
        "mean": 1950.09912109,
        "median": 1959.52148438,
        "min": 64.599609375,
        "var": 454968
    },
    "spectral_skewness": {
        "dmean": 0.169455617666,
        "dmean2": 0.290644109249,
        "dvar": 0.0227199140936,
        "dvar2": 0.0671126320958,
        "max": 2.52747988701,
        "mean": 0.994367301464,
        "median": 0.996231257915,
        "min": 0.135450690985,
        "var": 0.0478879660368
    },
    "spectral_spread": {
        "dmean": 279718.53125,
        "dmean2": 420840.1875,
        "dvar": 136354070528,
        "dvar2": 215491100672,
        "max": 15253791,
        "mean": 3587537.5,
        "median": 3576135.25,
        "min": 2182510.25,
        "var": 445829447680
    },
    "spectral_strongpeak": {
        "dmean": 0.597038447857,
        "dmean2": 1.06526374817,
        "dvar": 1.46051752567,
        "dvar2": 3.71551084518,
        "max": 11.5830402374,
        "mean": 0.795386075974,
        "median": 0.323366492987,
        "min": 0.00251417909749,
        "var": 1.85510122776
    },
    "zerocrossingrate": {
        "dmean": 0.00718125188723,
        "dmean2": 0.00903802737594,
        "dvar": 3.69056542695e-05,
        "dvar2": 5.64716137887e-05,
        "max": 0.15478515625,
        "mean": 0.0665784627199,
        "median": 0.06591796875,
        "min": 0.0234375,
        "var": 0.000224367642659
    },
    "barkbands": {
        "dmean": [0.000253235717537, 0.0054214769043, 0.00268663116731, 0.00133668165654, 0.00135820708238, 0.00111316726543, 0.000963969447184, 0.000810119090602, 0.00082800158998, 0.000692875764798, 0.000687210471369, 0.000828788150102, 0.000688087719027, 0.000486625096528, 0.000466624682304, 0.000630661495961, 0.000465413555503, 0.000365267595043, 0.000325506611262, 0.000213393330341, 0.000193674466573, 9.07876601559e-05, 6.66732230457e-05, 5.31429323019e-05, 1.40568663483e-05, 1.4063628484e-08, 3.74433106742e-09],
        "dmean2": [0.000425324833486, 0.00875930115581, 0.00443322211504, 0.00231550983153, 0.00231083389372, 0.00190762721468, 0.00156387675088, 0.00131558766589, 0.00134551466908, 0.00112054916099, 0.00106555072125, 0.00140118401032, 0.0010975174373, 0.000781776383519, 0.000760014052503, 0.00101573276334, 0.000761438393965, 0.000595204241108, 0.000529297161847, 0.000350991409505, 0.00032506941352, 0.000146961174323, 0.000105021099444, 8.60328582348e-05, 2.23953302338e-05, 2.35928894199e-08, 7.00817714971e-09],
        "dvar": [4.12518517123e-07, 9.60230754572e-05, 1.35597792905e-05, 7.27655333321e-06, 4.62695516035e-06, 2.66480628852e-06, 2.24962582251e-06, 3.92533002014e-06, 5.11108919454e-06, 1.91502022062e-06, 2.22006769945e-06, 5.79797415412e-06, 2.19363755605e-06, 5.90583169924e-07, 4.86324893245e-07, 1.09653512936e-06, 4.14799245618e-07, 2.21351115215e-07, 1.3449643177e-07, 7.43274526371e-08, 1.42716828577e-07, 1.95326368413e-08, 1.15865992356e-08, 8.96827234698e-09, 4.66541638655e-10, 5.58742636678e-16, 2.62415359861e-16],
        "dvar2": [1.08976496449e-06, 0.000227920259931, 3.80192686862e-05, 1.99230889848e-05, 1.2818468349e-05, 7.73150895839e-06, 5.33453476237e-06, 1.00200113593e-05, 1.30920452648e-05, 4.59148623122e-06, 4.90497131977e-06, 1.564528975e-05, 5.09505298396e-06, 1.41416762744e-06, 1.25720839605e-06, 2.86322369902e-06, 9.91097863334e-07, 5.84795998293e-07, 3.31166518208e-07, 1.86987648476e-07, 3.98454432116e-07, 4.79692587874e-08, 2.68409738879e-08, 2.27023324584e-08, 1.14349796299e-09, 1.4979818965e-15, 7.70562177501e-16],
        "max": [0.00959639437497, 0.108488321304, 0.0320922583342, 0.0286839809269, 0.025433132425, 0.0173420105129, 0.0228843651712, 0.031338378787, 0.0407843366265, 0.0203754417598, 0.0296084359288, 0.0436550192535, 0.0298096947372, 0.0135559756309, 0.0111019862816, 0.0194893851876, 0.0160960108042, 0.00720196356997, 0.00699784280732, 0.00398811465129, 0.00425863871351, 0.00255159847438, 0.00159978552256, 0.00130083295517, 0.000306322530378, 3.74385876967e-07, 4.08791464679e-07],
        "mean": [0.00031845056219, 0.00939419493079, 0.00456935493276, 0.00175056629814, 0.00208667269908, 0.00176541821565, 0.00148575764615, 0.00115478388034, 0.00118734571151, 0.0010881582275, 0.00129102473147, 0.0012262717355, 0.00116409000475, 0.000933700765017, 0.000881368410774, 0.00128175981808, 0.00101664022077, 0.000880067062099, 0.000882830936462, 0.000561947526876, 0.000392876449041, 0.00022631516913, 0.000154040768393, 0.000121699275041, 2.87610419036e-05, 2.25381722174e-08, 2.60770982585e-09],
        "median": [9.79354153969e-05, 0.00632130168378, 0.00300041632727, 0.000987248145975, 0.00143865635619, 0.00107434508391, 0.000823041831609, 0.000508687982801, 0.000645670399535, 0.000529645301867, 0.000336005119607, 0.00061192602152, 0.000604570028372, 0.000581597909331, 0.000569609517697, 0.000691115914378, 0.000725171004888, 0.000727111531887, 0.000770839222241, 0.000455930625321, 0.000303433567751, 0.000167904654518, 0.000113725982374, 0.000100555713288, 2.23932584049e-05, 1.60759814349e-08, 6.7765787426e-10],
        "min": [3.53897400274e-09, 3.47077495633e-08, 6.04043037811e-08, 1.05334038381e-07, 2.20161773257e-08, 4.43023644436e-08, 2.86882495537e-09, 8.40486080733e-09, 1.56388082928e-07, 2.20502416326e-09, 8.65369109704e-10, 1.0940806483e-08, 2.69134563524e-08, 3.55907703309e-09, 1.25716496768e-07, 2.10127382161e-08, 4.07416571591e-08, 1.01421298027e-08, 2.71883955349e-08, 5.69530289596e-09, 3.09418557443e-09, 2.45596920578e-09, 8.80734540853e-10, 1.52740031734e-09, 8.15388423447e-10, 2.92773184168e-12, 3.35068995119e-12],
        "var": [4.78924619074e-07, 0.000113358008093, 2.24816431e-05, 6.46339003652e-06, 4.7675953283e-06, 4.06017443311e-06, 3.90202876588e-06, 4.61744184577e-06, 5.11798589287e-06, 3.41989448316e-06, 6.83842381477e-06, 5.89882210988e-06, 3.67431948689e-06, 1.40869030929e-06, 9.24096525523e-07, 2.98381132779e-06, 1.13182420591e-06, 3.72483810906e-07, 3.44572185895e-07, 1.60513693004e-07, 1.3516316244e-07, 4.29276916236e-08, 2.47689406763e-08, 1.47846570542e-08, 8.53202508644e-10, 6.62124172561e-16, 1.44801923459e-16]
    },
    "erbbands": {
        "dmean": [0.164625391364, 1.2210214138, 2.90749740601, 3.49395799637, 4.42560195923, 4.30484247208, 7.38494348526, 10.112364769, 14.966709137, 12.2812423706, 16.554227829, 20.220539093, 18.7737636566, 22.7365283966, 27.6674098969, 28.3644104004, 30.5686626434, 20.2151165009, 18.9200782776, 29.410068512, 36.268863678, 25.9260349274, 20.0602817535, 15.448767662, 14.9787225723, 9.75887489319, 8.49803066254, 6.74275636673, 3.78362441063, 2.34093570709, 1.90554249287, 1.29667747021, 0.797195255756, 0.285588413477, 0.0201884843409, 0.000882744498085, 4.92163708259e-05, 8.32897148939e-06, 5.33930733582e-06, 1.02090898508e-05],
        "dmean2": [0.272451132536, 1.97084522247, 4.80833101273, 5.8264131546, 7.80942773819, 7.2576084137, 12.2980718613, 17.3831329346, 24.991476059, 19.8290920258, 26.6344680786, 33.0647659302, 30.3319320679, 35.3131065369, 43.7692375183, 47.7611618042, 48.9216117859, 31.5847568512, 30.9034957886, 47.3858528137, 58.8808898926, 42.4461135864, 32.6872329712, 25.6497383118, 23.9538249969, 15.8958559036, 13.7815389633, 11.7504291534, 6.3057513237, 3.61910820007, 3.0428647995, 2.12129831314, 1.29653453827, 0.453275680542, 0.0318380706012, 0.00139038579073, 7.75746593717e-05, 1.34011897899e-05, 8.34815546114e-06, 1.61119169206e-05],
        "dvar": [0.132191687822, 4.11993169785, 15.862739563, 29.3473014832, 112.243087769, 36.0397415161, 103.980949402, 248.896911621, 533.200500488, 485.065795898, 1647.89160156, 3610.03320312, 1304.93713379, 2380.41259766, 2953.13012695, 7831.66064453, 3862.50976562, 1509.12536621, 957.552307129, 1768.23046875, 4266.66162109, 1063.1998291, 685.205383301, 287.927612305, 345.883117676, 151.757675171, 150.851989746, 300.901855469, 42.8722724915, 12.5118331909, 11.2100505829, 6.44948291779, 1.68964314461, 0.208616703749, 0.00107547384687, 2.13371959035e-06, 7.30543270322e-09, 2.69864852687e-10, 5.78736121526e-11, 1.69235139791e-10],
        "dvar2": [0.331883043051, 9.756067276, 44.3062667847, 78.9740982056, 314.17855835, 100.507514954, 286.531707764, 727.842285156, 1345.53063965, 1201.2722168, 4227.41113281, 9163.42675781, 3289.74462891, 5391.50683594, 6883.69482422, 21176.140625, 9269.34179688, 3359.50830078, 2438.74511719, 4616.16748047, 11515.6982422, 2622.83178711, 1775.59680176, 751.761657715, 846.02935791, 381.937835693, 382.950378418, 868.290588379, 116.233215332, 26.192150116, 26.5022125244, 16.4311580658, 4.29748153687, 0.506283164024, 0.00246118777432, 4.93069001095e-06, 1.78718089217e-08, 7.23098081412e-10, 1.46419321112e-10, 4.01468608358e-10],
        "max": [4.36579656601, 21.2225055695, 36.2361068726, 60.1889152527, 120.282058716, 90.2192840576, 96.2597122192, 167.400161743, 272.520172119, 348.678314209, 614.572875977, 1220.51538086, 575.463806152, 842.271484375, 1050.18798828, 1604.52001953, 1400.07348633, 898.359802246, 738.748413086, 522.319824219, 1329.84277344, 688.367431641, 435.132507324, 253.956954956, 391.19821167, 163.819168091, 133.988677979, 195.065139771, 87.5803146362, 55.782245636, 50.2052993774, 38.4806213379, 17.1774806976, 6.69590377808, 0.422449886799, 0.0190925225616, 0.00124922872055, 0.000332199007971, 0.000118187992484, 0.000141226017149],
        "mean": [0.256638854742, 2.15683174133, 5.22953128815, 6.07291936874, 5.26453065872, 6.65783691406, 11.8082828522, 16.0283279419, 23.0189647675, 19.0522060394, 25.4240913391, 28.3271751404, 31.2123565674, 41.7161064148, 51.2320709229, 45.9690284729, 55.6840705872, 42.4402580261, 41.3579673767, 60.6350097656, 77.878944397, 62.446269989, 52.0286483765, 42.4249343872, 40.5679702759, 26.5583286285, 20.2528076172, 12.2695951462, 8.67018699646, 5.78423118591, 4.27842617035, 2.81783390045, 1.83669400215, 0.637086927891, 0.0412813797593, 0.00190663547255, 0.000134807356517, 2.53738962783e-05, 2.4814860808e-05, 4.46411831945e-05],
        "median": [0.159561693668, 1.45466530323, 3.55017518997, 4.07355451584, 2.89550065994, 4.56217861176, 7.4638671875, 9.20485115051, 12.3636884689, 11.6387205124, 12.3020210266, 15.5930652618, 17.707742691, 17.0495624542, 20.5589485168, 24.6973114014, 29.7822170258, 24.9138526917, 31.2467460632, 37.9706802368, 43.2444229126, 47.0127830505, 43.3268432617, 36.902973175, 34.9845161438, 21.8431148529, 15.8915605545, 9.28797721863, 6.41031694412, 4.29033088684, 3.07576799393, 2.2713778019, 1.52842748165, 0.522052168846, 0.0311516523361, 0.00147595221642, 0.000116252471344, 2.23367060244e-05, 2.37490967265e-05, 4.21867880505e-05],
        "min": [3.47822322055e-07, 1.04908658614e-05, 5.67489114474e-05, 0.000248996802839, 0.00021736510098, 3.46776250808e-05, 9.51841793722e-05, 0.000465290242573, 0.000131941400468, 8.14498707769e-05, 0.000400399818318, 0.00422643683851, 0.00119052943774, 7.86538003013e-05, 5.79449006182e-05, 0.000568649207707, 0.00123899849132, 0.000601897074375, 0.00762765249237, 0.00155890663154, 0.00108605762944, 0.00245876214467, 0.000763359712437, 0.00135051319376, 0.000816734333057, 0.000287251750706, 0.000198043097043, 9.95128648356e-05, 8.71021402418e-05, 4.15300855821e-05, 2.74489557341e-05, 2.69315223704e-05, 2.40467452386e-05, 1.74763990799e-05, 7.04601234247e-07, 3.88536385287e-08, 7.58687779268e-09, 2.23532059529e-09, 9.02655727941e-10, 9.76557501531e-10],
        "var": [0.13287974894, 5.23860168457, 26.7595462799, 41.3673629761, 81.7178039551, 46.5986976624, 152.278015137, 362.949737549, 918.80670166, 625.4921875, 1910.95080566, 3411.90283203, 1902.37243652, 5942.21923828, 7795.53466797, 7789.31640625, 6960.93603516, 4079.640625, 1614.63293457, 4146.96923828, 11802.8671875, 2854.54492188, 1323.30004883, 709.413818359, 777.99395752, 337.974517822, 257.865234375, 214.328475952, 67.2805328369, 32.4580917358, 21.0807933807, 9.46200466156, 3.03980135918, 0.385610491037, 0.00197804626077, 3.90368222725e-06, 1.31042590112e-08, 3.81142839512e-10, 1.24512206101e-10, 3.84746096094e-10]
    },
    "gfcc": {
        "mean": [29.4372520447, 121.741241455, -163.279708862, 71.3288269043, -61.2564430237, 22.8105621338, -29.4206829071, 5.66957092285, -5.37255477905, -12.4198713303, 7.98061180115, -16.0197582245, 7.39634227753],
        "cov": [[1423.32592773, -288.500396729, 157.412872314, -7.11090087891, -262.533050537, 220.196533203, -56.2877426147, 109.591011047, -76.0052185059, -35.3467445374, -6.05722475052, -17.6906337738, -14.6493406296], [-288.500396729, 351.882354736, -86.1122665405, -15.9123125076, 153.695358276, -162.175216675, 122.346572876, -93.0604095459, 47.1368179321, 9.10199260712, 18.8915138245, -13.5277414322, 4.89828920364], [157.412872314, -86.1122665405, 169.833602905, 48.66198349, -59.2196159363, 79.0040130615, -71.9798965454, 37.2415504456, -13.6631746292, -6.06577444077, -3.89837288857, -7.13360309601, -15.8517541885], [-7.11090087891, -15.9123125076, 48.66198349, 112.058502197, 49.1740837097, -25.6686553955, -25.3472175598, -4.21047878265, 27.9342632294, -1.49518406391, -18.5160675049, -9.1457490921, -4.36906766891], [-262.533050537, 153.695358276, -59.2196159363, 49.1740837097, 188.946838379, -68.4842834473, 65.0343093872, -38.6708679199, 42.4106025696, 8.11233234406, -6.7344455719, -10.919049263, 5.11753177643], [220.196533203, -162.175216675, 79.0040130615, -25.6686553955, -68.4842834473, 221.860839844, 21.6374588013, 35.9128875732, -56.1734237671, -26.1127490997, 2.15567970276, -5.60579586029, -26.9436264038], [-56.2877426147, 122.346572876, -71.9798965454, -25.3472175598, 65.0343093872, 21.6374588013, 176.881347656, -34.9166259766, 1.90845894814, -16.820356369, 5.31309366226, -8.71118831635, -19.0996723175], [109.591011047, -93.0604095459, 37.2415504456, -4.21047878265, -38.6708679199, 35.9128875732, -34.9166259766, 107.261428833, 23.486125946, -3.78606915474, -16.3708114624, -12.1296072006, 5.92441415787], [-76.0052185059, 47.1368179321, -13.6631746292, 27.9342632294, 42.4106025696, -56.1734237671, 1.90845894814, 23.486125946, 93.8075332642, 26.2982120514, -14.1068649292, -13.245593071, 5.933365345], [-35.3467445374, 9.10199260712, -6.06577444077, -1.49518406391, 8.11233234406, -26.1127490997, -16.820356369, -3.78606915474, 26.2982120514, 64.9483261108, 30.5677261353, 6.07085132599, 8.21274852753], [-6.05722475052, 18.8915138245, -3.89837288857, -18.5160675049, -6.7344455719, 2.15567970276, 5.31309366226, -16.3708114624, -14.1068649292, 30.5677261353, 72.5420150757, 32.777671814, 3.41505074501], [-17.6906337738, -13.5277414322, -7.13360309601, -9.1457490921, -10.919049263, -5.60579586029, -8.71118831635, -12.1296072006, -13.245593071, 6.07085132599, 32.777671814, 54.5190505981, 22.3966827393], [-14.6493406296, 4.89828920364, -15.8517541885, -4.36906766891, 5.11753177643, -26.9436264038, -19.0996723175, 5.92441415787, 5.933365345, 8.21274852753, 3.41505074501, 22.3966827393, 49.7121772766]],
        "icov": [[0.00116450840142, -0.00094483315479, 0.000651522248518, -0.00181048258673, 0.0022070966661, -0.00134317984339, 8.08942204458e-05, -0.0011277635349, 0.000725565652829, -0.000359436817234, 3.91575522372e-05, 0.000394118455006, -0.00051229679957], [-0.00094483315479, 0.0386820435524, -0.0268255509436, 0.0317390188575, -0.0222261119634, 0.032054670155, -0.022431936115, 0.0228487215936, -0.0134158600122, 0.017367804423, -0.0193368196487, 0.0226860232651, -0.011694656685], [0.000651522248518, -0.0268255509436, 0.0318537652493, -0.0292678046972, 0.0180359054357, -0.0267839431763, 0.0196530800313, -0.0172035358846, 0.00927555095404, -0.011395867914, 0.0110001768917, -0.0142509220168, 0.0100881624967], [-0.00181048258673, 0.0317390188575, -0.0292678046972, 0.0437302030623, -0.0253209657967, 0.0285495501012, -0.0160642676055, 0.0214259363711, -0.0148104578257, 0.0157670453191, -0.012327820994, 0.015741661191, -0.00687758997083], [0.0022070966661, -0.0222261119634, 0.0180359054357, -0.0253209657967, 0.0251686926931, -0.0184891968966, 0.00898667797446, -0.0120855933055, 0.00626728869975, -0.0100031001493, 0.00933721568435, -0.00899384263903, 0.00296227703802], [-0.00134317984339, 0.032054670155, -0.0267839431763, 0.0285495501012, -0.0184891968966, 0.0356490239501, -0.0219063907862, 0.0158977806568, -0.00659608282149, 0.0137280030176, -0.0148213626817, 0.0174567885697, -0.00699929753318], [8.08942204458e-05, -0.022431936115, 0.0196530800313, -0.0160642676055, 0.00898667797446, -0.0219063907862, 0.0238533429801, -0.010460505262, 0.0044247591868, -0.00557044101879, 0.00836819875985, -0.0120551474392, 0.00995051302016], [-0.0011277635349, 0.0228487215936, -0.0172035358846, 0.0214259363711, -0.0120855933055, 0.0158977806568, -0.010460505262, 0.0286722667515, -0.0158127211034, 0.0136724431068, -0.0117395166308, 0.0167242772877, -0.0108614200726], [0.000725565652829, -0.0134158600122, 0.00927555095404, -0.0148104578257, 0.00626728869975, -0.00659608282149, 0.0044247591868, -0.0158127211034, 0.0259959846735, -0.016801122576, 0.0127271674573, -0.00812341459095, 0.00501446798444], [-0.000359436817234, 0.017367804423, -0.011395867914, 0.0157670453191, -0.0100031001493, 0.0137280030176, -0.00557044101879, 0.0136724431068, -0.016801122576, 0.0364303700626, -0.0252538565546, 0.0179478880018, -0.00972906313837], [3.91575522372e-05, -0.0193368196487, 0.0110001768917, -0.012327820994, 0.00933721568435, -0.0148213626817, 0.00836819875985, -0.0117395166308, 0.0127271674573, -0.0252538565546, 0.0405003875494, -0.0303327571601, 0.0134974522516], [0.000394118455006, 0.0226860232651, -0.0142509220168, 0.015741661191, -0.00899384263903, 0.0174567885697, -0.0120551474392, 0.0167242772877, -0.00812341459095, 0.0179478880018, -0.0303327571601, 0.0509435422719, -0.0243805665523], [-0.00051229679957, -0.011694656685, 0.0100881624967, -0.00687758997083, 0.00296227703802, -0.00699929753318, 0.00995051302016, -0.0108614200726, 0.00501446798444, -0.00972906313837, 0.0134974522516, -0.0243805665523, 0.035814113915]]
    },
    "melbands": {
        "dmean": [0.00148965418339, 0.00141461531166, 0.000629458227195, 0.000289807241643, 0.000241927817115, 0.000224574599997, 0.000215010324609, 0.000149488769239, 0.00012826101738, 0.000130737636937, 9.8153243016e-05, 9.64816281339e-05, 9.54945789999e-05, 9.31124595809e-05, 7.93813669588e-05, 6.5270192863e-05, 3.91935864172e-05, 3.75923154934e-05, 3.69974259229e-05, 3.6232657294e-05, 4.56167945231e-05, 2.94909004879e-05, 2.49160602834e-05, 1.81827399501e-05, 1.37688502946e-05, 1.36341686812e-05, 9.22998788155e-06, 6.68465690978e-06, 6.10000643064e-06, 4.77305593449e-06, 3.85940666092e-06, 2.42282249019e-06, 1.76736148205e-06, 1.30807677579e-06, 1.21012647014e-06, 1.01476723557e-06, 7.94173217855e-07, 6.38904168682e-07, 4.57510907381e-07, 1.91279980299e-07],
        "dmean2": [0.00241677043959, 0.00227916124277, 0.00106939591933, 0.000501347938552, 0.000401401979616, 0.00038568925811, 0.000356207805453, 0.000241213259869, 0.000206272525247, 0.000213464387343, 0.000158754424774, 0.000151090280269, 0.000148313891259, 0.000158958675456, 0.000127467355924, 0.000103050151665, 6.18193371338e-05, 6.18195335846e-05, 6.03238368058e-05, 5.75769190618e-05, 7.46399746276e-05, 4.85586970171e-05, 4.06131475756e-05, 2.97441129078e-05, 2.31900758081e-05, 2.21235186473e-05, 1.50947662405e-05, 1.10308801595e-05, 9.95216032607e-06, 7.94599418441e-06, 6.85336772221e-06, 4.08483947467e-06, 2.7431124181e-06, 2.06138543035e-06, 1.95253596758e-06, 1.665628929e-06, 1.30869136683e-06, 1.04763103081e-06, 7.45203806218e-07, 3.0404652307e-07],
        "dvar": [8.90470982995e-06, 3.58950160262e-06, 1.22616268072e-06, 2.72961500514e-07, 1.0256472649e-07, 1.18551874095e-07, 1.05728084066e-07, 8.41862686229e-08, 8.94809488727e-08, 1.54670701136e-07, 3.51369493501e-08, 4.16683825222e-08, 4.03607955946e-08, 1.12202528157e-07, 3.10177270535e-08, 2.1275084805e-08, 5.29923882553e-09, 4.02272481992e-09, 3.62820040678e-09, 3.19788262537e-09, 6.89143808685e-09, 1.40980938035e-09, 1.26964150304e-09, 6.06330818886e-10, 2.29804383856e-10, 3.08007258587e-10, 1.19628904005e-10, 8.08581396283e-11, 7.36011668279e-11, 6.40559480458e-11, 1.06391492838e-10, 1.55796712337e-11, 7.66450878459e-12, 3.75293416136e-12, 4.44558886231e-12, 3.48075409641e-12, 2.20763880267e-12, 1.05451129599e-12, 4.86228136747e-13, 9.79728180094e-14],
        "dvar2": [2.17259039346e-05, 9.32502189244e-06, 3.37199799105e-06, 7.56018607717e-07, 2.78875830872e-07, 3.47852534333e-07, 2.6406630127e-07, 2.12332437854e-07, 2.2699603619e-07, 3.94668745685e-07, 8.80238602008e-08, 9.55856052087e-08, 8.78015740113e-08, 3.01691272853e-07, 7.40697885249e-08, 4.79472461734e-08, 1.1922727694e-08, 1.02389536849e-08, 9.44179578966e-09, 7.45686890014e-09, 1.85070927472e-08, 3.47307205217e-09, 3.06099834368e-09, 1.6097023714e-09, 6.21787843436e-10, 7.30394522641e-10, 3.14116371802e-10, 2.11416509299e-10, 1.8295846782e-10, 1.7558531018e-10, 3.09168857182e-10, 4.3210133388e-11, 1.65737857466e-11, 8.51248065092e-12, 1.0546572296e-11, 8.78778560337e-12, 5.69456114208e-12, 2.76626399738e-12, 1.19326759845e-12, 2.3891275785e-13],
        "max": [0.0341089069843, 0.0170568823814, 0.0111419185996, 0.00607344321907, 0.00295224715956, 0.00399595499039, 0.00367856048979, 0.00379814230837, 0.00420799432322, 0.0077138482593, 0.00283228838816, 0.00362209114246, 0.00471433531493, 0.00644338410348, 0.0031035670545, 0.0039430167526, 0.0014034784399, 0.00141539075412, 0.0012073724065, 0.00124711461831, 0.00154170754831, 0.00105319917202, 0.000670619658194, 0.000373040413251, 0.00021119696612, 0.000417062663473, 0.000168519996805, 0.000122643221403, 0.000118538882816, 9.12000759854e-05, 0.000113262125524, 5.33468301001e-05, 7.22925688024e-05, 2.9884839023e-05, 3.26505905832e-05, 3.09320748784e-05, 2.26834054047e-05, 1.18631296573e-05, 9.51942911342e-06, 4.36618938693e-06],
        "mean": [0.00249111279845, 0.00285265990533, 0.00104322913103, 0.000402132340241, 0.000406242033932, 0.000365466898074, 0.000333029020112, 0.000226587479119, 0.000196718494408, 0.000177770794835, 0.000157754839165, 0.000168189493706, 0.000180236325832, 0.000132136177854, 0.000129373045638, 0.000112543180876, 7.60186667321e-05, 7.14215566404e-05, 6.95424823789e-05, 7.71815248299e-05, 9.13287949516e-05, 6.15628086962e-05, 5.81010681344e-05, 3.89347369492e-05, 3.3421376429e-05, 3.38356985594e-05, 2.29112647503e-05, 1.62407177413e-05, 1.385203268e-05, 9.27907876758e-06, 6.22136440143e-06, 5.06949572809e-06, 3.95012830268e-06, 2.9402006021e-06, 2.56079215433e-06, 2.0363704607e-06, 1.61298885359e-06, 1.36990092869e-06, 9.82667302196e-07, 3.78988204375e-07],
        "median": [0.00167131866328, 0.00204990291968, 0.000740632065572, 0.000262269080849, 0.000271953176707, 0.000213306382648, 0.000183901414857, 0.000125018021208, 9.62522462942e-05, 9.51589099714e-05, 8.50955984788e-05, 6.90752567607e-05, 5.91585776419e-05, 6.44824685878e-05, 6.03948537901e-05, 5.95494493609e-05, 4.33825334767e-05, 4.78141591884e-05, 4.34448411397e-05, 4.62470416096e-05, 4.82888572151e-05, 4.43265598733e-05, 4.37684720964e-05, 3.1146886613e-05, 2.83481731458e-05, 2.92522327072e-05, 1.88763460756e-05, 1.28229412439e-05, 1.03968422991e-05, 7.090724921e-06, 4.44144279754e-06, 3.67006623492e-06, 2.74506464848e-06, 2.11387987292e-06, 1.80570771136e-06, 1.44912871747e-06, 1.27825410345e-06, 1.10177109036e-06, 7.89387854638e-07, 2.94225941389e-07],
        "min": [6.72069022656e-09, 2.49071696601e-08, 4.31898143916e-08, 7.96901566957e-09, 2.70765387889e-09, 9.70086944108e-09, 1.76082004533e-09, 1.12647413619e-09, 3.62557295297e-09, 2.23564047275e-08, 4.82551731906e-09, 1.88118701172e-10, 1.36634953352e-10, 4.98876717714e-10, 3.07179992554e-09, 2.21876494955e-09, 3.3457819848e-10, 1.15546301416e-08, 4.86797846477e-09, 1.74601944014e-09, 1.02513686429e-09, 3.36303340731e-09, 6.58887999716e-10, 4.612225879e-10, 1.25329580047e-09, 6.58682497434e-10, 3.17324888588e-10, 1.66963096127e-10, 1.52940812792e-10, 6.31365515424e-11, 5.43686519416e-11, 4.84492689024e-11, 4.56820414829e-11, 1.6292267882e-11, 1.87726778567e-11, 1.1564973805e-11, 1.79464151873e-11, 1.20821547211e-11, 2.93150330399e-11, 8.74510880378e-12],
        "var": [9.54021197686e-06, 6.27203326076e-06, 1.30093258122e-06, 2.53521704963e-07, 1.61262576626e-07, 1.79541359557e-07, 1.83098364914e-07, 1.05306369846e-07, 1.05542760309e-07, 1.44873268937e-07, 5.3364509256e-08, 9.65901918448e-08, 1.19122937292e-07, 9.69658628946e-08, 5.51226193579e-08, 3.91172534364e-08, 1.42452183383e-08, 6.71534694519e-09, 7.02727298574e-09, 8.37675706578e-09, 1.82875243837e-08, 3.50926332437e-09, 3.10742298559e-09, 9.66208557607e-10, 5.087739674e-10, 6.76048939052e-10, 2.62020821706e-10, 1.51251219882e-10, 1.4101304846e-10, 6.96610963358e-11, 7.20985771085e-11, 2.32005595291e-11, 1.79075834023e-11, 8.82665988911e-12, 8.16534253406e-12, 5.23521156981e-12, 3.20288348794e-12, 1.79174372821e-12, 9.22764469002e-13, 1.6257003068e-13]
    },
    "mfcc": {
        "mean": [-580.053405762, 110.373245239, -19.1055145264, 34.5462684631, 7.36226511002, 8.92033004761, 4.60923719406, 8.34638881683, 1.45055615902, 4.70395183563, 0.169268995523, 5.72272062302, 1.85095262527],
        "cov": [[1397.68371582, -312.197418213, 282.188262939, -203.931549072, -70.637046814, -45.1612319946, 39.8513298035, 75.4236755371, -17.7448654175, 26.450510025, -17.164226532, -20.9296417236, -8.37283039093], [-312.197418213, 393.116729736, -216.504867554, 138.805175781, -47.578037262, 30.9756088257, 13.3348636627, -44.6740951538, 10.4635896683, -9.09180450439, 20.4911079407, 14.7748441696, 4.99060201645], [282.188262939, -216.504867554, 300.339630127, -122.39666748, 32.5583610535, -21.7758102417, -5.32654237747, 33.5532989502, -32.7514419556, 6.50393486023, -3.07997465134, -3.79761171341, -17.0093078613], [-203.931549072, 138.805175781, -122.39666748, 224.105224609, 42.8238868713, -0.680966258049, -55.0510749817, -44.7252998352, 30.3257198334, -2.71389865875, 0.64821434021, 18.8355064392, 3.35526537895], [-70.637046814, -47.578037262, 32.5583610535, 42.8238868713, 130.889068604, -19.098783493, -37.6802635193, -14.8753767014, 21.6973781586, 10.7979707718, -6.54101324081, 10.1683225632, 3.51088809967], [-45.1612319946, 30.9756088257, -21.7758102417, -0.680966258049, -19.098783493, 131.74156189, 60.8138542175, 17.8821868896, -19.0833396912, 2.2845916748, 13.988697052, -2.96018433571, -26.8995933533], [39.8513298035, 13.3348636627, -5.32654237747, -55.0510749817, -37.6802635193, 60.8138542175, 118.417785645, 42.8009681702, -25.3324813843, -8.67807483673, 11.1034736633, -5.8725938797, -11.3844356537], [75.4236755371, -44.6740951538, 33.5532989502, -44.7252998352, -14.8753767014, 17.8821868896, 42.8009681702, 95.0589752197, 17.6262397766, 11.4059581757, -3.62505269051, -12.6963338852, -4.09365320206], [-17.7448654175, 10.4635896683, -32.7514419556, 30.3257198334, 21.6973781586, -19.0833396912, -25.3324813843, 17.6262397766, 89.0082321167, 37.7630882263, -3.97461843491, -6.87708187103, 2.72593593597], [26.450510025, -9.09180450439, 6.50393486023, -2.71389865875, 10.7979707718, 2.2845916748, -8.67807483673, 11.4059581757, 37.7630882263, 69.9043807983, 16.0754756927, 2.64672136307, -8.53150081635], [-17.164226532, 20.4911079407, -3.07997465134, 0.64821434021, -6.54101324081, 13.988697052, 11.1034736633, -3.62505269051, -3.97461843491, 16.0754756927, 54.1846542358, 18.3609924316, -2.11776375771], [-20.9296417236, 14.7748441696, -3.79761171341, 18.8355064392, 10.1683225632, -2.96018433571, -5.8725938797, -12.6963338852, -6.87708187103, 2.64672136307, 18.3609924316, 46.707359314, 15.5553684235], [-8.37283039093, 4.99060201645, -17.0093078613, 3.35526537895, 3.51088809967, -26.8995933533, -11.3844356537, -4.09365320206, 2.72593593597, -8.53150081635, -2.11776375771, 15.5553684235, 55.7224006653]],
