{
"lowlevel": {
    "average_loudness": 0.840841948986,
    "barkbands_crest": {
        "dmean": 2.68260741234,
        "dmean2": 4.34555673599,
        "dvar": 7.14218711853,
        "dvar2": 19.6380939484,
        "max": 25.2703075409,
        "mean": 12.3676729202,
        "median": 11.7775297165,
        "min": 3.28142881393,
        "var": 23.6999721527
    },
    "barkbands_flatness_db": {
        "dmean": 0.0222770869732,
        "dmean2": 0.0348398201168,
        "dvar": 0.000603701162618,
        "dvar2": 0.00142217904795,
        "max": 0.418323308229,
        "mean": 0.177358835936,
        "median": 0.158499747515,
        "min": 0.0567601919174,
        "var": 0.00347442692146
    },
    "barkbands_kurtosis": {
        "dmean": 5.8407959938,
        "dmean2": 9.06955051422,
        "dvar": 261.064666748,
        "dvar2": 609.90246582,
        "max": 204.032348633,
        "mean": 9.6536989212,
        "median": 0.935857057571,
        "min": -1.97708964348,
        "var": 642.679260254
    },
    "barkbands_skewness": {
        "dmean": 0.704869866371,
        "dmean2": 1.08647501469,
        "dvar": 1.01501762867,
        "dvar2": 2.3044757843,
        "max": 12.4227275848,
        "mean": 2.13062477112,
        "median": 1.49298977852,
        "min": -1.74458181858,
        "var": 4.28795480728
    },
    "barkbands_spread": {
        "dmean": 6.92869377136,
        "dmean2": 11.0246610641,
        "dvar": 91.8080215454,
        "dvar2": 187.427200317,
        "max": 115.940361023,
        "mean": 31.2062549591,
        "median": 30.0306472778,
        "min": 0.963716626167,
        "var": 444.375640869
    },
    "dissonance": {
        "dmean": 0.012737069279,
        "dmean2": 0.0211507193744,
        "dvar": 0.00033806313877,
        "dvar2": 0.000815017265268,
        "max": 0.499999970198,
        "mean": 0.474438250065,
        "median": 0.486110180616,
        "min": 0.21880659461,
        "var": 0.000994835048914
    },
    "dynamic_complexity": 4.01377677917,
    "erbbands_crest": {
        "dmean": 2.19421672821,
        "dmean2": 3.60444498062,
        "dvar": 4.98911857605,
        "dvar2": 12.4629793167,
        "max": 25.2795772552,
        "mean": 8.19053459167,
        "median": 7.03755426407,
        "min": 2.56822752953,
        "var": 14.4430675507
    },
    "erbbands_flatness_db": {
        "dmean": 0.0136264367029,
        "dmean2": 0.0207014512271,
        "dvar": 0.000184047559742,
        "dvar2": 0.000399396609282,
        "max": 0.246922984719,
        "mean": 0.164026737213,
        "median": 0.162110537291,
        "min": 0.0955927446485,
        "var": 0.000770168728195
    },
    "erbbands_kurtosis": {
        "dmean": 1.10477888584,
        "dmean2": 1.67055368423,
        "dvar": 2.75518155098,
        "dvar2": 4.88059329987,
        "max": 35.059879303,
        "mean": 1.06465566158,
        "median": 0.217705488205,
        "min": -1.79119300842,
        "var": 9.10830974579
    },
    "erbbands_skewness": {
        "dmean": 0.370607346296,
        "dmean2": 0.567825257778,
        "dvar": 0.180627152324,
        "dvar2": 0.349388957024,
        "max": 2.63564920425,
        "mean": -0.385552436113,
        "median": -0.50033634901,
        "min": -5.216609478,
        "var": 1.15261733532
    },
    "erbbands_spread": {
        "dmean": 9.70734882355,
        "dmean2": 14.9632234573,
        "dvar": 135.439926147,
        "dvar2": 299.028869629,
        "max": 136.729614258,
        "mean": 46.4830551147,
        "median": 40.8408889771,
        "min": 9.62428474426,
        "var": 548.984985352
    },
    "hfc": {
        "dmean": 5.37176036835,
        "dmean2": 7.89799594879,
        "dvar": 96.2189178467,
        "dvar2": 191.120452881,
        "max": 217.656463623,
        "mean": 19.13256073,
        "median": 12.1780843735,
        "min": 1.23961035134e-16,
        "var": 428.769622803
    },
    "melbands_crest": {
        "dmean": 2.86050438881,
        "dmean2": 4.67174720764,
        "dvar": 7.63671731949,
        "dvar2": 20.7155056,
        "max": 32.0582199097,
        "mean": 17.6429004669,
        "median": 17.4410228729,
        "min": 2.73395109177,
        "var": 22.4669895172
    },
    "melbands_flatness_db": {
        "dmean": 0.0274427644908,
        "dmean2": 0.0422321073711,
        "dvar": 0.000910777249373,
        "dvar2": 0.00212445994839,
        "max": 0.489489585161,
        "mean": 0.216520026326,
        "median": 0.197462186217,
        "min": 0.00758793950081,
        "var": 0.00614074012265
    },
    "melbands_kurtosis": {
        "dmean": 18.2031421661,
        "dmean2": 28.6691875458,
        "dvar": 2067.68334961,
        "dvar2": 4615.44580078,
        "max": 512.144836426,
        "mean": 37.3184623718,
        "median": 12.1238584518,
        "min": -1.39634656906,
        "var": 5873.59326172
    },
    "melbands_skewness": {
        "dmean": 1.06659007072,
        "dmean2": 1.66019034386,
        "dvar": 2.17405438423,
        "dvar2": 4.90169715881,
        "max": 16.9633922577,
        "mean": 4.17870616913,
        "median": 3.25498127937,
        "min": -0.117320843041,
        "var": 9.24341964722
    },
    "melbands_spread": {
        "dmean": 8.35877132416,
        "dmean2": 13.3437776566,
        "dvar": 116.930137634,
        "dvar2": 269.833862305,
        "max": 129.75177002,
        "mean": 24.9117221832,
        "median": 22.8882160187,
        "min": 0.57354670763,
        "var": 349.236602783
    },
    "pitch_salience": {
        "dmean": 0.0732041150331,
        "dmean2": 0.118094325066,
        "dvar": 0.00531640881673,
        "dvar2": 0.0138025777414,
        "max": 0.835312783718,
        "mean": 0.472919881344,
        "median": 0.482922673225,
        "min": 0.125407859683,
        "var": 0.0145561806858
    },
    "silence_rate_20dB": {
        "dmean": 0,
        "dmean2": 0,
        "dvar": 0,
        "dvar2": 0,
        "max": 1,
        "mean": 1,
        "median": 1,
        "min": 1,
        "var": 0
    },
    "silence_rate_30dB": {
        "dmean": 0.00154798757285,
        "dmean2": 0.00309837330133,
        "dvar": 0.00154558988288,
        "dvar2": 0.00308876601048,
        "max": 1,
        "mean": 0.997679829597,
        "median": 1,
        "min": 0,
        "var": 0.0023148143664
    },
    "silence_rate_60dB": {
        "dmean": 0.0030959751457,
        "dmean2": 0.00619674660265,
        "dvar": 0.00308635551482,
        "dvar2": 0.00615851348266,
        "max": 1,
        "mean": 0.0649651959538,
        "median": 0,
        "min": 0,
        "var": 0.0607434101403
    },
    "spectral_centroid": {
        "dmean": 281.951629639,
        "dmean2": 443.442016602,
        "dvar": 161302.75,
        "dvar2": 275020.40625,
        "max": 10941.7675781,
        "mean": 1827.64294434,
        "median": 1895.60986328,
        "min": 199.071426392,
        "var": 797473.875
    },
    "spectral_complexity": {
        "dmean": 3.27244591713,
        "dmean2": 5.0642914772,
        "dvar": 13.9304189682,
        "dvar2": 27.9439601898,
        "max": 59,
        "mean": 20.3472537994,
        "median": 15,
        "min": 0,
        "var": 260.050384521
    },
    "spectral_decrease": {
        "dmean": 2.1937804906e-09,
        "dmean2": 3.56749185748e-09,
        "dvar": 1.3874820711e-17,
        "dvar2": 3.42680810748e-17,
        "max": 1.98318242496e-29,
        "mean": -6.05962435785e-09,
        "median": -4.99927699238e-09,
        "min": -5.40484990097e-08,
        "var": 2.55593531867e-17
    },
    "spectral_energy": {
        "dmean": 0.00856248755008,
        "dmean2": 0.0138841317967,
        "dvar": 0.000209666512092,
        "dvar2": 0.000513036095072,
        "max": 0.213421612978,
        "mean": 0.0246058143675,
        "median": 0.0202252268791,
        "min": 1.11687816544e-20,
        "var": 0.000416524737375
    },
    "spectral_energyband_high": {
        "dmean": 0.000385048886528,
        "dmean2": 0.000565246911719,
        "dvar": 6.7677115112e-07,
        "dvar2": 1.28075055272e-06,
        "max": 0.0143734747544,
        "mean": 0.00111104140524,
        "median": 0.000450705672847,
        "min": 8.2866145972e-21,
        "var": 2.43716272053e-06
    },
    "spectral_energyband_low": {
        "dmean": 0.00634343549609,
        "dmean2": 0.01070952788,
        "dvar": 0.000134994435939,
        "dvar2": 0.000357286917279,
        "max": 0.115302853286,
        "mean": 0.0141668207943,
        "median": 0.0114167770371,
        "min": 8.64595717308e-23,
        "var": 0.000156863301527
    },
    "spectral_energyband_middle_high": {
        "dmean": 0.00132646376733,
        "dmean2": 0.00199742335826,
        "dvar": 7.61151341067e-06,
        "dvar2": 1.64286393556e-05,
        "max": 0.0581373162568,
        "mean": 0.00416381377727,
        "median": 0.00203246902674,
        "min": 1.551928356e-21,
        "var": 2.8509661206e-05
    },
    "spectral_energyband_middle_low": {
        "dmean": 0.00306085054763,
        "dmean2": 0.00503843231127,
        "dvar": 5.69196199649e-05,
        "dvar2": 0.000136501417728,
        "max": 0.140288800001,
        "mean": 0.00590762076899,
        "median": 0.00364590808749,
        "min": 3.30558644412e-22,
        "var": 8.35526370793e-05
    },
    "spectral_entropy": {
        "dmean": 0.115617923439,
        "dmean2": 0.167214751244,
        "dvar": 0.0196216870099,
        "dvar2": 0.0359866842628,
        "max": 9.80534362793,
        "mean": 7.714012146,
        "median": 7.78848934174,
        "min": 6.30393505096,
        "var": 0.126211255789
    },
    "spectral_flux": {
        "dmean": 0.0205532107502,
        "dmean2": 0.030999686569,
        "dvar": 0.000762557261623,
        "dvar2": 0.00145159731619,
        "max": 0.322129756212,
        "mean": 0.0707910135388,
        "median": 0.0601015202701,
        "min": 1.05682455842e-10,
        "var": 0.00244599836878
    },
    "spectral_kurtosis": {
        "dmean": 1.28072655201,
        "dmean2": 2.18606805801,
        "dvar": 1.87121641636,
        "dvar2": 5.60277223587,
        "max": 18.4588546753,
        "mean": 2.43454051018,
        "median": 2.06154584885,
        "min": -1.43182134628,
        "var": 4.18998241425
    },
    "spectral_rms": {
        "dmean": 0.000731463427655,
        "dmean2": 0.00116175692528,
        "dvar": 9.94525294118e-07,
        "dvar2": 2.39845098804e-06,
        "max": 0.0144296986982,
        "mean": 0.00451200688258,
        "median": 0.0044420636259,
        "min": 3.3009654038e-12,
        "var": 3.64744664694e-06
    },
    "spectral_rolloff": {
        "dmean": 566.097717285,
        "dmean2": 964.224853516,
        "dvar": 1236346.25,
        "dvar2": 2451938,
        "max": 18949.21875,
        "mean": 1731.68151855,
        "median": 1313.52539062,
        "min": 64.599609375,
        "var": 3248697
    },
    "spectral_skewness": {
        "dmean": 0.195564284921,
        "dmean2": 0.318593084812,
        "dvar": 0.0386494994164,
        "dvar2": 0.0924625024199,
        "max": 3.41625022888,
        "mean": 1.00417840481,
        "median": 0.957702219486,
        "min": -0.477685749531,
        "var": 0.230087995529
    },
    "spectral_spread": {
        "dmean": 489611.40625,
        "dmean2": 703114.4375,
        "dvar": 1.31717634458e+12,
        "dvar2": 1.41402308608e+12,
        "max": 39608460,
        "mean": 4274750.5,
        "median": 3797156.5,
        "min": 2143759,
        "var": 3.18688015155e+12
    },
    "spectral_strongpeak": {
        "dmean": 0.219389423728,
        "dmean2": 0.391999334097,
        "dvar": 0.408766627312,
        "dvar2": 1.16729021072,
        "max": 9.39061260223,
        "mean": 0.347485482693,
        "median": 0.230384767056,
        "min": 2.17985363093e-09,
        "var": 0.338914841413
    },
    "zerocrossingrate": {
        "dmean": 0.0100898863748,
        "dmean2": 0.0120201911777,
        "dvar": 0.000262187531916,
        "dvar2": 0.000261871289695,
        "max": 0.501953125,
        "mean": 0.0600846521556,
        "median": 0.0576171875,
        "min": 0.00341796875,
        "var": 0.00143891549669
    },
    "barkbands": {
        "dmean": [0.000133431240101, 0.00524847442284, 0.00185666792095, 0.000896953046322, 0.00107248802669, 0.000771029852331, 0.000679224787746, 0.000184066637303, 0.000462778727524, 0.000341900624335, 0.000147198195918, 0.000171179883182, 0.000132007306092, 0.000116314389743, 0.000169055812876, 0.000187939134776, 0.000374796101823, 0.000356411241228, 0.000227017779252, 0.000140820586239, 0.000147786078742, 6.9161556894e-05, 6.81151650497e-05, 0.000112483765406, 2.93700995826e-05, 2.55263969962e-08, 2.36581199076e-09],
        "dmean2": [0.000227542972425, 0.00899633299559, 0.0032048439607, 0.0015476543922, 0.00180907989852, 0.00135666888673, 0.00107886490878, 0.000309204740915, 0.00073829916073, 0.000564878631849, 0.000221188034629, 0.000259057676885, 0.000205953212571, 0.000181479816092, 0.000264667294687, 0.000316478632158, 0.000634788302705, 0.000586040667258, 0.000358325341949, 0.000230967969401, 0.000239329383476, 0.000104393264337, 0.00010340402514, 0.000168987287907, 4.57873211417e-05, 4.13061336246e-08, 4.58832083439e-09],
        "dvar": [4.93064291618e-08, 0.000108339765575, 1.28846377265e-05, 2.66041706709e-06, 1.02326921478e-05, 1.8060190996e-05, 2.97770657198e-06, 2.06849151141e-07, 1.01042212464e-06, 2.65721723736e-06, 4.06418593002e-07, 6.23671382982e-07, 8.01587773935e-08, 6.70594175745e-08, 1.23691293652e-07, 2.15634969436e-07, 5.57668840884e-07, 5.38796484761e-07, 6.91036461831e-07, 9.79828911341e-08, 9.85793491282e-08, 3.52617490762e-08, 2.25672955878e-08, 1.26756660279e-07, 7.55565654487e-09, 4.66252546893e-15, 1.19170452366e-15],
        "dvar2": [1.27504065972e-07, 0.000295540841762, 3.78278673452e-05, 7.51867264626e-06, 2.8093389119e-05, 4.2544434109e-05, 6.8494741754e-06, 5.34045341283e-07, 2.473409495e-06, 7.1719882726e-06, 8.2676041302e-07, 1.36120968364e-06, 1.69249503301e-07, 1.35802068257e-07, 2.74529327271e-07, 5.92314279402e-07, 1.54572023803e-06, 1.45162937315e-06, 1.14744807433e-06, 2.11820918139e-07, 2.28547875736e-07, 6.67445760882e-08, 5.13399811553e-08, 2.57153573102e-07, 1.64875313402e-08, 1.14510214733e-14, 3.5722881867e-15],
        "max": [0.00202347803861, 0.106204815209, 0.0373606197536, 0.0262795500457, 0.041554890573, 0.119436383247, 0.0261326283216, 0.00543111655861, 0.0144353387877, 0.0289790350944, 0.0182801447809, 0.0271087940782, 0.00525558413938, 0.0048908488825, 0.00662982091308, 0.0101403528824, 0.0114906998351, 0.0104346722364, 0.0274717956781, 0.00589431961998, 0.00686907535419, 0.0041205896996, 0.00274033169262, 0.00573939969763, 0.00132498459425, 8.85495808234e-07, 8.79906906448e-07],
        "mean": [0.000266126357019, 0.00999921280891, 0.00328108319081, 0.00115618645214, 0.00134432932828, 0.000997212016955, 0.00106323719956, 0.000263201771304, 0.000847390154377, 0.000529453973286, 0.000227944270591, 0.000282292457996, 0.000234567909501, 0.000222098839004, 0.000313366646878, 0.000347178603988, 0.000776953238528, 0.000714625115506, 0.000472839485155, 0.00032606170862, 0.000328667782014, 0.000157586007845, 0.000164200959262, 0.00024630324333, 4.36553309555e-05, 3.37681704821e-08, 1.50257040143e-09],
        "median": [0.000209777688724, 0.00750137167051, 0.00207725097425, 0.000624413369223, 0.000595325545873, 0.000206726239412, 0.000349703826942, 7.63294956414e-05, 0.000280062900856, 0.000142156510265, 7.63690186432e-05, 0.000113188703835, 8.60444051796e-05, 8.79680883372e-05, 0.000149872183101, 0.000139748764923, 0.000276919890894, 0.000162229087437, 0.000118325420772, 9.84236539807e-05, 0.00012754452473, 5.44409376744e-05, 4.7590565373e-05, 6.86717830831e-05, 7.92866376287e-06, 6.54118537113e-09, 3.69897806829e-10],
        "min": [2.13354886553e-24, 5.80145727748e-23, 2.7058746309e-23, 3.49704484753e-24, 2.43305876197e-23, 3.98912318512e-23, 5.65385319796e-23, 1.16239298095e-22, 5.70867587543e-23, 6.84135391758e-23, 5.2514252735e-23, 1.31841931815e-22, 1.96511032263e-22, 2.52902040943e-22, 1.36513982614e-22, 1.56795053751e-22, 1.15326024359e-22, 2.14888689321e-22, 1.62526210269e-22, 2.79671461471e-22, 5.87507604908e-22, 6.06261895716e-22, 4.33313293033e-22, 1.0520315675e-21, 1.12226628989e-21, 1.72730013744e-21, 2.86208934808e-21],
        "var": [7.37113907689e-08, 0.000110018081614, 1.46005577335e-05, 2.68705753115e-06, 8.28124393593e-06, 2.51522033068e-05, 4.10852680943e-06, 2.78970986756e-07, 2.4024409413e-06, 4.21463437306e-06, 6.30965757864e-07, 9.08785352749e-07, 2.41856241701e-07, 1.92996054693e-07, 3.2689405316e-07, 3.91959360968e-07, 1.22157132409e-06, 1.30259502384e-06, 1.55429324877e-06, 2.8804575436e-07, 2.45680382704e-07, 1.01981825651e-07, 7.47945918533e-08, 3.36706392545e-07, 1.43910918737e-08, 7.83025632046e-15, 5.99081998456e-16]
    },
    "erbbands": {
        "dmean": [0.147851645947, 1.21814537048, 2.07821583748, 2.56968450546, 3.85547447205, 3.36792945862, 3.41731953621, 7.94214010239, 10.303319931, 7.03575468063, 4.76958990097, 11.9649801254, 10.5185365677, 6.36255931854, 6.13756275177, 6.54645776749, 6.07829141617, 5.17864847183, 8.09035778046, 8.14689254761, 12.3004779816, 19.2792720795, 17.4398899078, 14.4490013123, 9.97362136841, 6.35701131821, 8.35798168182, 3.92270302773, 2.75010609627, 1.82128548622, 2.01451611519, 2.5293803215, 1.76298344135, 0.630769729614, 0.0383539833128, 0.0017313840799, 9.82851051958e-05, 1.45708345372e-05, 6.67658105158e-06, 1.02857093225e-05],
        "dmean2": [0.249837815762, 2.09993124008, 3.54231357574, 4.45575857162, 6.62514352798, 5.62360429764, 5.67066812515, 13.1952066422, 16.4252567291, 11.245256424, 7.61074018478, 18.9286308289, 17.2948608398, 10.2909698486, 9.18430423737, 10.3768167496, 9.41604995728, 7.93625879288, 12.8266019821, 12.8827629089, 21.15883255, 32.7648658752, 28.7173709869, 23.4419593811, 15.8837280273, 10.1437797546, 13.60501194, 6.1155371666, 4.19964694977, 2.62650942802, 3.05585432053, 3.98904418945, 2.66594219208, 0.957077205181, 0.0566700510681, 0.00255322852172, 0.000142080098158, 2.10560556297e-05, 1.01232326415e-05, 1.64005086845e-05],
        "dvar": [0.0905523970723, 5.66272974014, 14.6640443802, 21.3446960449, 122.70438385, 85.3776397705, 518.434265137, 1726.03442383, 704.681030273, 346.196258545, 95.9219284058, 744.262939453, 3363.64038086, 284.536193848, 1231.18994141, 685.53692627, 158.236801147, 165.64024353, 250.077331543, 425.330993652, 846.72076416, 1656.2298584, 1289.21435547, 2066.50415039, 783.684814453, 181.392333984, 309.760192871, 93.1525344849, 56.2612724304, 28.2989578247, 16.4858646393, 58.4557304382, 33.0641326904, 3.3644464016, 0.017544073984, 3.50010159309e-05, 8.97808192235e-08, 1.87855198064e-09, 1.65189958934e-10, 2.819978695e-10],
        "dvar2": [0.250432997942, 15.3468103409, 42.0413246155, 61.9702072144, 336.677642822, 239.147094727, 1257.72167969, 4670.25927734, 1640.18066406, 815.96661377, 244.757461548, 1875.83911133, 9549.08203125, 724.228088379, 2357.96118164, 1655.0213623, 322.090118408, 329.038208008, 587.470336914, 884.356628418, 2478.07397461, 4605.82080078, 3424.82910156, 3964.66186523, 1450.39135742, 385.393249512, 771.240722656, 194.054031372, 116.847099304, 57.069858551, 35.44921875, 132.076568604, 60.1725463867, 7.00117778778, 0.0369705110788, 7.36145157134e-05, 1.82511897151e-07, 4.01895183799e-09, 3.64319574508e-10, 6.69266975173e-10],
        "max": [2.84891033173, 24.1736660004, 42.3469200134, 64.3243484497, 131.545791626, 126.876930237, 700.929992676, 1239.79272461, 377.440032959, 244.594665527, 111.186073303, 419.995544434, 1170.21154785, 323.154510498, 1114.97131348, 851.085754395, 238.538116455, 273.997253418, 294.364379883, 500.125610352, 653.826049805, 707.91003418, 633.49810791, 1476.83935547, 790.903991699, 291.988952637, 347.420318604, 216.312713623, 163.735290527, 125.31288147, 59.1650428772, 134.68460083, 92.1150588989, 31.1889801025, 2.45855593681, 0.112196661532, 0.00551386829466, 0.000679977179971, 0.000184004471521, 0.000248064199695],
        "mean": [0.293128073215, 2.19248127937, 4.15044116974, 3.81162691116, 4.43595266342, 4.55850028992, 4.28824901581, 9.78502750397, 15.6897306442, 10.2345838547, 8.50010204315, 21.0617141724, 17.6601886749, 11.8394975662, 10.4618587494, 11.3797101974, 11.2548427582, 10.7358455658, 15.5198307037, 16.8874225616, 25.7582740784, 42.9455795288, 37.5964508057, 29.4096431732, 22.0883026123, 15.6214876175, 17.7933139801, 8.78111743927, 6.21047115326, 4.44030952454, 4.76681995392, 5.17452955246, 3.76336145401, 1.05966043472, 0.0558595880866, 0.00266380026005, 0.000189930840861, 3.22204286931e-05, 2.02451155928e-05, 3.14316785079e-05],
        "median": [0.195473611355, 1.50179207325, 3.10615301132, 2.21413064003, 2.13021397591, 1.93632471561, 1.19982743263, 2.10272097588, 5.13171863556, 3.40717482567, 3.9109120369, 6.51296854019, 4.53942251205, 4.64480447769, 3.80023097992, 4.73491954803, 4.59349775314, 4.32791280746, 7.94185018539, 6.92551374435, 11.0734376907, 14.9280748367, 8.97957134247, 6.6224489212, 5.97473859787, 4.64422750473, 6.3297085762, 3.51956820488, 2.29546022415, 1.27980232239, 1.35582208633, 1.45464026928, 0.985118865967, 0.232707753778, 0.00860948394984, 0.00049329380272, 5.64312867937e-05, 1.1500628716e-05, 1.42398557728e-05, 2.54888509517e-05],
        "min": [1.00810324846e-21, 1.53025973786e-20, 3.65627983292e-20, 1.42467691813e-20, 3.2663976216e-20, 1.20318783845e-19, 8.10152711903e-20, 4.58234639803e-19, 6.28223047417e-19, 2.62419616533e-18, 1.22195255989e-18, 1.25307657461e-18, 2.3041742552e-18, 2.41221500334e-18, 2.38635733739e-18, 6.72538907523e-18, 9.00140258686e-18, 9.87055682524e-18, 9.36983379477e-18, 7.6494246793e-18, 8.90711061447e-18, 6.79616058049e-18, 1.12274961621e-17, 8.55819011567e-18, 8.82014415359e-18, 1.51589648452e-17, 2.50789333043e-17, 1.9966101814e-17, 1.64043762473e-17, 1.9216456149e-17, 1.34702607354e-17, 1.82021325403e-17, 1.95542882917e-17, 9.81480650631e-18, 9.19008248458e-18, 6.09782244733e-18, 3.29920449649e-18, 1.36842163775e-18, 3.86677597306e-19, 4.49427033898e-20],
        "var": [0.0998621210456, 5.92314863205, 17.0938587189, 24.0227451324, 90.3747329712, 78.4308395386, 503.733215332, 2277.40991211, 983.809265137, 468.061248779, 168.840759277, 1585.01513672, 6301.24560547, 519.61138916, 1906.34399414, 1000.64300537, 496.610992432, 464.604125977, 577.837036133, 1349.67614746, 1731.06884766, 3703.70141602, 3320.85083008, 5122.9765625, 1882.14208984, 623.260559082, 756.270080566, 224.597106934, 146.705993652, 86.9468841553, 58.0724105835, 124.912712097, 91.2412414551, 7.23787355423, 0.0307368654758, 6.3142288127e-05, 2.0094077513e-07, 4.26719592994e-09, 4.22450519011e-10, 6.61283972025e-10]
    },
    "gfcc": {
        "mean": [-40.9712944031, 112.919578552, -131.244552612, 83.5061569214, -61.2827720642, 29.473783493, -28.0853843689, 13.2187366486, -0.908329546452, -16.2106132507, 8.42397594452, -20.6920280457, 6.84043216705],
        "cov": [[8933.95800781, -116.717094421, -1348.57788086, 2.12623953819, -453.814727783, -187.691375732, -226.603256226, 34.3295593262, 3.8352367878, -61.5801506042, -144.634490967, -15.7303829193, -47.6918640137], [-116.717094421, 928.861083984, -246.811660767, -408.574829102, 84.5367889404, -207.918273926, 119.835342407, -20.2065353394, 80.9429550171, -43.7862014771, 116.846420288, -45.9888343811, 36.1734237671], [-1348.57788086, -246.811660767, 1062.53149414, 136.514160156, -80.2816543579, 218.209625244, -42.3456687927, 5.82318162918, -42.2313270569, 100.934989929, 34.8336181641, 9.84520244598, 14.1442346573], [2.12623953819, -408.574829102, 136.514160156, 518.482055664, 40.5285301208, -14.7016601562, -28.6257553101, -75.5638961792, -14.0709047318, -37.5782623291, -52.2212791443, 4.27462720871, -22.6612567902], [-453.814727783, 84.5367889404, -80.2816543579, 40.5285301208, 232.451629639, 8.40553092957, 44.4031944275, 5.97349739075, -0.200368329883, -45.6139297485, 4.00281906128, -22.4023761749, 8.63418769836], [-187.691375732, -207.918273926, 218.209625244, -14.7016601562, 8.40553092957, 235.119049072, 16.2895030975, 33.4548950195, -43.8529548645, 27.2243881226, -22.2732925415, -6.48397445679, 0.556892812252], [-226.603256226, 119.835342407, -42.3456687927, -28.6257553101, 44.4031944275, 16.2895030975, 143.334793091, 6.55541181564, 20.907201767, -28.434595108, 9.24399280548, -20.3006381989, 1.42932713032], [34.3295593262, -20.2065353394, 5.82318162918, -75.5638961792, 5.97349739075, 33.4548950195, 6.55541181564, 115.242019653, 9.88860034943, 5.62738656998, -4.98273992538, 0.745269656181, 3.37808537483], [3.8352367878, 80.9429550171, -42.2313270569, -14.0709047318, -0.200368329883, -43.8529548645, 20.907201767, 9.88860034943, 81.0008926392, 12.8019676208, 5.20211410522, -7.26616477966, 1.6541466713], [-61.5801506042, -43.7862014771, 100.934989929, -37.5782623291, -45.6139297485, 27.2243881226, -28.434595108, 5.62738656998, 12.8019676208, 89.3782196045, 20.8067836761, 2.90481901169, 3.21453094482], [-144.634490967, 116.846420288, 34.8336181641, -52.2212791443, 4.00281906128, -22.2732925415, 9.24399280548, -4.98273992538, 5.20211410522, 20.8067836761, 74.8392868042, 16.8560409546, 1.27416074276], [-15.7303829193, -45.9888343811, 9.84520244598, 4.27462720871, -22.4023761749, -6.48397445679, -20.3006381989, 0.745269656181, -7.26616477966, 2.90481901169, 16.8560409546, 49.8477554321, 11.3726148605], [-47.6918640137, 36.1734237671, 14.1442346573, -22.6612567902, 8.63418769836, 0.556892812252, 1.42932713032, 3.37808537483, 1.6541466713, 3.21453094482, 1.27416074276, 11.3726148605, 46.2730789185]],
        "icov": [[0.000216957560042, -0.000333733885782, 0.000453649729025, -0.000479032460134, 0.000728125567548, -0.000542191322893, 0.000511399295647, -0.000374453724362, 0.000119216070743, -4.16860893893e-05, 6.74179609632e-05, 0.000192663850612, -5.71312993998e-05], [-0.000333733885782, 0.00803475547582, -0.0016071384307, 0.00686861248687, -0.00281077134423, 0.0065987939015, -0.00297699938528, 0.00422436418012, -0.00343083287589, 0.0060297162272, -0.00811607483774, 0.00831082928926, -0.00465673394501], [0.000453649729025, -0.0016071384307, 0.00264491862617, -0.00257685291581, 0.00244148657657, -0.00342138926499, 0.00172797706909, -0.00147802371066, 0.000742720847484, -0.00152046803851, -0.000802918337286, 0.000363899074728, -0.000694621063303], [-0.000479032460134, 0.00686861248687, -0.00257685291581, 0.00907863490283, -0.00414094235748, 0.00674604484811, -0.00276546389796, 0.00571265630424, -0.00316863995977, 0.00552360247821, -0.00345755554736, 0.00445782532915, -0.00154043303337], [0.000728125567548, -0.00281077134423, 0.00244148657657, -0.00414094235748, 0.00885533355176, -0.00455295806751, 0.00201689009555, -0.00298053142615, 0.000873657816555, 0.00159380573314, -0.0016082796501, 0.00281058531255, -0.00205716653727], [-0.000542191322893, 0.0065987939015, -0.00342138926499, 0.00674604484811, -0.00455295806751, 0.0136709865183, -0.0055664787069, 0.00226482842118, 0.00171723566018, 0.00114068679977, -0.00131951831281, 0.00450613582507, -0.0018879561685], [0.000511399295647, -0.00297699938528, 0.00172797706909, -0.00276546389796, 0.00201689009555, -0.0055664787069, 0.01173929777, -0.00173299259041, -0.0026173137594, 0.00303030852228, -0.00161067920271, 0.00233670067973, -0.000220540023292], [-0.000374453724362, 0.00422436418012, -0.00147802371066, 0.00571265630424, -0.00298053142615, 0.00226482842118, -0.00173299259041, 0.0130931464955, -0.0041433093138, 0.0032778349705, -0.00171208858956, 0.00170720927417, -0.00126430299133], [0.000119216070743, -0.00343083287589, 0.000742720847484, -0.00316863995977, 0.000873657816555, 0.00171723566018, -0.0026173137594, -0.0041433093138, 0.0184575729072, -0.00821517687291, 0.00502942269668, -0.00227742316201, 0.00155784317758], [-4.16860893893e-05, 0.0060297162272, -0.00152046803851, 0.00552360247821, 0.00159380573314, 0.00114068679977, 0.00303030852228, 0.0032778349705, -0.00821517687291, 0.0234619509429, -0.0130771677941, 0.0106100672856, -0.00581457652152], [6.74179609632e-05, -0.00811607483774, -0.000802918337286, -0.00345755554736, -0.0016082796501, -0.00131951831281, -0.00161067920271, -0.00171208858956, 0.00502942269668, -0.0130771677941, 0.031528390944, -0.0200391728431, 0.0102425757796], [0.000192663850612, 0.00831082928926, 0.000363899074728, 0.00445782532915, 0.00281058531255, 0.00450613582507, 0.00233670067973, 0.00170720927417, -0.00227742316201, 0.0106100672856, -0.0200391728431, 0.039305344224, -0.014765907079], [-5.71312993998e-05, -0.00465673394501, -0.000694621063303, -0.00154043303337, -0.00205716653727, -0.0018879561685, -0.000220540023292, -0.00126430299133, 0.00155784317758, -0.00581457652152, 0.0102425757796, -0.014765907079, 0.0288511607796]]
    },
    "melbands": {
        "dmean": [0.00142005842645, 0.00119976350106, 0.00046572816791, 0.00026906497078, 0.000117187555588, 0.000173636333784, 0.000148707651533, 6.6781649366e-05, 4.88787773065e-05, 7.17165530659e-05, 5.26853400515e-05, 2.78986535704e-05, 2.06687273021e-05, 2.11768383451e-05, 1.40983593155e-05, 1.35029013109e-05, 9.51223501033e-06, 1.36500148074e-05, 1.08577241917e-05, 1.07285814011e-05, 1.77371530299e-05, 2.34993840422e-05, 1.93908508663e-05, 1.66061618074e-05, 1.21873245007e-05, 9.39739675232e-06, 5.59774980502e-06, 4.45348450739e-06, 5.99508166488e-06, 3.36005064128e-06, 2.37506583289e-06, 1.79534902145e-06, 1.2184359548e-06, 1.11030112748e-06, 1.25525707517e-06, 1.46065963236e-06, 1.82268581739e-06, 1.4039785583e-06, 1.02093986243e-06, 3.99316178346e-07],
        "dmean2": [0.00241527962498, 0.00203586532734, 0.000804220675491, 0.00045512264478, 0.000192712017451, 0.000291604286758, 0.000236393956584, 0.000107240215584, 7.80483169365e-05, 0.000113602989586, 8.71707379702e-05, 4.543124669e-05, 3.07747905026e-05, 3.14695353154e-05, 2.15782420128e-05, 2.13936473301e-05, 1.47536557051e-05, 2.18399654841e-05, 1.70618059201e-05, 1.73764074134e-05, 3.05278590531e-05, 4.01528850489e-05, 3.1856357964e-05, 2.71210392384e-05, 1.96498131118e-05, 1.57124140969e-05, 8.88782869879e-06, 7.33805563868e-06, 9.86380655377e-06, 5.42438465345e-06, 3.73126772502e-06, 2.82555924969e-06, 1.842804636e-06, 1.68271083112e-06, 1.9409876586e-06, 2.39898918153e-06, 2.85834539682e-06, 2.13676912608e-06, 1.57600607054e-06, 6.11398434103e-07],
        "dvar": [8.2285150711e-06, 4.54398104921e-06, 6.99636700574e-07, 6.75047033383e-07, 3.97703928456e-07, 7.53674783027e-07, 1.42622113231e-07, 3.04291880582e-08, 1.02183195239e-08, 2.76048393033e-08, 8.47849577212e-08, 6.56541221389e-09, 1.01563681909e-08, 1.2210029432e-08, 1.21458643143e-09, 6.44317543763e-10, 5.43285139099e-10, 7.14319048356e-10, 5.9803106911e-10, 5.82156545192e-10, 1.65732394475e-09, 2.56553334133e-09, 1.44179279626e-09, 1.17393517129e-09, 1.72225600448e-09, 8.70010619103e-10, 1.69290595431e-10, 8.30745958136e-11, 1.92316468306e-10, 4.79547998533e-11, 3.35625624515e-11, 2.04783603269e-11, 1.3680450002e-11, 1.04150273475e-11, 7.37456103128e-12, 9.89637018167e-12, 3.32684713111e-11, 2.38282241161e-11, 7.67720175626e-12, 1.70013092146e-12],
        "dvar2": [2.26451847993e-05, 1.22933843159e-05, 1.99548185265e-06, 1.86663282875e-06, 9.30142618927e-07, 1.95022767002e-06, 3.28212649947e-07, 7.26272020302e-08, 2.56656917941e-08, 7.09076388716e-08, 2.39726801965e-07, 1.69958109808e-08, 2.08461585771e-08, 2.45430360479e-08, 2.60652233131e-09, 1.43224898608e-09, 1.1032561531e-09, 1.71234448842e-09, 1.21194421165e-09, 1.37530298261e-09, 4.82638951027e-09, 7.28073246137e-09, 3.99289712405e-09, 3.09655612263e-09, 3.16609449769e-09, 1.83033732615e-09, 3.3167107949e-10, 1.98257410489e-10, 5.11083675381e-10, 1.07105053992e-10, 7.03695574034e-11, 4.49980330774e-11, 2.68172341972e-11, 2.46118490171e-11, 1.51494441991e-11, 2.3509376737e-11, 7.69733304873e-11, 4.44479140993e-11, 1.58116020277e-11, 3.71738837629e-12],
        "max": [0.0287534482777, 0.0217622518539, 0.010427525267, 0.0109914885834, 0.0197391100228, 0.0256676264107, 0.00578523846343, 0.00231798784807, 0.00115534907673, 0.00261416565627, 0.00575113343075, 0.00181372091174, 0.00292535708286, 0.00387956947088, 0.000795510597527, 0.000400140765123, 0.000484980788315, 0.000433141685789, 0.00059245940065, 0.00059780664742, 0.000868116738275, 0.000916809192859, 0.000507747987285, 0.000568242510781, 0.00140893599018, 0.000714415102266, 0.000363756960724, 0.000134345551487, 0.000275073572993, 0.000152848282596, 0.000138462666655, 8.41882938403e-05, 8.79895087564e-05, 7.74947329774e-05, 4.71866587759e-05, 4.64370641566e-05, 0.000106744082586, 8.68458519108e-05, 4.99720226799e-05, 2.56120565609e-05],
        "mean": [0.00271375314333, 0.00248631695285, 0.000699817144778, 0.00033659307519, 0.000158649098012, 0.000218678440433, 0.000232506223256, 9.42157348618e-05, 8.55857724673e-05, 0.000126178812934, 8.54138852446e-05, 4.84818956465e-05, 3.35030308634e-05, 3.38582249242e-05, 2.62001740339e-05, 2.33177343034e-05, 1.84144173545e-05, 2.46226700256e-05, 2.15220461541e-05, 2.09620229725e-05, 3.38330537488e-05, 4.7416844609e-05, 3.74629380531e-05, 3.16430450766e-05, 2.26529464271e-05, 1.8599208488e-05, 1.17769614008e-05, 9.68594031292e-06, 1.21334132928e-05, 6.89326088832e-06, 4.6820669013e-06, 3.68670930584e-06, 2.53835810327e-06, 2.49905269811e-06, 2.8311233109e-06, 2.73160094366e-06, 3.3934095427e-06, 2.81409120362e-06, 1.85063038316e-06, 5.60149715056e-07],
        "median": [0.00207970803604, 0.00193201436196, 0.000417183473473, 0.000153502594912, 5.51509656361e-05, 4.65416851512e-05, 7.98795517767e-05, 3.14067292493e-05, 3.43886713381e-05, 3.97127805627e-05, 1.93995601876e-05, 1.8340697352e-05, 1.19940305012e-05, 1.23202662508e-05, 9.83459358395e-06, 9.17899888009e-06, 6.92607500241e-06, 1.14567965284e-05, 9.54596998781e-06, 8.29025702842e-06, 1.36281341838e-05, 1.71219871845e-05, 1.06308125396e-05, 6.53674851492e-06, 4.907206403e-06, 4.77483126815e-06, 3.29160161527e-06, 2.97762971968e-06, 3.78178560823e-06, 2.59218268184e-06, 1.8753967197e-06, 1.35275217872e-06, 7.07242520548e-07, 6.64986544052e-07, 7.13268946129e-07, 8.88286763256e-07, 8.55698090163e-07, 6.33100000869e-07, 4.94692756092e-07, 8.44390655175e-08],
        "min": [1.32058328983e-23, 2.03705106086e-23, 3.1893697674e-24, 5.59176992361e-24, 3.45886674073e-24, 9.18575749335e-24, 1.00267273945e-23, 3.06476437537e-23, 8.4715685837e-24, 8.21636971428e-24, 1.14240004283e-23, 9.43514719107e-24, 7.06404824672e-24, 1.4197562007e-23, 2.59642475569e-23, 1.56360041138e-23, 1.80064254266e-23, 1.62640746561e-23, 1.19036460025e-23, 9.75746629061e-24, 9.71289880491e-24, 6.4131173042e-24, 8.88936509632e-24, 1.09761349046e-23, 6.3158846756e-24, 6.0592587568e-24, 6.56647304746e-24, 1.11427407501e-23, 1.48509013419e-23, 1.34953290733e-23, 1.19550931442e-23, 9.1311020544e-24, 1.16190857302e-23, 9.18689739736e-24, 6.58283638922e-24, 9.29513700217e-24, 1.1538144657e-23, 1.66486727464e-23, 7.93233482333e-24, 8.07232371298e-24],
        "var": [8.3355098468e-06, 5.4128154261e-06, 7.57436907861e-07, 5.16783984494e-07, 4.38991605733e-07, 1.02633464394e-06, 2.02120546078e-07, 4.05947915283e-08, 2.01149443768e-08, 5.7414439425e-08, 1.55967583737e-07, 9.77799174962e-09, 1.52618557792e-08, 1.85712689671e-08, 3.62618424177e-09, 1.6204793063e-09, 1.45959355713e-09, 1.53002366332e-09, 1.90542492895e-09, 1.67450175947e-09, 3.30490723677e-09, 4.85051332433e-09, 3.13500492233e-09, 2.76162559487e-09, 4.05747657695e-09, 1.69987179888e-09, 4.24922569353e-10, 2.53876225598e-10, 3.96531030233e-10, 1.10208016324e-10, 7.68320546074e-11, 4.97121926957e-11, 3.61206689559e-11, 2.70044299422e-11, 2.38902526234e-11, 2.14804927318e-11, 6.60010310294e-11, 6.12773096154e-11, 1.79863658689e-11, 2.88441991646e-12]
    },
    "mfcc": {
        "mean": [-658.02331543, 99.4518051147, 11.9710893631, 40.3887863159, 17.1564292908, 7.80663442612, 7.96547365189, 14.8426094055, 6.77297592163, 10.0765113831, -0.300456702709, 12.3709335327, -3.75867462158],
        "cov": [[8742.49414062, -254.472640991, -1257.5958252, -4.79954004288, -423.391052246, -263.15625, -396.923614502, 17.2389278412, -89.0540390015, 10.9018421173, -139.000320435, -16.5047397614, -138.166931152], [-254.472640991, 1158.33178711, -275.787353516, -252.765838623, -99.7111587524, -179.604476929, 45.5120506287, -30.6054420471, 1.53082895279, -0.477563291788, 46.45362854, 59.615978241, 37.0750312805], [-1257.5958252, -275.787353516, 1001.23840332, 1.26387023926, 90.7575073242, 130.926452637, 63.8180389404, -65.9465255737, 3.25495886803, -11.1107635498, 58.7761573792, 7.08797979355, 25.2509174347], [-4.79954004288, -252.765838623, 1.26387023926, 418.470245361, 50.7046699524, 55.6427650452, -56.040725708, 21.035867691, -39.7738227844, -0.709237754345, -45.9502677917, -17.8215732574, -18.0705184937], [-423.391052246, -99.7111587524, 90.7575073242, 50.7046699524, 192.069519043, 39.7608451843, 42.1542892456, 4.16058206558, 15.5715703964, -9.39178562164, 2.07822394371, -3.03741836548, 5.7583398819], [-263.15625, -179.604476929, 130.926452637, 55.6427650452, 39.7608451843, 171.500854492, 42.5035171509, 3.37630319595, 1.21888411045, 8.06413078308, -5.40582466125, -16.2766437531, -17.2628383636], [-396.923614502, 45.5120506287, 63.8180389404, -56.040725708, 42.1542892456, 42.5035171509, 141.077041626, 35.3659820557, 17.6036300659, 1.02023994923, 17.6110668182, 2.56244492531, 1.12826836109], [17.2389278412, -30.6054420471, -65.9465255737, 21.035867691, 4.16058206558, 3.37630319595, 35.3659820557, 109.471939087, 22.2183818817, 8.21959018707, -12.2754468918, -4.06153821945, -8.90488433838], [-89.0540390015, 1.53082895279, 3.25495886803, -39.7738227844, 15.5715703964, 1.21888411045, 17.6036300659, 22.2183818817, 91.3558044434, 25.9024105072, 9.05352497101, -3.31202912331, -3.04185914993], [10.9018421173, -0.477563291788, -11.1107635498, -0.709237754345, -9.39178562164, 8.06413078308, 1.02023994923, 8.21959018707, 25.9024105072, 62.3817977905, 15.4026594162, 0.0433053299785, -12.3836240768], [-139.000320435, 46.45362854, 58.7761573792, -45.9502677917, 2.07822394371, -5.40582466125, 17.6110668182, -12.2754468918, 9.05352497101, 15.4026594162, 67.2298583984, 22.6667900085, 5.93524646759], [-16.5047397614, 59.615978241, 7.08797979355, -17.8215732574, -3.03741836548, -16.2766437531, 2.56244492531, -4.06153821945, -3.31202912331, 0.0433053299785, 22.6667900085, 53.432723999, 13.9795675278], [-138.166931152, 37.0750312805, 25.2509174347, -18.0705184937, 5.7583398819, -17.2628383636, 1.12826836109, -8.90488433838, -3.04185914993, -12.3836240768, 5.93524646759, 13.9795675278, 59.9779891968]],
