{
"lowlevel": {
    "average_loudness": 0.695004463196,
    "barkbands_crest": {
        "dmean": 2.01889038086,
        "dmean2": 3.26008296013,
        "dvar": 3.74695467949,
        "dvar2": 9.32666015625,
        "max": 25.625919342,
        "mean": 11.2317237854,
        "median": 10.4810476303,
        "min": 3.07591128349,
        "var": 18.3465766907
    },
    "barkbands_flatness_db": {
        "dmean": 0.0180143713951,
        "dmean2": 0.0279424116015,
        "dvar": 0.000309782219119,
        "dvar2": 0.000657581782434,
        "max": 0.437541157007,
        "mean": 0.237844750285,
        "median": 0.240030840039,
        "min": 0.0156642142683,
        "var": 0.00334543129429
    },
    "barkbands_kurtosis": {
        "dmean": 2.18661379814,
        "dmean2": 3.36802005768,
        "dvar": 10.1356935501,
        "dvar2": 22.8485565186,
        "max": 82.4811782837,
        "mean": 4.570997715,
        "median": 2.7920255661,
        "min": -1.89885795116,
        "var": 57.688419342
    },
    "barkbands_skewness": {
        "dmean": 0.435639500618,
        "dmean2": 0.661374807358,
        "dvar": 0.203522741795,
        "dvar2": 0.419278651476,
        "max": 8.10619926453,
        "mean": 1.50282514095,
        "median": 1.50685763359,
        "min": -2.48350667953,
        "var": 1.44678473473
    },
    "barkbands_spread": {
        "dmean": 3.04029917717,
        "dmean2": 4.60478496552,
        "dvar": 42.4236335754,
        "dvar2": 87.786239624,
        "max": 83.2769470215,
        "mean": 12.6624088287,
        "median": 7.79305076599,
        "min": 0.618840098381,
        "var": 202.004150391
    },
    "dissonance": {
        "dmean": 0.0320096425712,
        "dmean2": 0.0535955913365,
        "dvar": 0.0008597408887,
        "dvar2": 0.00227302033454,
        "max": 0.499883055687,
        "mean": 0.422801464796,
        "median": 0.4314712286,
        "min": 0.165177717805,
        "var": 0.00258146109991
    },
    "dynamic_complexity": 4.45124816895,
    "erbbands_crest": {
        "dmean": 2.04049277306,
        "dmean2": 3.2988679409,
        "dvar": 4.25208711624,
        "dvar2": 10.4985017776,
        "max": 30.153219223,
        "mean": 9.8620557785,
        "median": 8.772149086,
        "min": 3.54896402359,
        "var": 19.9046535492
    },
    "erbbands_flatness_db": {
        "dmean": 0.0138312624767,
        "dmean2": 0.0204125232995,
        "dvar": 0.00020953969215,
        "dvar2": 0.000416417198721,
        "max": 0.433636039495,
        "mean": 0.265743762255,
        "median": 0.269679039717,
        "min": 0.0891747772694,
        "var": 0.00303693744354
    },
    "erbbands_kurtosis": {
        "dmean": 0.905047655106,
        "dmean2": 1.45532476902,
        "dvar": 2.20542740822,
        "dvar2": 5.29770612717,
        "max": 24.7776908875,
        "mean": 0.769803881645,
        "median": 0.0777153968811,
        "min": -1.78527367115,
        "var": 6.95756387711
    },
    "erbbands_skewness": {
        "dmean": 0.313062727451,
        "dmean2": 0.472820401192,
        "dvar": 0.125773593783,
        "dvar2": 0.237083807588,
        "max": 4.48873662949,
        "mean": 0.406269073486,
        "median": 0.452793061733,
        "min": -3.71790218353,
        "var": 0.796792566776
    },
    "erbbands_spread": {
        "dmean": 4.92999315262,
        "dmean2": 7.57132005692,
        "dvar": 71.8875808716,
        "dvar2": 166.883331299,
        "max": 122.4973526,
        "mean": 24.621427536,
        "median": 19.2600231171,
        "min": 1.98651778698,
        "var": 318.201538086
    },
    "hfc": {
        "dmean": 6.64811706543,
        "dmean2": 9.52654933929,
        "dvar": 695.302612305,
        "dvar2": 1196.85229492,
        "max": 527.13293457,
        "mean": 18.7745800018,
        "median": 7.42091417313,
        "min": 1.22469052772e-16,
        "var": 2285.65258789
    },
    "melbands_crest": {
        "dmean": 2.68091034889,
        "dmean2": 4.35452413559,
        "dvar": 6.6103515625,
        "dvar2": 16.0571708679,
        "max": 33.1814804077,
        "mean": 15.4575271606,
        "median": 14.598818779,
        "min": 1.96682655811,
        "var": 32.1873168945
    },
    "melbands_flatness_db": {
        "dmean": 0.0204637534916,
        "dmean2": 0.0299658328295,
        "dvar": 0.000456727226265,
        "dvar2": 0.000768905738369,
        "max": 0.511142075062,
        "mean": 0.286128461361,
        "median": 0.301191478968,
        "min": 0.00615779403597,
        "var": 0.00699682021514
    },
    "melbands_kurtosis": {
        "dmean": 3.23774909973,
        "dmean2": 5.01545381546,
        "dvar": 21.5876674652,
        "dvar2": 48.5553665161,
        "max": 88.8232650757,
        "mean": 7.39581203461,
        "median": 4.97619390488,
        "min": -1.9187514782,
        "var": 96.3884887695
    },
    "melbands_skewness": {
        "dmean": 0.477151602507,
        "dmean2": 0.746485650539,
        "dvar": 0.219948574901,
        "dvar2": 0.508946418762,
        "max": 7.40603590012,
        "mean": 1.98708295822,
        "median": 1.87644588947,
        "min": -0.912631690502,
        "var": 1.2309910059
    },
    "melbands_spread": {
        "dmean": 5.44932174683,
        "dmean2": 7.75606822968,
        "dvar": 243.193405151,
        "dvar2": 377.148742676,
        "max": 245.129592896,
        "mean": 20.6237068176,
        "median": 10.4217920303,
        "min": 0.862676560879,
        "var": 1161.96582031
    },
    "pitch_salience": {
        "dmean": 0.0555651523173,
        "dmean2": 0.0899810194969,
        "dvar": 0.00262436526828,
        "dvar2": 0.00625315541402,
        "max": 0.909094333649,
        "mean": 0.55071336031,
        "median": 0.557854652405,
        "min": 0.165672630072,
        "var": 0.0116300676018
    },
    "silence_rate_20dB": {
        "dmean": 0,
        "dmean2": 0,
        "dvar": 0,
        "dvar2": 0,
        "max": 1,
        "mean": 1,
        "median": 1,
        "min": 1,
        "var": 0
    },
    "silence_rate_30dB": {
        "dmean": 0.0061919502914,
        "dmean2": 0.0123934932053,
        "dvar": 0.00615350250155,
        "dvar2": 0.0153387747705,
        "max": 1,
        "mean": 0.98143851757,
        "median": 1,
        "min": 0,
        "var": 0.0182173736393
    },
    "silence_rate_60dB": {
        "dmean": 0.0154798757285,
        "dmean2": 0.0309837330133,
        "dvar": 0.0152401495725,
        "dvar2": 0.0331222377717,
        "max": 1,
        "mean": 0.123743236065,
        "median": 0,
        "min": 0,
        "var": 0.108430467546
    },
    "spectral_centroid": {
        "dmean": 140.306625366,
        "dmean2": 202.16897583,
        "dvar": 147230.078125,
        "dvar2": 192499.890625,
        "max": 10987.4648438,
        "mean": 819.789123535,
        "median": 545.040405273,
        "min": 217.032943726,
        "var": 641639.125
    },
    "spectral_complexity": {
        "dmean": 1.84520125389,
        "dmean2": 3.04260253906,
        "dvar": 3.66642451286,
        "dvar2": 8.28556060791,
        "max": 44,
        "mean": 12.9187936783,
        "median": 13,
        "min": 0,
        "var": 47.6972389221
    },
    "spectral_decrease": {
        "dmean": 1.32219424298e-09,
        "dmean2": 1.96013827392e-09,
        "dvar": 4.71601930201e-18,
        "dvar2": 9.34463704614e-18,
        "max": 1.10165503935e-28,
        "mean": -5.06389064014e-09,
        "median": -2.93978130728e-09,
        "min": -4.10601650458e-08,
        "var": 3.4193952457e-17
    },
    "spectral_energy": {
        "dmean": 0.00549426442012,
        "dmean2": 0.00815108697861,
        "dvar": 7.75575026637e-05,
        "dvar2": 0.00015307693684,
        "max": 0.161019101739,
        "mean": 0.0208152141422,
        "median": 0.0122213130817,
        "min": 1.06925114141e-20,
        "var": 0.000540295732208
    },
    "spectral_energyband_high": {
        "dmean": 0.000576653401367,
        "dmean2": 0.000796870328486,
        "dvar": 1.02767644421e-05,
        "dvar2": 1.72880008904e-05,
        "max": 0.0616246834397,
        "mean": 0.0012130982941,
        "median": 1.59968112712e-05,
        "min": 8.26473066168e-21,
        "var": 3.3846583392e-05
    },
    "spectral_energyband_low": {
        "dmean": 0.001114712446,
        "dmean2": 0.0016410225071,
        "dvar": 5.14270595886e-06,
        "dvar2": 9.64855189522e-06,
        "max": 0.0502374172211,
        "mean": 0.00360142532736,
        "median": 0.000312282849336,
        "min": 8.21415932602e-23,
        "var": 5.67892639083e-05
    },
    "spectral_energyband_middle_high": {
        "dmean": 0.00080439238809,
        "dmean2": 0.00118983839639,
        "dvar": 2.82483301817e-06,
        "dvar2": 6.04554179517e-06,
        "max": 0.0327233150601,
        "mean": 0.0026507943403,
        "median": 0.0015603575157,
        "min": 1.29663267126e-21,
        "var": 1.19719807117e-05
    },
    "spectral_energyband_middle_low": {
        "dmean": 0.00455607194453,
        "dmean2": 0.00682345032692,
        "dvar": 6.39994468656e-05,
        "dvar2": 0.000129855587147,
        "max": 0.137317225337,
        "mean": 0.0158150140196,
        "median": 0.00814440473914,
        "min": 1.95008813908e-22,
        "var": 0.000397091615014
    },
    "spectral_entropy": {
        "dmean": 0.153271853924,
        "dmean2": 0.217606306076,
        "dvar": 0.0300138760358,
        "dvar2": 0.0480471625924,
        "max": 9.79672622681,
        "mean": 6.64027357101,
        "median": 6.5742354393,
        "min": 4.57836818695,
        "var": 0.463726133108
    },
    "spectral_flux": {
        "dmean": 0.0153060872108,
        "dmean2": 0.0244723316282,
        "dvar": 0.000461454445031,
        "dvar2": 0.00106655166019,
        "max": 0.262960314751,
        "mean": 0.0529330931604,
        "median": 0.0454649105668,
        "min": 1.03404597385e-10,
        "var": 0.00150682555977
    },
    "spectral_kurtosis": {
        "dmean": 8.17661380768,
        "dmean2": 13.7203683853,
        "dvar": 90.616859436,
        "dvar2": 261.996673584,
        "max": 98.1527023315,
        "mean": 21.0405406952,
        "median": 15.2483787537,
        "min": -1.64438045025,
        "var": 394.043395996
    },
    "spectral_rms": {
        "dmean": 0.000531647296157,
        "dmean2": 0.000786744465586,
        "dvar": 5.02467514707e-07,
        "dvar2": 9.78689627118e-07,
        "max": 0.0125336274505,
        "mean": 0.00391848012805,
        "median": 0.00345300347544,
        "min": 3.22981702147e-12,
        "var": 4.95302356285e-06
    },
    "spectral_rolloff": {
        "dmean": 301.564605713,
        "dmean2": 496.547973633,
        "dvar": 978429.75,
        "dvar2": 1555491,
        "max": 18906.1523438,
        "mean": 1442.57385254,
        "median": 753.662109375,
        "min": 172.265625,
        "var": 4035209
    },
    "spectral_skewness": {
        "dmean": 0.592853009701,
        "dmean2": 0.955570161343,
        "dvar": 0.327829450369,
        "dvar2": 0.921017169952,
        "max": 8.03925132751,
        "mean": 3.05473136902,
        "median": 3.05331134796,
        "min": -0.528491735458,
        "var": 2.71620631218
    },
    "spectral_spread": {
        "dmean": 486202.4375,
        "dmean2": 654978.75,
        "dvar": 1.44766546739e+12,
        "dvar2": 1.6512811008e+12,
        "max": 41351796,
        "mean": 3010448.25,
        "median": 2076782.625,
        "min": 695151.375,
        "var": 7.34710726656e+12
    },
    "spectral_strongpeak": {
        "dmean": 0.461022675037,
        "dmean2": 0.788213610649,
        "dvar": 2.25206685066,
        "dvar2": 6.27198219299,
        "max": 26.2116794586,
        "mean": 0.956900238991,
        "median": 0.627292633057,
        "min": 0,
        "var": 2.33713769913
    },
    "zerocrossingrate": {
        "dmean": 0.00827697198838,
        "dmean2": 0.00857347715646,
        "dvar": 0.00046103191562,
        "dvar2": 0.000424454978202,
        "max": 0.517578125,
        "mean": 0.0496664717793,
        "median": 0.029296875,
        "min": 0.00439453125,
        "var": 0.00342025887221
    },
    "barkbands": {
        "dmean": [6.0844017753e-06, 9.81047560344e-05, 0.000323131709592, 0.00170464708935, 0.00163095688913, 0.00129910034593, 0.000644204905257, 0.00105713028461, 0.000541321875062, 0.000286115828203, 8.24939561426e-05, 0.000286456750473, 0.000174050728674, 0.000112619542051, 7.4002542533e-05, 0.000101302095572, 8.52906450746e-05, 9.32135080802e-05, 1.80356691999e-05, 3.97467265429e-05, 3.67535321857e-05, 5.63005414733e-05, 0.000140564181493, 0.000385962164728, 6.71622983646e-05, 5.23182137613e-08, 8.25280010996e-10],
        "dmean2": [1.0330673831e-05, 0.000169570033904, 0.000458462018287, 0.00264906557277, 0.00260897399858, 0.00199675979093, 0.000979350414127, 0.00167287758086, 0.00092255655909, 0.000418556475779, 0.000132215282065, 0.000413614354329, 0.00029282036121, 0.000176047804416, 0.000123026256915, 0.000167499034433, 0.000152392807649, 0.000155897723744, 3.04329987557e-05, 6.39244317426e-05, 5.54926627956e-05, 8.69271098054e-05, 0.000216168758925, 0.000529331213329, 0.000105733997771, 8.27735675557e-08, 1.5284614685e-09],
        "dvar": [9.99356153386e-11, 2.60538914887e-08, 4.83237954541e-07, 1.25636333905e-05, 1.47960327013e-05, 4.56565703644e-06, 3.12777228828e-06, 1.0790982742e-05, 1.49623906509e-06, 3.00533116615e-07, 3.08325702747e-08, 3.63451221119e-07, 2.06118954793e-07, 8.54061070754e-08, 3.48173436748e-08, 1.15165150305e-07, 2.07295187238e-07, 3.56474259888e-07, 1.73536314207e-08, 2.4617229144e-08, 4.01947630735e-08, 1.44679475511e-07, 6.75886099089e-07, 5.43717987966e-06, 2.28008445902e-07, 1.21333593671e-13, 2.25311922023e-18],
        "dvar2": [2.74576278381e-10, 7.22926358776e-08, 8.44139833589e-07, 2.66962961177e-05, 3.70123161701e-05, 1.00484830909e-05, 5.69071471546e-06, 2.53719681496e-05, 4.11371911468e-06, 6.73450074373e-07, 6.99101789792e-08, 5.86018700233e-07, 5.49882713585e-07, 1.82381569402e-07, 8.92020040055e-08, 3.1686499824e-07, 6.50043887163e-07, 1.07790094717e-06, 5.30072448157e-08, 6.37104875523e-08, 9.03795935869e-08, 3.34729975293e-07, 1.33657931656e-06, 9.32054535951e-06, 5.95867163611e-07, 3.12125325586e-13, 7.26503798455e-18],
        "max": [0.000109632179374, 0.00216615572572, 0.0195167381316, 0.0482536554337, 0.104982405901, 0.0336327031255, 0.0426351763308, 0.0682788044214, 0.0139817949384, 0.0128553090617, 0.00308020063676, 0.0145072052255, 0.00807045120746, 0.00716731045395, 0.00275196414441, 0.00809693429619, 0.0126406662166, 0.0133147379383, 0.00326459249482, 0.00338536407799, 0.00507705053315, 0.0114037571475, 0.021897893399, 0.0542914904654, 0.0104260109365, 6.75895944369e-06, 1.63490234684e-08],
        "mean": [6.51933942208e-06, 0.000123875870486, 0.0010293237865, 0.00392274279147, 0.00427493266761, 0.00363203068264, 0.00117149611469, 0.00158030050807, 0.00116572447587, 0.000513789593242, 0.000148127262946, 0.000773049541749, 0.000339755177265, 0.000245653354796, 0.000139978743391, 0.00017395488976, 0.000152362845256, 0.000137664479553, 3.02987482428e-05, 7.81598573667e-05, 5.57700805075e-05, 8.6549007392e-05, 0.000253741076449, 0.000691271736287, 8.80915249581e-05, 5.62435396034e-08, 1.0046483645e-09],
        "median": [2.82225687442e-06, 7.04646809027e-05, 6.19957500021e-05, 0.000389508728404, 0.0021219975315, 0.00218309438787, 0.000273644254776, 0.000403744546929, 0.000532880192623, 0.000271264172625, 6.80913799442e-05, 0.000353996641934, 0.000169066683156, 8.71406082297e-05, 5.45013972442e-05, 3.19841528835e-05, 2.13254661503e-05, 6.53044298815e-06, 3.38933705279e-06, 4.9857335398e-06, 2.48487594945e-06, 1.2276303778e-06, 6.17116654666e-07, 1.99537953449e-06, 3.96502031208e-07, 1.03171515775e-09, 5.34413846509e-10],
        "min": [9.84424414563e-24, 6.49770086372e-23, 1.1169844433e-23, 2.71426073508e-24, 4.92479426024e-23, 3.21459998462e-23, 2.08509410994e-23, 4.11009248058e-23, 3.32034552679e-23, 1.01780367537e-22, 4.48562214145e-23, 1.00041307894e-22, 8.45413649319e-23, 1.4154798804e-22, 8.99431310011e-23, 8.64902426428e-23, 7.58696315709e-23, 2.08587684929e-22, 1.88156301079e-22, 3.55384892271e-22, 5.10312276808e-22, 5.98794954906e-22, 6.20254596857e-22, 8.73572802948e-22, 1.22583370506e-21, 1.63823938207e-21, 2.86294136834e-21],
        "var": [1.16904319558e-10, 3.7242102735e-08, 6.83596545059e-06, 5.51789489691e-05, 8.25147217256e-05, 1.792990588e-05, 9.31819977268e-06, 1.89710881386e-05, 2.71163389698e-06, 5.83661062592e-07, 5.97414953063e-08, 1.58971681685e-06, 3.35328877554e-07, 1.88844779814e-07, 6.46007478622e-08, 3.15179818244e-07, 3.90930352978e-07, 5.22621974142e-07, 2.14625206496e-08, 9.36602830848e-08, 6.56168737123e-08, 3.08673577365e-07, 2.03734975912e-06, 1.42237313412e-05, 2.78265815723e-07, 1.33134172089e-13, 1.80885705684e-18]
    },
    "erbbands": {
        "dmean": [0.00245307129808, 0.0251914747059, 0.24300403893, 3.17843079567, 5.76966905594, 5.2677564621, 8.91914081573, 11.5508995056, 9.34024620056, 9.5355463028, 26.5663738251, 10.5378198624, 9.66549777985, 10.3283834457, 3.67521953583, 13.156999588, 8.23000049591, 5.45338630676, 4.86368131638, 3.49308800697, 6.12666225433, 3.40953111649, 3.35482525826, 3.2091858387, 1.17987036705, 1.66129469872, 1.57793724537, 1.55095601082, 1.53724694252, 2.73325777054, 4.09693193436, 8.2358455658, 6.3522810936, 1.51517999172, 0.0912043824792, 0.00417227717116, 0.000249213073403, 3.61790698662e-05, 1.06934649011e-05, 8.94759614312e-06],
        "dmean2": [0.00423676101491, 0.0433347411454, 0.361019670963, 4.80335330963, 9.35073375702, 8.82121562958, 13.1859025955, 18.2381744385, 14.3385152817, 14.7786407471, 42.1314659119, 17.3858585358, 16.1842136383, 15.1576509476, 5.52298355103, 18.6354598999, 13.483379364, 8.76883220673, 7.75409841537, 5.78083753586, 10.4750623703, 6.0262389183, 5.24347257614, 5.6965546608, 1.84226620197, 2.70411109924, 2.67220473289, 2.34237098694, 2.43045282364, 3.44923686981, 6.59143829346, 11.0656433105, 9.34374713898, 2.30288672447, 0.144117951393, 0.00641200691462, 0.000353467301466, 4.87853685627e-05, 1.48724348037e-05, 1.3018880054e-05],
        "dvar": [1.16784394777e-05, 0.00200365600176, 0.224340930581, 42.6857528687, 147.923110962, 196.701583862, 323.170532227, 348.84979248, 367.53036499, 1599.03430176, 7923.04248047, 633.664001465, 484.760742188, 272.005065918, 56.0466194153, 878.651489258, 365.875213623, 223.934524536, 264.388000488, 85.7435455322, 675.43737793, 208.347473145, 467.212036133, 484.993774414, 60.7262535095, 36.5210266113, 65.3348999023, 86.9685440063, 106.800590515, 257.97958374, 627.70324707, 2257.06420898, 1802.8482666, 112.988258362, 0.483611762524, 0.000916103250347, 2.6934167181e-06, 5.16460723077e-08, 2.82049628098e-09, 5.25381405048e-10],
        "dvar2": [3.1848114304e-05, 0.00563588552177, 0.426526337862, 85.8611602783, 393.946716309, 436.884735107, 572.613098145, 839.534973145, 756.476135254, 2824.8371582, 18727.4570312, 1606.81103516, 1327.17626953, 557.422180176, 115.771034241, 1414.32531738, 954.444885254, 523.229736328, 688.680358887, 210.044586182, 2035.93603516, 661.606079102, 1093.79003906, 1617.70593262, 159.590118408, 97.1986465454, 177.585113525, 197.610992432, 226.369338989, 466.136138916, 1386.72497559, 4119.71533203, 3284.00805664, 276.348480225, 1.23451173306, 0.00225497945212, 5.94835501033e-06, 1.03010435737e-07, 5.25808685481e-09, 9.59033630288e-10],
        "max": [0.0441355593503, 0.572899222374, 12.1094722748, 108.441589355, 201.161087036, 430.294372559, 409.143066406, 275.788360596, 438.445037842, 1152.69714355, 2001.49621582, 400.365234375, 393.604400635, 266.367767334, 161.107192993, 738.272460938, 326.915863037, 370.882537842, 415.63394165, 163.871948242, 491.070678711, 363.390289307, 676.183776855, 573.578308105, 218.914321899, 133.490539551, 184.797348022, 277.244842529, 281.748504639, 544.936096191, 492.474182129, 1016.78387451, 1089.52392578, 260.864257812, 17.4465274811, 0.771352410316, 0.0433542318642, 0.00579787604511, 0.00127885921393, 0.000488461868372],
        "mean": [0.00334757193923, 0.038479398936, 0.752141773701, 9.01897716522, 12.3672943115, 14.2064800262, 20.3274040222, 32.8198471069, 22.2725830078, 14.7706804276, 41.2674674988, 23.8732738495, 20.2687721252, 19.9955673218, 9.50978565216, 35.8856391907, 18.2943744659, 11.8272762299, 10.779425621, 6.67453289032, 11.6430521011, 7.32171821594, 5.36317873001, 5.03454065323, 2.272179842, 3.23259115219, 2.57498240471, 2.17383122444, 2.47517752647, 5.08940935135, 7.62604522705, 14.258055687, 10.5804214478, 2.21841669083, 0.115075364709, 0.00560716772452, 0.00040428963257, 6.57080454403e-05, 2.60754241026e-05, 2.95211739285e-05],
        "median": [0.00204273918644, 0.0212799999863, 0.0895184502006, 0.758927226067, 5.31883811951, 7.02591276169, 7.61768579483, 21.3113021851, 9.46049594879, 4.69830608368, 10.3640861511, 13.1841640472, 7.48639535904, 11.6324558258, 6.52175855637, 14.473862648, 9.56505584717, 5.13390254974, 3.58036208153, 2.50763678551, 1.32570409775, 1.12710225582, 0.444513499737, 0.203006193042, 0.211873039603, 0.234835550189, 0.147835031152, 0.0713493302464, 0.0441419817507, 0.0373817645013, 0.017372591421, 0.0204614251852, 0.0423867180943, 0.0103927059099, 0.000320668856148, 3.61929596693e-05, 1.14328950076e-05, 2.43757335738e-06, 7.60891089158e-06, 1.50715559357e-05],
        "min": [1.93061471005e-21, 1.413653444e-20, 1.76554270049e-20, 9.0625188975e-21, 6.12164318102e-20, 1.90708842519e-19, 1.41545556682e-19, 3.68739177597e-19, 2.58426552052e-19, 5.59828962637e-19, 9.07170735546e-19, 7.55654304986e-19, 1.66142658831e-18, 3.81355243241e-18, 1.65140674275e-18, 5.28345196733e-18, 4.6152856606e-18, 6.46625489601e-18, 5.36550042588e-18, 4.75941402412e-18, 4.75919440767e-18, 4.28713359903e-18, 8.9982394482e-18, 9.98311377273e-18, 1.31903527423e-17, 1.47408779851e-17, 1.77947345081e-17, 2.1006779397e-17, 2.35971715858e-17, 1.50648283828e-17, 1.60582921508e-17, 1.4705282749e-17, 2.0142893472e-17, 1.5157965611e-17, 7.15808932161e-18, 5.78244908544e-18, 3.3433335482e-18, 1.31133449156e-18, 3.47977357812e-19, 4.55002069668e-20],
        "var": [1.91250273929e-05, 0.00305336993188, 2.79612398148, 314.388824463, 484.037017822, 1207.4407959, 1735.33813477, 1093.42443848, 2001.19238281, 2622.34033203, 13708.7705078, 1171.10595703, 1082.29943848, 696.687011719, 144.209014893, 3939.48925781, 775.12677002, 406.228668213, 414.610595703, 145.628173828, 1889.86889648, 573.209777832, 738.946289062, 716.987060547, 99.12890625, 141.148208618, 97.2728729248, 132.506225586, 217.713409424, 944.026855469, 1663.00891113, 6111.99755859, 3697.51123047, 165.873062134, 0.600821077824, 0.00128405867144, 5.05879779666e-06, 1.18252891923e-07, 7.43881356513e-09, 1.94035876255e-09]
    },
    "gfcc": {
        "mean": [-114.765312195, 165.831497192, -139.6378479, -1.26822042465, -75.3352279663, 8.42659950256, -45.8443374634, -19.3864536285, -12.1105318069, -21.9690246582, 6.26843833923, -21.8183917999, 7.36156129837],
        "cov": [[12293.8964844, -1238.98901367, -182.682891846, 1740.56274414, -907.113769531, 606.447509766, -387.303100586, 90.7978210449, -462.287353516, -437.170959473, -437.655578613, -849.087768555, 114.819961548], [-1238.98901367, 2241.71801758, -272.388580322, -756.746582031, 836.940185547, -600.899658203, 138.462280273, -156.024780273, 61.0979652405, -193.642318726, 122.578620911, -147.462463379, -35.8263053894], [-182.682891846, -272.388580322, 1093.91601562, -135.162384033, -466.022399902, 517.377197266, -309.786254883, -63.8505897522, -138.307052612, -153.286453247, -134.606170654, -129.29574585, 9.07616996765], [1740.56274414, -756.746582031, -135.162384033, 741.873901367, -251.412902832, 94.9167785645, 47.206615448, 61.9494247437, -77.0359649658, 29.9525718689, -83.7488479614, -73.4875259399, 27.3221683502], [-907.113769531, 836.940185547, -466.022399902, -251.412902832, 622.715393066, -452.207855225, 174.388366699, 29.1397171021, 64.239112854, 37.3300094604, 89.9546661377, 32.5926780701, -20.7720565796], [606.447509766, -600.899658203, 517.377197266, 94.9167785645, -452.207855225, 562.670715332, -188.312606812, -16.7661590576, -51.3175239563, -76.953338623, -68.9512405396, -26.7645454407, 30.7964096069], [-387.303100586, 138.462280273, -309.786254883, 47.206615448, 174.388366699, -188.312606812, 249.433074951, -9.25816917419, 69.3770599365, 92.2432937622, 41.8620796204, 74.8418960571, -29.6765136719], [90.7978210449, -156.024780273, -63.8505897522, 61.9494247437, 29.1397171021, -16.7661590576, -9.25816917419, 178.634490967, -2.79434943199, 50.3265686035, -5.09165382385, -32.8805999756, 11.2680950165], [-462.287353516, 61.0979652405, -138.307052612, -77.0359649658, 64.239112854, -51.3175239563, 69.3770599365, -2.79434943199, 168.520004272, 76.2987365723, 58.4983787537, 116.528167725, -20.1594829559], [-437.170959473, -193.642318726, -153.286453247, 29.9525718689, 37.3300094604, -76.953338623, 92.2432937622, 50.3265686035, 76.2987365723, 181.888778687, 43.8778991699, 95.0613708496, -13.4583997726], [-437.655578613, 122.578620911, -134.606170654, -83.7488479614, 89.9546661377, -68.9512405396, 41.8620796204, -5.09165382385, 58.4983787537, 43.8778991699, 121.45463562, 76.3948364258, -12.2674636841], [-849.087768555, -147.462463379, -129.29574585, -73.4875259399, 32.5926780701, -26.7645454407, 74.8418960571, -32.8805999756, 116.528167725, 95.0613708496, 76.3948364258, 234.935470581, -4.67377901077], [114.819961548, -35.8263053894, 9.07616996765, 27.3221683502, -20.7720565796, 30.7964096069, -29.6765136719, 11.2680950165, -20.1594829559, -13.4583997726, -12.2674636841, -4.67377901077, 66.4378662109]],
        "icov": [[0.000233569007833, -0.000115285474749, 0.000449323357316, -0.000423917837907, 0.000237401836785, -0.00030952153611, 0.000434412795585, 0.000117828669318, -3.86496139981e-05, 0.000107445346657, 0.000298187835142, 0.00057798565831, 0.000144638644997], [-0.000115285474749, 0.00409711245447, -0.00113676837645, 0.00249535776675, -0.0034686611034, 0.00195195130073, -0.00214097346179, 0.0028828009963, -0.00325650395826, 0.0037694578059, -0.00274438457564, 0.00503616500646, -0.00227387668565], [0.000449323357316, -0.00113676837645, 0.00385665870272, -0.000168834041688, 0.00205480284058, -0.00250541907735, 0.00237676221877, 0.000111441091576, 0.00167152553331, -0.000991833163425, 0.00263980636373, 0.000418149662437, 0.00182271166705], [-0.000423917837907, 0.00249535776675, -0.000168834041688, 0.00474637700245, -0.000440805539256, 0.00141912908293, -0.00305947568268, 0.000832472112961, -0.000692532514222, 0.00170058710501, -0.000883603352122, 0.00264287693426, -0.00199693348259], [0.000237401836785, -0.0034686611034, 0.00205480284058, -0.000440805539256, 0.00880973692983, 0.00131601199973, 0.000215774634853, -0.00377327925526, 0.00276216026396, -0.00137378054205, 0.00170108617749, -0.00333993905224, 0.00113953044638], [-0.00030952153611, 0.00195195130073, -0.00250541907735, 0.00141912908293, 0.00131601199973, 0.0070416321978, -0.00123756960966, 0.000132084765937, -0.00229166913778, 0.00323080993257, -0.0021773239132, 0.000692100904416, -0.00247588148341], [0.000434412795585, -0.00214097346179, 0.00237676221877, -0.00305947568268, 0.000215774634853, -0.00123756960966, 0.0104055600241, 0.000866915390361, 0.000820173067041, -0.00436606956646, 0.00284525100142, -0.0022749772761, 0.00390002690256], [0.000117828669318, 0.0028828009963, 0.000111441091576, 0.000832472112961, -0.00377327925526, 0.000132084765937, 0.000866915390361, 0.010064125061, -0.00269817165099, -0.00116521178279, -0.00136531167664, 0.00643347203732, -0.00242157513276], [-3.86496139981e-05, -0.00325650395826, 0.00167152553331, -0.000692532514222, 0.00276216026396, -0.00229166913778, 0.000820173067041, -0.00269817165099, 0.0135962255299, -0.00484780361876, 0.00135614583269, -0.00790807139128, 0.00395465455949], [0.000107445346657, 0.0037694578059, -0.000991833163425, 0.00170058710501, -0.00137378054205, 0.00323080993257, -0.00436606956646, -0.00116521178279, -0.00484780361876, 0.0144625660032, -0.00343268294819, 0.00216738181189, -0.00141926703509], [0.000298187835142, -0.00274438457564, 0.00263980636373, -0.000883603352122, 0.00170108617749, -0.0021773239132, 0.00284525100142, -0.00136531167664, 0.00135614583269, -0.00343268294819, 0.0150077342987, -0.00515061151236, 0.00317603140138], [0.00057798565831, 0.00503616500646, 0.000418149662437, 0.00264287693426, -0.00333993905224, 0.000692100904416, -0.0022749772761, 0.00643347203732, -0.00790807139128, 0.00216738181189, -0.00515061151236, 0.0173595640808, -0.00458989385515], [0.000144638644997, -0.00227387668565, 0.00182271166705, -0.00199693348259, 0.00113953044638, -0.00247588148341, 0.00390002690256, -0.00242157513276, 0.00395465455949, -0.00141926703509, 0.00317603140138, -0.00458989385515, 0.01898047328]]
    },
    "melbands": {
        "dmean": [2.38941174757e-05, 8.89637012733e-05, 0.000616550678387, 0.00040469612577, 0.000265933747869, 0.000244421476964, 0.000141720971442, 0.000117096424219, 0.000206805765629, 6.77536881994e-05, 4.88593977934e-05, 4.44333709311e-05, 9.99526764645e-06, 3.11212497763e-05, 2.56433359027e-05, 1.54619738169e-05, 9.88380179479e-06, 8.8264587248e-06, 5.55526230528e-06, 4.36251229985e-06, 9.24356390897e-06, 4.73375985166e-06, 1.88622857422e-06, 5.18939623362e-06, 2.63732431449e-06, 6.38351593807e-07, 1.40941051541e-06, 1.17525246424e-06, 1.27385021642e-06, 9.49610125645e-07, 8.9175409812e-07, 8.31265253964e-07, 1.59785054166e-06, 1.59679495937e-06, 2.36802384279e-06, 4.43638236902e-06, 5.91719344811e-06, 5.47151057617e-06, 2.76481478068e-06, 9.66891320786e-07],
        "dmean2": [4.13731322624e-05, 0.000132897592266, 0.000958497694228, 0.000661091064103, 0.000396805378841, 0.000383170408895, 0.000215496140299, 0.000186493387446, 0.000326554494677, 0.000114037837193, 8.15841631265e-05, 6.51437730994e-05, 1.55983598233e-05, 4.53396642115e-05, 3.92262154492e-05, 2.58806594502e-05, 1.59370174515e-05, 1.41075952342e-05, 9.36326341616e-06, 7.30614829081e-06, 1.58751608978e-05, 8.44828264235e-06, 2.91342098535e-06, 8.87186706677e-06, 4.79090567751e-06, 1.07694745566e-06, 2.2555675514e-06, 1.97842791749e-06, 2.22741277867e-06, 1.48197398175e-06, 1.38325515309e-06, 1.25738517909e-06, 2.50931884693e-06, 2.18083778236e-06, 4.05883247367e-06, 6.48675131742e-06, 8.53507481224e-06, 7.87722183304e-06, 4.36373284174e-06, 1.4651368474e-06],
        "dvar": [1.27001142936e-09, 2.92656530121e-08, 1.47640264458e-06, 1.07118478354e-06, 2.66250310688e-07, 1.55165139404e-07, 8.72730510082e-08, 1.67697052689e-07, 4.89718786412e-07, 2.14302744439e-08, 1.24586367889e-08, 5.14278175601e-09, 4.82662687595e-10, 4.00117050603e-09, 2.44172904118e-09, 1.87099802318e-09, 6.74496347663e-10, 1.04135411405e-09, 1.86796869639e-10, 1.38836941943e-10, 1.84472315201e-09, 4.87605122945e-10, 1.03074916658e-10, 1.2841337993e-09, 3.30160176976e-10, 2.71411261521e-11, 4.57872524617e-11, 2.00896573682e-11, 3.71626236728e-11, 2.20911830495e-11, 3.49018834667e-11, 3.81684545081e-11, 1.37607272799e-10, 8.40171890393e-11, 2.19304477356e-10, 7.39699912433e-10, 1.54742996195e-09, 1.44089384868e-09, 3.92805482585e-10, 4.21644039128e-11],
        "dvar2": [3.43599215746e-09, 5.68927802647e-08, 3.14344561048e-06, 2.641120318e-06, 4.73046185334e-07, 3.69767121811e-07, 1.75335785002e-07, 3.17955482387e-07, 1.17143963507e-06, 5.71807916572e-08, 3.40415766686e-08, 1.05538173756e-08, 1.04719399818e-09, 6.3775345005e-09, 5.27936450112e-09, 4.98854335618e-09, 1.56279356123e-09, 2.71735567381e-09, 4.78469208698e-10, 3.66309843569e-10, 5.59327606453e-09, 1.55331691953e-09, 2.33712799114e-10, 3.71159636359e-09, 1.11840570138e-09, 7.53699880285e-11, 1.09271765247e-10, 6.0835218807e-11, 1.08114170394e-10, 4.95706982406e-11, 8.21813173069e-11, 9.23401008435e-11, 3.66535690688e-10, 1.60473898059e-10, 5.90279491952e-10, 1.45797685036e-09, 3.11313974599e-09, 2.80082601556e-09, 1.0003966544e-09, 1.06596668992e-10],
        "max": [0.000529885641299, 0.00448739109561, 0.0154825169593, 0.0302120707929, 0.0121490778401, 0.00591858522967, 0.00633927760646, 0.010592341423, 0.0166245419532, 0.00178168469574, 0.0020550058689, 0.00119367055595, 0.00048324718955, 0.00151990691666, 0.000901481835172, 0.000968865235336, 0.000613059091847, 0.00084093248006, 0.000203090021387, 0.000233139595366, 0.000842028937768, 0.000572157965507, 0.000336565892212, 0.000824895047117, 0.000464365264634, 0.000154642490088, 0.000164623794262, 9.4834023912e-05, 0.000122123092297, 0.000114763293823, 0.000163540637004, 0.000167567690369, 0.000335899123456, 0.000251381105045, 0.000228216711548, 0.000823433801997, 0.000969844986685, 0.00107908551581, 0.000480258604512, 0.000146381295053],
        "mean": [3.12730699079e-05, 0.000259040651144, 0.0015510849189, 0.00105202861596, 0.000629971560556, 0.000694634392858, 0.000330256938469, 0.00017342211504, 0.00032363308128, 0.000150240972289, 9.97036840999e-05, 8.29408963909e-05, 2.14320134546e-05, 8.50021096994e-05, 6.17846453679e-05, 3.19879145536e-05, 2.00067879632e-05, 1.84301570698e-05, 1.01729247035e-05, 7.14008137948e-06, 1.7099418983e-05, 9.3003600341e-06, 3.06474680656e-06, 7.14956968295e-06, 3.81472591471e-06, 1.09953327865e-06, 2.4404459964e-06, 2.07713856071e-06, 1.77250660727e-06, 1.48553147028e-06, 1.13589862849e-06, 1.11867279884e-06, 2.22695848606e-06, 3.00270085063e-06, 3.47498303199e-06, 7.00522468833e-06, 9.49802415562e-06, 8.54692552821e-06, 4.02767318519e-06, 1.14048566502e-06],
        "median": [1.81942341442e-05, 3.70270827261e-05, 0.000218782195589, 0.000520815898199, 0.000264685368165, 0.000448079692433, 0.000133043635287, 5.54436410312e-05, 8.70812218636e-05, 8.05635281722e-05, 3.47495624737e-05, 4.67164936708e-05, 1.33847370307e-05, 4.13025409216e-05, 3.08188973577e-05, 1.62099368026e-05, 8.14105260361e-06, 4.98860390508e-06, 3.77689025299e-06, 2.74267949862e-06, 1.1418979966e-06, 1.33917330913e-06, 4.97961593737e-07, 1.86586547102e-07, 1.18130841997e-07, 1.13770290966e-07, 1.48824156554e-07, 1.42446168638e-07, 9.17728186778e-08, 5.67180578059e-08, 2.65460791127e-08, 1.56617048219e-08, 2.36587656133e-08, 1.40656091219e-08, 7.92484122769e-09, 5.46783596178e-09, 1.17706804303e-08, 2.53829686159e-08, 2.11956034946e-08, 3.14964010428e-09],
        "min": [1.85167963442e-23, 1.29187514265e-23, 2.49730880057e-24, 9.62208355978e-24, 6.75416001733e-24, 7.77789321302e-24, 3.96967981484e-24, 6.51905382959e-24, 6.96847617033e-24, 4.87978430246e-24, 8.99131116883e-24, 1.62709061916e-23, 5.3055065006e-24, 1.07230517601e-23, 1.12961095095e-23, 8.26830437197e-24, 1.31979506001e-23, 8.96505156701e-24, 7.1149905174e-24, 6.59385164847e-24, 5.05607617655e-24, 4.05156042136e-24, 5.44802211174e-24, 1.13968975342e-23, 7.24569609192e-24, 8.79879597579e-24, 1.14240801033e-23, 9.47055679052e-24, 9.69102605859e-24, 1.48119063696e-23, 1.0624982939e-23, 1.25613816592e-23, 1.26665399733e-23, 6.97132632478e-24, 7.02427861305e-24, 1.42018092342e-23, 6.8905872e-24, 1.39316811721e-23, 1.48729594705e-23, 1.22909798624e-23],
        "var": [2.13119188963e-09, 3.56702656745e-07, 7.61616138334e-06, 6.21459003014e-06, 1.47084824675e-06, 5.13825284543e-07, 4.33581334391e-07, 2.74926605925e-07, 8.15506609797e-07, 4.11141307666e-08, 2.74712679271e-08, 1.26342767359e-08, 9.38519595373e-10, 1.76825238896e-08, 8.0383761869e-09, 2.62004706819e-09, 1.24665633372e-09, 1.46783585286e-09, 3.22743276548e-10, 1.96648822226e-10, 4.96883201251e-09, 1.09486752997e-09, 1.67715799582e-10, 1.66071834062e-09, 4.44828285318e-10, 3.27020840962e-11, 1.11588904783e-10, 6.12042083681e-11, 4.79021752819e-11, 4.43868691802e-11, 4.77589773284e-11, 4.94872337553e-11, 2.47408676879e-10, 2.96574154124e-10, 3.44892087112e-10, 1.76664260998e-09, 3.14280224067e-09, 2.57923549185e-09, 5.41969247259e-10, 5.50371727359e-11]
    },
    "mfcc": {
        "mean": [-741.467956543, 180.948181152, -0.231622725725, -18.4756507874, -2.36710500717, -3.24955058098, -9.19436264038, -14.3922367096, -10.0430288315, -8.08209037781, -11.8382434845, 1.12854146957, -4.67529821396],
        "cov": [[9699.23730469, -1243.84265137, 88.3731613159, 619.772888184, 5.96749448776, 124.18245697, 189.157989502, -50.6399536133, 269.61050415, 114.350036621, -294.763336182, -213.085189819, -428.795776367], [-1243.84265137, 3183.11694336, -941.931884766, -68.334602356, 350.093475342, -270.874786377, 86.8965454102, -143.025650024, -54.1161651611, -96.3709030151, 98.5507507324, -210.597961426, 104.561424255], [88.3731613159, -941.931884766, 1770.05432129, -707.982177734, 23.2321929932, 294.041992188, -149.268569946, 87.7385635376, -80.7976455688, 44.1027145386, -226.807342529, -74.0366592407, -175.223968506], [619.772888184, -68.334602356, -707.982177734, 709.551635742, -105.001296997, -115.448707581, 131.286178589, -57.1374092102, 89.0598449707, -4.80953836441, 94.227432251, -10.3553762436, 55.8184013367], [5.96749448776, 350.093475342, 23.2321929932, -105.001296997, 218.413284302, -88.6632843018, 23.5483436584, -6.82435274124, 0.938434123993, -6.05008792877, -23.5455608368, -39.9772796631, -47.5419464111], [124.18245697, -270.874786377, 294.041992188, -115.448707581, -88.6632843018, 258.342163086, -64.8351135254, 54.5350036621, -27.7752723694, -8.25737571716, -58.7175331116, 47.4260826111, 1.57380485535], [189.157989502, 86.8965454102, -149.268569946, 131.286178589, 23.5483436584, -64.8351135254, 158.573486328, -26.75091362, 26.0158405304, 14.5128316879, 9.14240169525, -57.9017677307, -16.0592746735], [-50.6399536133, -143.025650024, 87.7385635376, -57.1374092102, -6.82435274124, 54.5350036621, -26.75091362, 119.588783264, -22.0702438354, 5.6875538826, -16.6500701904, 34.7015724182, -5.46970891953], [269.61050415, -54.1161651611, -80.7976455688, 89.0598449707, 0.938434123993, -27.7752723694, 26.0158405304, -22.0702438354, 125.725158691, -2.91101026535, 31.4235649109, -5.18840837479, -14.8101463318], [114.350036621, -96.3709030151, 44.1027145386, -4.80953836441, -6.05008792877, -8.25737571716, 14.5128316879, 5.6875538826, -2.91101026535, 113.136672974, -16.0685157776, 0.738353192806, 0.840371906757], [-294.763336182, 98.5507507324, -226.807342529, 94.227432251, -23.5455608368, -58.7175331116, 9.14240169525, -16.6500701904, 31.4235649109, -16.0685157776, 180.748214722, 24.6670246124, 61.0999908447], [-213.085189819, -210.597961426, -74.0366592407, -10.3553762436, -39.9772796631, 47.4260826111, -57.9017677307, 34.7015724182, -5.18840837479, 0.738353192806, 24.6670246124, 180.174530029, 40.4026031494], [-428.795776367, 104.561424255, -175.223968506, 55.8184013367, -47.5419464111, 1.57380485535, -16.0592746735, -5.46970891953, -14.8101463318, 0.840371906757, 61.0999908447, 40.4026031494, 139.001724243]],
