{
"lowlevel": {
    "average_loudness": 0.28443428874,
    "barkbands_crest": {
        "dmean": 2.25286030769,
        "dmean2": 3.66203570366,
        "dvar": 5.55613088608,
        "dvar2": 14.0769720078,
        "max": 26.4322338104,
        "mean": 14.2675991058,
        "median": 13.3289108276,
        "min": 3.57913970947,
        "var": 29.5748672485
    },
    "barkbands_flatness_db": {
        "dmean": 0.023612819612,
        "dmean2": 0.0362219773233,
        "dvar": 0.000453722197562,
        "dvar2": 0.00107751030009,
        "max": 0.494174808264,
        "mean": 0.311749964952,
        "median": 0.315615534782,
        "min": 0.114186145365,
        "var": 0.00594438100234
    },
    "barkbands_kurtosis": {
        "dmean": 16.7408275604,
        "dmean2": 28.0115566254,
        "dvar": 3269.54614258,
        "dvar2": 9477.42089844,
        "max": 1308.88891602,
        "mean": 34.8616294861,
        "median": 7.69109249115,
        "min": -1.93886721134,
        "var": 7943.71533203
    },
    "barkbands_skewness": {
        "dmean": 0.908249914646,
        "dmean2": 1.40725624561,
        "dvar": 2.35563349724,
        "dvar2": 6.08875226974,
        "max": 31.7559146881,
        "mean": 2.8564324379,
        "median": 1.77032613754,
        "min": -4.83908748627,
        "var": 14.2723197937
    },
    "barkbands_spread": {
        "dmean": 3.15477061272,
        "dmean2": 4.5080499649,
        "dvar": 75.0992050171,
        "dvar2": 130.49079895,
        "max": 111.791343689,
        "mean": 8.47209739685,
        "median": 3.39987421036,
        "min": 0.218485370278,
        "var": 262.825469971
    },
    "dissonance": {
        "dmean": 0.0404107011855,
        "dmean2": 0.0662792101502,
        "dvar": 0.00170748704113,
        "dvar2": 0.00483005866408,
        "max": 0.499036431313,
        "mean": 0.393313288689,
        "median": 0.402746200562,
        "min": 0.113323733211,
        "var": 0.00459124753252
    },
    "dynamic_complexity": 9.04051399231,
    "erbbands_crest": {
        "dmean": 2.64682793617,
        "dmean2": 4.20424890518,
        "dvar": 6.78113174438,
        "dvar2": 16.9739151001,
        "max": 32.6236038208,
        "mean": 12.9950656891,
        "median": 11.8680801392,
        "min": 3.90725755692,
        "var": 26.6714267731
    },
    "erbbands_flatness_db": {
        "dmean": 0.0184599552304,
        "dmean2": 0.02661591582,
        "dvar": 0.00045275822049,
        "dvar2": 0.000822740839794,
        "max": 0.475351989269,
        "mean": 0.273194819689,
        "median": 0.264431267977,
        "min": 0.116058342159,
        "var": 0.00783588923514
    },
    "erbbands_kurtosis": {
        "dmean": 2.26175904274,
        "dmean2": 3.46351099014,
        "dvar": 10.8341608047,
        "dvar2": 26.63164711,
        "max": 54.5118942261,
        "mean": 4.36575651169,
        "median": 2.9162607193,
        "min": -1.76650166512,
        "var": 31.4877109528
    },
    "erbbands_skewness": {
        "dmean": 0.45059671998,
        "dmean2": 0.653401970863,
        "dvar": 0.270728707314,
        "dvar2": 0.507763385773,
        "max": 6.67479228973,
        "mean": 1.09174311161,
        "median": 1.25017142296,
        "min": -4.95106315613,
        "var": 1.77350175381
    },
    "erbbands_spread": {
        "dmean": 6.94867229462,
        "dmean2": 10.4851284027,
        "dvar": 161.514862061,
        "dvar2": 372.366607666,
        "max": 147.601028442,
        "mean": 22.8605899811,
        "median": 14.2139472961,
        "min": 1.70664834976,
        "var": 480.065002441
    },
    "hfc": {
        "dmean": 2.07192802429,
        "dmean2": 2.93345022202,
        "dvar": 32.9106483459,
        "dvar2": 71.1298294067,
        "max": 101.40499115,
        "mean": 7.13342905045,
        "median": 2.55104780197,
        "min": 0.012972262688,
        "var": 117.942550659
    },
    "melbands_crest": {
        "dmean": 2.80473709106,
        "dmean2": 4.52363586426,
        "dvar": 7.5472946167,
        "dvar2": 20.1158828735,
        "max": 34.185333252,
        "mean": 17.9191646576,
        "median": 17.2922954559,
        "min": 5.31336593628,
        "var": 40.2650375366
    },
    "melbands_flatness_db": {
        "dmean": 0.0256873499602,
        "dmean2": 0.0367760770023,
        "dvar": 0.000629623129498,
        "dvar2": 0.00130569317844,
        "max": 0.609204828739,
        "mean": 0.37989872694,
        "median": 0.396722137928,
        "min": 0.0845523551106,
        "var": 0.0122033404186
    },
    "melbands_kurtosis": {
        "dmean": 16.8258876801,
        "dmean2": 27.419839859,
        "dvar": 1898.3079834,
        "dvar2": 4757.63769531,
        "max": 721.983154297,
        "mean": 42.5356292725,
        "median": 8.00110530853,
        "min": -1.94585299492,
        "var": 9419.14648438
    },
    "melbands_skewness": {
        "dmean": 0.832756996155,
        "dmean2": 1.27579212189,
        "dvar": 1.43443441391,
        "dvar2": 3.40986204147,
        "max": 18.0285968781,
        "mean": 2.9274148941,
        "median": 1.92563354969,
        "min": -1.92186641693,
        "var": 9.10893821716
    },
    "melbands_spread": {
        "dmean": 5.16492128372,
        "dmean2": 7.23030757904,
        "dvar": 323.222229004,
        "dvar2": 531.286071777,
        "max": 288.600830078,
        "mean": 13.3247566223,
        "median": 4.43881511688,
        "min": 0.292150646448,
        "var": 1313.5871582
    },
    "pitch_salience": {
        "dmean": 0.0676828399301,
        "dmean2": 0.10922947526,
        "dvar": 0.0046251998283,
        "dvar2": 0.0121562872082,
        "max": 0.879065155983,
        "mean": 0.505913317204,
        "median": 0.529682517052,
        "min": 0.0543882884085,
        "var": 0.0266075786203
    },
    "silence_rate_20dB": {
        "dmean": 0,
        "dmean2": 0,
        "dvar": 0,
        "dvar2": 0,
        "max": 1,
        "mean": 1,
        "median": 1,
        "min": 1,
        "var": 0
    },
    "silence_rate_30dB": {
        "dmean": 0.00461893761531,
        "dmean2": 0.00924499239773,
        "dvar": 0.00459759496152,
        "dvar2": 0.00915952585638,
        "max": 1,
        "mean": 0.993846178055,
        "median": 1,
        "min": 0,
        "var": 0.00611595390365
    },
    "silence_rate_60dB": {
        "dmean": 0.0577367208898,
        "dmean2": 0.114791989326,
        "dvar": 0.0544035732746,
        "dvar2": 0.112402200699,
        "max": 1,
        "mean": 0.403846144676,
        "median": 0,
        "min": 0,
        "var": 0.240751489997
    },
    "spectral_centroid": {
        "dmean": 135.939544678,
        "dmean2": 192.30632019,
        "dvar": 135393.109375,
        "dvar2": 197039.546875,
        "max": 6088.78710938,
        "mean": 676.231262207,
        "median": 379.163879395,
        "min": 144.912750244,
        "var": 806849.25
    },
    "spectral_complexity": {
        "dmean": 1.09237873554,
        "dmean2": 1.79352855682,
        "dvar": 2.00531816483,
        "dvar2": 4.18233966827,
        "max": 30,
        "mean": 6.10692310333,
        "median": 5,
        "min": 0,
        "var": 28.0232028961
    },
    "spectral_decrease": {
        "dmean": 8.78094041923e-10,
        "dmean2": 1.29517463421e-09,
        "dvar": 4.84438243024e-18,
        "dvar2": 1.07315054319e-17,
        "max": -1.22257265076e-11,
        "mean": -3.73857611535e-09,
        "median": -1.28428134794e-09,
        "min": -3.97000299301e-08,
        "var": 2.78827827589e-17
    },
    "spectral_energy": {
        "dmean": 0.00347836618312,
        "dmean2": 0.00513247260824,
        "dvar": 7.53665372031e-05,
        "dvar2": 0.000166256038938,
        "max": 0.158782422543,
        "mean": 0.0147572737187,
        "median": 0.00507761351764,
        "min": 4.96263564855e-05,
        "var": 0.000430053652963
    },
    "spectral_energyband_high": {
        "dmean": 7.43390846765e-05,
        "dmean2": 9.8318203527e-05,
        "dvar": 1.87360029713e-07,
        "dvar2": 3.90483762658e-07,
        "max": 0.0129241328686,
        "mean": 0.000118168238259,
        "median": 1.52340010118e-06,
        "min": 1.19419460987e-08,
        "var": 4.03732514087e-07
    },
    "spectral_energyband_low": {
        "dmean": 0.000559990294278,
        "dmean2": 0.00100006605498,
        "dvar": 1.02341764432e-05,
        "dvar2": 3.01938944176e-05,
        "max": 0.0755150094628,
        "mean": 0.000989323714748,
        "median": 0.000422251876444,
        "min": 3.23215385833e-06,
        "var": 6.63936270939e-06
    },
    "spectral_energyband_middle_high": {
        "dmean": 0.000591246178374,
        "dmean2": 0.00084464228712,
        "dvar": 4.00933686251e-06,
        "dvar2": 8.78449372976e-06,
        "max": 0.0354566015303,
        "mean": 0.00149648240767,
        "median": 0.000157309463248,
        "min": 1.35630131126e-07,
        "var": 1.67260932358e-05
    },
    "spectral_energyband_middle_low": {
        "dmean": 0.00286753941327,
        "dmean2": 0.00412199366838,
        "dvar": 5.47809941054e-05,
        "dvar2": 0.000109007174615,
        "max": 0.149077311158,
        "mean": 0.0125440564007,
        "median": 0.00371359614655,
        "min": 2.12249415199e-06,
        "var": 0.000363905302947
    },
    "spectral_entropy": {
        "dmean": 0.190653771162,
        "dmean2": 0.264794945717,
        "dvar": 0.0469560176134,
        "dvar2": 0.0777278244495,
        "max": 8.44149398804,
        "mean": 6.31994152069,
        "median": 6.3214840889,
        "min": 4.57674789429,
        "var": 0.639433383942
    },
    "spectral_flux": {
        "dmean": 0.0122440233827,
        "dmean2": 0.0193173903972,
        "dvar": 0.000511806050781,
        "dvar2": 0.00115793698933,
        "max": 0.319467127323,
        "mean": 0.0342397466302,
        "median": 0.025046095252,
        "min": 0.00151992659084,
        "var": 0.00121596129611
    },
    "spectral_kurtosis": {
        "dmean": 12.8430023193,
        "dmean2": 20.9306030273,
        "dvar": 483.028869629,
        "dvar2": 1315.72399902,
        "max": 383.465026855,
        "mean": 38.9084663391,
        "median": 10.8658266068,
        "min": -1.12909436226,
        "var": 3759.20581055
    },
    "spectral_rms": {
        "dmean": 0.000408005958889,
        "dmean2": 0.000593379081693,
        "dvar": 4.78804452086e-07,
        "dvar2": 1.03182935618e-06,
        "max": 0.0124462712556,
        "mean": 0.00297987740487,
        "median": 0.00222570635378,
        "min": 0.000220036265091,
        "var": 5.51766379431e-06
    },
    "spectral_rolloff": {
        "dmean": 240.44468689,
        "dmean2": 401.946075439,
        "dvar": 829446.3125,
        "dvar2": 1498263.125,
        "max": 8957.8125,
        "mean": 858.875671387,
        "median": 409.130859375,
        "min": 64.599609375,
        "var": 2758719.25
    },
    "spectral_skewness": {
        "dmean": 0.760548830032,
        "dmean2": 1.19708418846,
        "dvar": 0.912339150906,
        "dvar2": 2.40739917755,
        "max": 15.7835493088,
        "mean": 3.78016591072,
        "median": 2.69988036156,
        "min": -0.407415777445,
        "var": 9.52759933472
    },
    "spectral_spread": {
        "dmean": 467173.1875,
        "dmean2": 688859.5625,
        "dvar": 569112395776,
        "dvar2": 952911921152,
        "max": 19618838,
        "mean": 3090015,
        "median": 2814346,
        "min": 214999.875,
        "var": 4.27250706022e+12
    },
    "spectral_strongpeak": {
        "dmean": 0.280339747667,
        "dmean2": 0.437927871943,
        "dvar": 0.31276139617,
        "dvar2": 0.630843698978,
        "max": 9.57554244995,
        "mean": 0.875706791878,
        "median": 0.408999323845,
        "min": 0.00888473913074,
        "var": 1.35899925232
    },
    "zerocrossingrate": {
        "dmean": 0.00687352661043,
        "dmean2": 0.0070759402588,
        "dvar": 0.000267757597612,
        "dvar2": 0.000197497851332,
        "max": 0.341796875,
        "mean": 0.032244592905,
        "median": 0.017578125,
        "min": 0.00244140625,
        "var": 0.00246591749601
    },
    "barkbands": {
        "dmean": [9.55538689595e-06, 0.000311856158078, 0.000208928890061, 0.000368737441022, 0.00110170571133, 0.00101517955773, 0.000406530161854, 0.000988087034784, 0.000297129095998, 0.00032295146957, 0.00021443181322, 0.000100034158095, 0.000118182702863, 5.14994972036e-05, 2.96607358905e-05, 2.34349445236e-05, 1.29385125547e-05, 9.62565809459e-06, 2.76918308373e-06, 9.32506736717e-06, 9.19681315281e-06, 1.19123433251e-05, 2.05621709028e-05, 3.29017311742e-05, 1.99299506676e-06, 5.65333058145e-10, 5.89880810864e-10],
        "dmean2": [1.6829737433e-05, 0.000561547873076, 0.000367825938156, 0.000575839541852, 0.00165534950793, 0.00160212104674, 0.000627672474366, 0.00149149319623, 0.000454731925856, 0.000512649188749, 0.000288430135697, 0.000161488365848, 0.000155237445142, 8.6400359578e-05, 4.53568136436e-05, 3.30444345309e-05, 2.13391722355e-05, 1.49457946463e-05, 3.96452969653e-06, 1.36156450026e-05, 1.32638188006e-05, 1.68259903148e-05, 2.75639540632e-05, 4.83254480059e-05, 2.69810198006e-06, 9.16059617051e-10, 9.61290602675e-10],
        "dvar": [5.93146143313e-10, 3.4627551031e-06, 1.56822250119e-06, 6.90936417413e-07, 6.35915375824e-06, 8.90546925802e-06, 1.31351964683e-06, 2.06113982131e-05, 2.52481390817e-06, 1.76095034021e-06, 7.97896973381e-07, 2.26006775961e-07, 7.96046151663e-07, 3.12224784693e-07, 1.70473342109e-08, 1.59096131824e-08, 4.51741799523e-09, 1.63258828678e-09, 1.0893267538e-10, 2.58713672707e-09, 1.34362554416e-09, 3.0053002309e-09, 1.76945906816e-08, 7.76547395276e-08, 1.9036512644e-10, 1.78343101373e-17, 1.70347292331e-17],
        "dvar2": [1.69388481019e-09, 1.03242791738e-05, 4.50588413514e-06, 1.73032753992e-06, 1.3363828657e-05, 1.83216943697e-05, 3.15722081723e-06, 4.79757763969e-05, 5.51748462385e-06, 4.68396865472e-06, 1.36724986532e-06, 5.79960726554e-07, 1.29483328237e-06, 8.80620746102e-07, 3.95715922252e-08, 2.76928240339e-08, 1.21563452637e-08, 3.78510423005e-09, 1.97230787258e-10, 5.44122036317e-09, 2.71290345744e-09, 7.0906933658e-09, 3.73051030067e-08, 1.85203305136e-07, 4.33340557882e-10, 1.93808946917e-17, 1.87926286554e-17],
        "max": [0.000298745901091, 0.0433839559555, 0.0299864672124, 0.01324066706, 0.050781276077, 0.0846687406301, 0.0211181938648, 0.103469118476, 0.0379187501967, 0.0268933363259, 0.0237891376019, 0.0103624211624, 0.0319210849702, 0.0154940672219, 0.00313616148196, 0.00358032016084, 0.00154634157661, 0.00087681459263, 0.000241551198997, 0.00108690012712, 0.000658822129481, 0.00117835239507, 0.00352885434404, 0.00888661015779, 0.000373885355657, 1.49392121784e-07, 1.45434327692e-07],
        "mean": [9.53214384936e-06, 0.000435584108345, 0.000284670677502, 0.00100331159774, 0.0033728221897, 0.0042790719308, 0.00107142410707, 0.00194407184608, 0.000642413389869, 0.000570890610106, 0.000437470676843, 0.000196993380086, 0.000208528115763, 5.41689296369e-05, 4.40865806013e-05, 4.22719895141e-05, 1.92220431927e-05, 1.52485026774e-05, 4.28946214015e-06, 1.05756453195e-05, 1.53366017912e-05, 1.9630888346e-05, 2.91105006909e-05, 4.36690352217e-05, 2.8923204809e-06, 5.34513933115e-10, 5.68990465855e-10],
        "median": [3.80454957849e-06, 0.000238156615524, 4.69907608931e-05, 0.000188482925296, 0.000771434279159, 0.000238040956901, 0.00012524635531, 9.16372082429e-05, 2.93078119284e-05, 4.13263660448e-05, 2.78427069134e-05, 1.17023482744e-05, 2.81808547697e-06, 3.74621254196e-06, 1.51921653924e-06, 1.41779560181e-06, 1.23366066873e-06, 1.11580015982e-06, 3.76582192985e-07, 4.82281052427e-07, 4.76780996905e-07, 2.04556883432e-07, 1.1835152236e-07, 8.88484805728e-08, 3.46023014686e-08, 8.67207000654e-11, 1.00987815332e-10],
        "min": [3.9583438749e-09, 1.6192664134e-06, 3.17767501201e-08, 4.18712247097e-08, 2.19105530164e-07, 2.17899781774e-07, 1.40894602652e-08, 5.76182612733e-09, 1.05054409616e-08, 4.2334158401e-09, 4.67040184304e-09, 1.51240109325e-09, 1.97279526049e-09, 2.89149970634e-09, 1.30783195385e-09, 5.39329081395e-10, 8.68380034547e-10, 1.47759515734e-09, 1.2464546062e-09, 7.60377649733e-10, 2.47011788801e-09, 1.35610883634e-10, 2.18429996313e-10, 2.0429729089e-11, 2.29247783951e-11, 2.55067165306e-11, 4.00887274765e-11],
        "var": [5.35052668837e-10, 2.11117071558e-06, 1.07491371182e-06, 2.98285067402e-06, 3.77833021048e-05, 7.96695021563e-05, 5.39321172255e-06, 3.76697862521e-05, 3.78437016479e-06, 3.71847522729e-06, 3.35786671712e-06, 4.33645510611e-07, 2.79554683402e-06, 2.01259410915e-07, 2.86864167975e-08, 5.54277512776e-08, 7.54566809036e-09, 3.17553405793e-09, 2.10342424034e-10, 3.17769721647e-09, 3.17527937277e-09, 6.73050992717e-09, 3.08484473521e-08, 1.206371536e-07, 2.94943069967e-10, 1.77855279879e-17, 1.69761350672e-17]
    },
    "erbbands": {
        "dmean": [0.00653230352327, 0.0791347101331, 0.230878561735, 0.651523113251, 2.8704559803, 4.07791471481, 4.45593261719, 10.5904493332, 7.31129932404, 8.36129188538, 22.8080215454, 7.54976129532, 8.41859817505, 6.33759498596, 10.645614624, 3.85095095634, 5.21294498444, 1.96784520149, 2.23974490166, 1.35865080357, 1.35787785053, 0.643606543541, 0.613904774189, 0.239778190851, 0.141748085618, 0.429687023163, 0.483209520578, 0.376565545797, 0.37503734231, 0.410752922297, 0.667297184467, 0.834216296673, 0.388882339001, 0.044291138649, 0.00570336868986, 0.00016722419241, 1.36665912578e-05, 2.70102009381e-06, 2.22700441554e-06, 4.10878783441e-06],
        "dmean2": [0.0117602264509, 0.142959460616, 0.40987482667, 1.05483078957, 4.45822000504, 5.79726600647, 7.31972551346, 16.5740966797, 11.1282224655, 12.5236711502, 33.8168830872, 11.0746889114, 12.5659093857, 10.3730125427, 14.3400287628, 5.6924123764, 6.98173570633, 3.11509132385, 3.64420127869, 2.20192599297, 1.85429883003, 0.97768753767, 0.932959794998, 0.348828941584, 0.208243206143, 0.627191662788, 0.676996350288, 0.537188649178, 0.501580893993, 0.625588655472, 0.954406440258, 1.24146640301, 0.555326044559, 0.0603648610413, 0.00806885678321, 0.000230407313211, 1.88610811165e-05, 3.7001873352e-06, 3.19262608173e-06, 6.05216973781e-06],
        "dvar": [0.000634520838503, 0.267156869173, 2.54979562759, 2.35103034973, 46.1948509216, 109.573432922, 194.261566162, 937.213134766, 534.63861084, 630.284179688, 17396.6503906, 1381.14685059, 1273.82958984, 555.376403809, 2135.66455078, 355.705566406, 1370.6270752, 198.32925415, 290.321105957, 59.878528595, 61.763217926, 14.9486865997, 6.67532062531, 0.769420564175, 0.372686475515, 6.76796293259, 4.32616043091, 2.43291759491, 2.40433955193, 5.20313262939, 18.2238044739, 51.9534263611, 9.96924972534, 0.0986635088921, 0.000921903527342, 8.0656030832e-07, 6.32902441566e-09, 2.60480997882e-10, 3.82434292567e-11, 9.93013518635e-11],
        "dvar2": [0.00195822957903, 0.789471685886, 7.40756607056, 6.42802333832, 112.361381531, 208.855636597, 456.916442871, 1956.94702148, 1177.31750488, 1275.11047363, 39714.515625, 3156.98779297, 3312.28515625, 1444.09606934, 3899.43066406, 894.509643555, 2403.00268555, 555.830993652, 802.95098877, 127.292396545, 111.954414368, 33.4032974243, 15.5554580688, 1.66990423203, 0.749695539474, 14.5936279297, 10.1075124741, 4.32246828079, 4.40763282776, 13.7552185059, 41.5031356812, 127.204475403, 22.5304145813, 0.212394818664, 0.00182754802518, 1.46923514421e-06, 1.17641443254e-08, 5.26680310475e-10, 8.38599328867e-11, 2.19233520227e-10],
        "max": [0.564845085144, 12.100725174, 38.2704124451, 18.4377574921, 104.92401123, 249.699127197, 358.042907715, 901.923034668, 482.140869141, 532.228637695, 3231.57470703, 895.453491211, 726.931213379, 312.823486328, 1217.76269531, 445.949157715, 1173.52355957, 366.320861816, 467.204711914, 221.655319214, 243.498519897, 106.47063446, 58.3860816956, 16.257610321, 16.1373596191, 61.1382217407, 36.8929252625, 35.5047264099, 25.0712928772, 50.6750450134, 111.434989929, 232.189666748, 85.0913543701, 8.55346775055, 0.656763255596, 0.0198885332793, 0.00229302840307, 0.000482953153551, 0.000146495207446, 0.000181527982932],
        "mean": [0.0100090345368, 0.107534132898, 0.340197116137, 1.64765489101, 7.28784322739, 13.6733865738, 12.9098901749, 47.7777366638, 23.2040500641, 22.949546814, 38.0128288269, 18.5846061707, 17.235042572, 11.9019317627, 22.344121933, 9.01575183868, 9.43757629395, 2.85680365562, 2.78753709793, 2.25254750252, 2.41522812843, 1.13405966759, 0.993484437466, 0.376740574837, 0.207368612289, 0.491466909647, 0.691604852676, 0.617519915104, 0.668706297874, 0.612706363201, 0.94620680809, 1.07261073589, 0.529098391533, 0.0658980682492, 0.00794355943799, 0.000254747283179, 2.49905806413e-05, 4.70161012345e-06, 8.05797481007e-06, 1.69576796907e-05],
        "median": [0.00720173772424, 0.0504624657333, 0.0739438086748, 0.396578550339, 2.96088337898, 1.58649802208, 0.921266794205, 2.31177544594, 2.51924538612, 2.01992988586, 1.56587719917, 1.03713726997, 1.50937223434, 1.17505776882, 1.4140791893, 0.542332828045, 0.217028617859, 0.234408646822, 0.2044621557, 0.0680241510272, 0.109939754009, 0.0701012164354, 0.071479216218, 0.030841935426, 0.0239306055009, 0.0238697193563, 0.0172194503248, 0.0192258320749, 0.0081542422995, 0.00486267637461, 0.00359571026638, 0.00220224447548, 0.00135809741914, 0.000733774097171, 0.000110297245556, 1.1874511074e-05, 4.07396146329e-06, 7.33185061108e-07, 3.18491447615e-06, 6.39203426545e-06],
        "min": [7.63870484661e-05, 0.000261818961008, 0.000444985664217, 0.00136766408104, 0.000742683303542, 0.000631561386399, 0.00107812660281, 0.00152739137411, 0.000787430210039, 0.00036272284342, 0.000391266774386, 0.000288625364192, 0.000186635996215, 0.000458647555206, 0.000291333097266, 0.000222186252358, 0.000182986099389, 0.000177378125954, 0.000180757109774, 5.86446803936e-05, 0.000104740342067, 0.000107130559627, 0.000130124855787, 0.000111060020572, 6.29084097454e-05, 7.62428971939e-05, 7.14050547685e-05, 0.000106734187284, 6.57946438878e-05, 3.37726778525e-05, 2.83790704998e-05, 2.48703290708e-05, 7.75529224484e-06, 1.29999602905e-06, 5.94235586959e-07, 3.75269905817e-07, 1.6550670523e-07, 3.61904959334e-08, 7.30468272536e-08, 1.14269724349e-07],
        "var": [0.000413550646044, 0.162271663547, 1.63931322098, 6.730073452, 134.717422485, 879.010375977, 777.701843262, 10247.1884766, 2781.83398438, 3139.140625, 26696.34375, 2570.79174805, 3401.9284668, 964.194702148, 9125.8203125, 1014.38439941, 4544.29150391, 177.713195801, 215.124465942, 153.139785767, 163.655059814, 29.4365139008, 14.3558893204, 1.38374507427, 0.592319965363, 7.78127574921, 6.72907924652, 6.42356300354, 7.32247447968, 7.77769899368, 33.071937561, 74.966835022, 16.1734542847, 0.165802702308, 0.00191038113553, 1.91724916476e-06, 1.4446518648e-08, 5.29929822246e-10, 1.34535507734e-10, 5.42861700037e-10]
    },
    "gfcc": {
        "mean": [-206.611221313, 174.459609985, -96.7950363159, 26.4708766937, -70.6994552612, 8.03366851807, -25.8020381927, -15.5440502167, -4.65320968628, -18.2183113098, 5.31155824661, -11.7073431015, 8.23992156982],
        "cov": [[11316.5478516, 771.164794922, -3609.63818359, -2064.78491211, -857.383056641, -1322.24951172, 52.5620231628, -587.495727539, 217.616897583, -537.447631836, -607.032592773, -226.646743774, -432.755828857], [771.164794922, 3550.74047852, -70.3583984375, -2400.61328125, 570.523803711, -1429.18835449, 113.811851501, -605.96697998, -184.776550293, -244.369613647, -154.492645264, 13.1643419266, -208.294296265], [-3609.63818359, -70.3583984375, 1796.03527832, 512.407836914, 167.648147583, 319.500152588, -157.772750854, 92.0561294556, -208.01109314, 194.527297974, 156.922637939, 74.5292739868, 141.131164551], [-2064.78491211, -2400.61328125, 512.407836914, 2344.91040039, -131.968307495, 1022.23114014, -118.435455322, 451.252746582, 138.236968994, 186.079940796, 158.522903442, -18.3256626129, 190.40184021], [-857.383056641, 570.523803711, 167.648147583, -131.968307495, 505.571868896, -226.507720947, -1.9905589819, -12.3964929581, -48.4118652344, 29.5304317474, -8.59810733795, 42.2951774597, -12.4464015961], [-1322.24951172, -1429.18835449, 319.500152588, 1022.23114014, -226.507720947, 933.821044922, -2.63710856438, 270.817565918, 43.3486976624, 111.691299438, 169.935333252, 2.43999290466, 123.03490448], [52.5620231628, 113.811851501, -157.772750854, -118.435455322, -1.9905589819, -2.63710856438, 219.749038696, 2.28097558022, -9.78390312195, -10.4990921021, 15.3022851944, 6.39860439301, -35.1192169189], [-587.495727539, -605.96697998, 92.0561294556, 451.252746582, -12.3964929581, 270.817565918, 2.28097558022, 252.928207397, 71.6263122559, 77.2704467773, 39.0766296387, -0.482980787754, 57.8728752136], [217.616897583, -184.776550293, -208.01109314, 138.236968994, -48.4118652344, 43.3486976624, -9.78390312195, 71.6263122559, 188.106445312, -7.40684556961, -21.2191123962, -19.4084777832, 9.00856018066], [-537.447631836, -244.369613647, 194.527297974, 186.079940796, 29.5304317474, 111.691299438, -10.4990921021, 77.2704467773, -7.40684556961, 158.922988892, 53.9192771912, 18.0927505493, 26.1892166138], [-607.032592773, -154.492645264, 156.922637939, 158.522903442, -8.59810733795, 169.935333252, 15.3022851944, 39.0766296387, -21.2191123962, 53.9192771912, 159.278060913, 57.1075782776, 16.5040073395], [-226.646743774, 13.1643419266, 74.5292739868, -18.3256626129, 42.2951774597, 2.43999290466, 6.39860439301, -0.482980787754, -19.4084777832, 18.0927505493, 57.1075782776, 101.904541016, 13.9664421082], [-432.755828857, -208.294296265, 141.131164551, 190.40184021, -12.4464015961, 123.03490448, -35.1192169189, 57.8728752136, 9.00856018066, 26.1892166138, 16.5040073395, 13.9664421082, 89.9346694946]],
        "icov": [[0.000683803751599, 0.000302173953969, 0.00108930410352, 0.000279637984931, 0.000900710409041, 0.000562487577554, 0.000742842908949, 0.000335333374096, 0.000552358105779, 3.74678929802e-05, 0.000887420668732, -0.000222289236262, 0.000923676649109], [0.000302173953969, 0.00401465641335, -0.000867655384354, 0.00275391363539, -0.00232970761135, 0.00279325060546, -0.00129224837292, 0.00290141324513, -0.00164233054966, 0.00261657638475, -0.00266785128042, 0.00310865254141, -0.000822560337838], [0.00108930410352, -0.000867655384354, 0.00316946324892, -0.000535908155143, 0.00210352195427, -0.000101248457213, 0.00229780562222, -0.000393332651583, 0.00260122283362, -0.00145873962902, 0.00207222229801, -0.00143756333273, 0.000980148557574], [0.000279637984931, 0.00275391363539, -0.000535908155143, 0.00291113066487, -0.00165534822736, 0.00107720971573, -0.000371626403648, 0.00133149558678, -0.00139901146758, 0.00165922392625, -0.00167949683964, 0.00234900577925, -0.00070270569995], [0.000900710409041, -0.00232970761135, 0.00210352195427, -0.00165534822736, 0.00575127266347, 8.31517900224e-05, 0.00192582351156, -0.00222788541578, 0.00245624687523, -0.00210258318111, 0.00335388607346, -0.00340457609855, 0.00228928797878], [0.000562487577554, 0.00279325060546, -0.000101248457213, 0.00107720971573, 8.31517900224e-05, 0.00543362274766, -0.00102117692586, 0.00072102987906, -0.000324260559864, 0.00192751002032, -0.00355096510611, 0.00285953376442, -0.00155165977776], [0.000742842908949, -0.00129224837292, 0.00229780562222, -0.000371626403648, 0.00192582351156, -0.00102117692586, 0.00705847050995, -0.00179925968405, 0.00225120456889, -0.00092637015041, 0.00159012537915, -0.00191738980357, 0.00339035829529], [0.000335333374096, 0.00290141324513, -0.000393332651583, 0.00133149558678, -0.00222788541578, 0.00072102987906, -0.00179925968405, 0.0103993397206, -0.00353699410334, -0.000462711264845, -0.0010008973768, 0.00224327621982, -0.0022332011722], [0.000552358105779, -0.00164233054966, 0.00260122283362, -0.00139901146758, 0.00245624687523, -0.000324260559864, 0.00225120456889, -0.00353699410334, 0.00919094309211, -0.000932489871047, 0.00244851224124, -0.00144882267341, 0.000799256144091], [3.74678929802e-05, 0.00261657638475, -0.00145873962902, 0.00165922392625, -0.00210258318111, 0.00192751002032, -0.00092637015041, -0.000462711264845, -0.000932489871047, 0.0106300516054, -0.00396130559966, 0.00222981418483, -0.000596503261477], [0.000887420668732, -0.00266785128042, 0.00207222229801, -0.00167949683964, 0.00335388607346, -0.00355096510611, 0.00159012537915, -0.0010008973768, 0.00244851224124, -0.00396130559966, 0.0151364151388, -0.00883836112916, 0.00448528397828], [-0.000222289236262, 0.00310865254141, -0.00143756333273, 0.00234900577925, -0.00340457609855, 0.00285953376442, -0.00191738980357, 0.00224327621982, -0.00144882267341, 0.00222981418483, -0.00883836112916, 0.0167852435261, -0.0046513620764], [0.000923676649109, -0.000822560337838, 0.000980148557574, -0.00070270569995, 0.00228928797878, -0.00155165977776, 0.00339035829529, -0.0022332011722, 0.000799256144091, -0.000596503261477, 0.00448528397828, -0.0046513620764, 0.0188017431647]]
    },
    "melbands": {
        "dmean": [7.36619549571e-05, 0.000115089373139, 0.000173348220414, 0.000265378126642, 0.000153811080963, 0.000223955823458, 0.000103244994534, 0.000106366635009, 0.000179602036951, 4.12006593251e-05, 4.37002563558e-05, 2.88045648631e-05, 2.96354446618e-05, 1.81288742169e-05, 1.17562049127e-05, 8.8810629677e-06, 3.74274918613e-06, 4.50088282378e-06, 2.02085357159e-06, 1.53824555582e-06, 1.73060345787e-06, 8.1227000237e-07, 5.43738678971e-07, 4.66427792389e-07, 1.88818233937e-07, 7.84443656698e-08, 1.61137549526e-07, 3.31010454602e-07, 3.76668140234e-07, 1.73312031393e-07, 2.56625611428e-07, 2.27457007895e-07, 2.56603328808e-07, 2.22197641619e-07, 3.81967538488e-07, 4.76026116303e-07, 6.00955274876e-07, 3.86709160693e-07, 7.20073529692e-08, 2.59795829294e-08],
        "dmean2": [0.000132096218294, 0.00020630605286, 0.000270253338385, 0.000389790278859, 0.000248293537879, 0.000350563466782, 0.000158351409482, 0.000160181210958, 0.000265949318418, 6.0904862039e-05, 6.58556600683e-05, 4.79442860524e-05, 4.02256810048e-05, 2.62177345576e-05, 1.57278209372e-05, 1.23478075693e-05, 6.09187418377e-06, 7.48526963434e-06, 3.17130661642e-06, 2.33729542742e-06, 2.46819649874e-06, 1.30076375626e-06, 8.37974141632e-07, 7.11556822353e-07, 2.79472317288e-07, 1.19885825711e-07, 2.48535172886e-07, 4.8194391411e-07, 5.48577986592e-07, 2.37875383391e-07, 3.64979484857e-07, 3.06143761009e-07, 3.98044562644e-07, 3.54525411694e-07, 5.33418244686e-07, 7.38168580483e-07, 8.79651906871e-07, 5.70103907194e-07, 1.00280793447e-07, 4.05773690204e-08],
        "dvar": [1.40105882451e-07, 6.68037216656e-07, 1.55368226729e-07, 3.87435164839e-07, 2.00909411774e-07, 4.10759128044e-07, 1.0004492168e-07, 1.02246652034e-07, 1.22623475818e-06, 3.46839073018e-08, 3.57717517829e-08, 1.33235582567e-08, 1.4860416897e-08, 6.13470829691e-09, 9.81933290234e-09, 2.97615865286e-09, 1.21611110071e-09, 1.75498726662e-09, 9.05521352346e-11, 6.21500281794e-11, 1.14005041518e-10, 2.7055621632e-11, 4.24842886565e-12, 3.77603026971e-12, 5.16791579148e-13, 8.59407963088e-14, 8.13030957662e-13, 4.42831188385e-12, 3.02411958322e-12, 4.11258104394e-13, 1.1265294253e-12, 8.95107772625e-13, 1.49874231949e-12, 1.672280695e-12, 4.86759330759e-12, 1.41148655264e-11, 3.18252611764e-11, 1.10085959446e-11, 1.98464440953e-13, 4.79063471293e-14],
        "dvar2": [4.22289673452e-07, 1.95364418687e-06, 3.97616588543e-07, 8.35026014556e-07, 4.61927385231e-07, 8.52792197747e-07, 2.21281155177e-07, 2.15869320641e-07, 2.79703635897e-06, 8.25838526453e-08, 9.40523037229e-08, 3.45557715775e-08, 2.73643134818e-08, 1.38502942448e-08, 1.48214160944e-08, 5.77089442899e-09, 3.40137185084e-09, 4.89620122224e-09, 2.07374034611e-10, 1.29471697252e-10, 2.26556579053e-10, 7.3059107375e-11, 9.12393945118e-12, 9.13274837699e-12, 1.12754868376e-12, 1.65449129549e-13, 1.76169148713e-12, 9.39430130908e-12, 7.2878742971e-12, 7.47395580755e-13, 2.13438229764e-12, 1.59584162291e-12, 4.02087998314e-12, 4.39404415631e-12, 1.08869597365e-11, 3.5257383818e-11, 7.60373083941e-11, 2.56698707429e-11, 4.51617476055e-13, 1.2285022988e-13],
        "max": [0.0087108835578, 0.0194915477186, 0.00661304220557, 0.013267765753, 0.0107132429257, 0.0180857833475, 0.00650931382552, 0.00627587595955, 0.0285959132016, 0.00418501906097, 0.00394041324034, 0.00163010787219, 0.00321445823647, 0.00154673412908, 0.00400801002979, 0.00133334263228, 0.000931321119424, 0.00116357707884, 0.000224680712563, 0.000253336504102, 0.000310201518005, 0.000139695534017, 4.22705852543e-05, 3.98088341171e-05, 1.52649990923e-05, 5.21425226907e-06, 2.316571954e-05, 4.75952256238e-05, 2.90905500151e-05, 1.23983727462e-05, 2.14366846194e-05, 1.65075925906e-05, 2.47426632995e-05, 2.7568796213e-05, 6.30803697277e-05, 9.68792810454e-05, 0.000189448532183, 7.88132601883e-05, 1.02823714769e-05, 5.95432084083e-06],
        "mean": [0.000106172192318, 0.000163363016327, 0.000448221893748, 0.000802270835266, 0.000495390908327, 0.000976664246991, 0.000319001963362, 0.000276853766991, 0.00029000712675, 0.000105061095383, 8.51981385495e-05, 4.85881246277e-05, 6.10391361988e-05, 3.89854794776e-05, 2.36890155065e-05, 1.47104819916e-05, 4.51010600955e-06, 4.91823220727e-06, 3.18525940202e-06, 2.53625216828e-06, 2.94594497063e-06, 1.16811463613e-06, 8.91154286364e-07, 7.11391237473e-07, 2.72558025927e-07, 1.14238424942e-07, 1.91666302385e-07, 3.56707943183e-07, 4.87434419938e-07, 2.98238489904e-07, 3.83526867154e-07, 3.84163570288e-07, 3.68960371588e-07, 3.1523777011e-07, 5.41103418072e-07, 5.94025550527e-07, 7.38808296319e-07, 5.01327804159e-07, 9.81985266435e-08, 3.36663923406e-08],
        "median": [6.94313566783e-05, 4.3264728447e-05, 0.000137538692798, 0.000189341953956, 3.41880295309e-05, 5.22461632499e-05, 3.36927914759e-05, 2.08162127819e-05, 9.44292787608e-06, 5.07502500113e-06, 6.37719631413e-06, 4.11231849284e-06, 4.01870602218e-06, 1.90316768567e-06, 5.5495900142e-07, 3.28229134539e-07, 3.46929596162e-07, 3.222951932e-07, 9.47958724851e-08, 6.31843164456e-08, 1.2107111047e-07, 6.86351313561e-08, 6.98925504139e-08, 3.98360455733e-08, 1.85035133882e-08, 8.98758134582e-09, 1.41101921258e-08, 1.28163017976e-08, 7.44547090648e-09, 1.00323607199e-08, 9.91154891494e-09, 4.74052885835e-09, 2.83009171653e-09, 1.99346295027e-09, 2.12146811229e-09, 1.44105227751e-09, 1.17266296673e-09, 9.68567448467e-10, 7.38830774338e-10, 4.2381265164e-10],
        "min": [6.46292733109e-07, 2.67942596111e-07, 1.07621261236e-07, 4.58672637649e-08, 4.04481816929e-08, 3.54007738679e-08, 1.07148911965e-08, 2.73833977715e-09, 1.12278331077e-09, 1.30569843826e-09, 7.90260801242e-10, 1.08739373061e-09, 8.06404332199e-10, 2.41021647085e-10, 4.47299003392e-10, 2.11632697478e-10, 2.96475316519e-10, 2.28352364795e-10, 1.22362245336e-10, 3.97546093267e-11, 9.10299197132e-11, 7.13560807664e-11, 6.10869063666e-11, 8.1606228719e-11, 3.83907280965e-11, 2.16142728715e-11, 9.86439749329e-12, 7.59164692915e-12, 1.66499435766e-11, 6.15919884539e-11, 8.46238096958e-12, 3.5970974463e-12, 1.26999973038e-12, 5.13445059039e-12, 2.62583487939e-12, 2.19401956997e-13, 2.13221611591e-13, 2.29493507531e-13, 2.40580965523e-13, 1.85523308955e-13],
        "var": [8.62741913465e-08, 4.14131079651e-07, 5.00974635997e-07, 2.2780513973e-06, 1.02329249785e-06, 4.13443513025e-06, 5.30629790774e-07, 4.78637161905e-07, 1.77646882094e-06, 6.93240735927e-08, 9.02718184648e-08, 2.13673114757e-08, 6.3111698978e-08, 2.01501872965e-08, 3.82187437253e-08, 7.52634665702e-09, 8.23823287366e-10, 1.19183440894e-09, 1.75492495536e-10, 1.91052215714e-10, 2.74286121593e-10, 3.57594266698e-11, 1.15234740153e-11, 6.74053304492e-12, 8.44503937267e-13, 1.68030303213e-13, 9.55137661671e-13, 5.13513537248e-12, 3.93397424012e-12, 1.19019865578e-12, 2.7250990093e-12, 2.68562862921e-12, 2.43509726272e-12, 2.29525968544e-12, 9.75958897032e-12, 1.79463718192e-11, 4.4786681308e-11, 1.60446482489e-11, 3.37810617153e-13, 5.07850157056e-14]
    },
    "mfcc": {
        "mean": [-842.022583008, 178.772857666, 39.4328994751, 13.5021953583, -2.79717516899, 7.70166683197, -5.00450849533, 2.02452707291, -3.47785902023, -5.60251712799, -7.12302446365, 2.55687069893, -2.72707867622],
        "cov": [[12286.7470703, 1133.5847168, -3128.26391602, -1420.29858398, -1664.03161621, -692.304138184, -1274.08972168, -62.5808486938, -151.183944702, -34.4105606079, -408.102722168, -10.7971000671, -659.367431641], [1133.5847168, 4842.69433594, -853.403991699, -1107.88684082, -483.851287842, -923.327148438, -289.879455566, -562.419677734, -379.442962646, -454.894622803, -191.477554321, -369.587432861, 61.2013320923], [-3128.26391602, -853.403991699, 1460.32653809, 406.648773193, 351.92074585, 291.918548584, 305.541473389, -21.2008266449, 9.56033325195, -0.424623280764, 49.8193244934, 30.2343444824, 103.599090576], [-1420.29858398, -1107.88684082, 406.648773193, 798.708984375, 416.36529541, 196.389373779, 151.765487671, 78.8247833252, 112.563163757, 98.3344192505, 44.0879325867, 56.1378822327, 87.7297744751], [-1664.03161621, -483.851287842, 351.92074585, 416.36529541, 550.780822754, 130.49180603, 122.920608521, 26.5732326508, 67.0442810059, 30.0627880096, 40.813293457, 9.97681236267, 122.368225098], [-692.304138184, -923.327148438, 291.918548584, 196.389373779, 130.49180603, 331.480865479, 152.823516846, 105.824157715, 48.2168121338, 62.8958282471, 50.3948020935, 82.3272018433, 8.19954967499], [-1274.08972168, -289.879455566, 305.541473389, 151.765487671, 122.920608521, 152.823516846, 347.335479736, 50.6511383057, -25.9510765076, 3.45827841759, 65.0237960815, 43.2976303101, 94.1882247925], [-62.5808486938, -562.419677734, -21.2008266449, 78.8247833252, 26.5732326508, 105.824157715, 50.6511383057, 204.525527954, 73.878692627, 62.979221344, 36.6584854126, 55.2515258789, -8.00080394745], [-151.183944702, -379.442962646, 9.56033325195, 112.563163757, 67.0442810059, 48.2168121338, -25.9510765076, 73.878692627, 177.453216553, 93.9774246216, 29.4729232788, 3.8480951786, -30.5385608673], [-34.4105606079, -454.894622803, -0.424623280764, 98.3344192505, 30.0627880096, 62.8958282471, 3.45827841759, 62.979221344, 93.9774246216, 153.555526733, 60.0042572021, 21.1693115234, -27.8706912994], [-408.102722168, -191.477554321, 49.8193244934, 44.0879325867, 40.813293457, 50.3948020935, 65.0237960815, 36.6584854126, 29.4729232788, 60.0042572021, 121.651077271, 44.5070953369, 15.1715049744], [-10.7971000671, -369.587432861, 30.2343444824, 56.1378822327, 9.97681236267, 82.3272018433, 43.2976303101, 55.2515258789, 3.8480951786, 21.1693115234, 44.5070953369, 131.306060791, 23.6927814484], [-659.367431641, 61.2013320923, 103.599090576, 87.7297744751, 122.368225098, 8.19954967499, 94.1882247925, -8.00080394745, -30.5385608673, -27.8706912994, 15.1715049744, 23.6927814484, 173.504211426]],
