{
"lowlevel": {
    "average_loudness": 0.937160551548,
    "barkbands_crest": {
        "dmean": 2.8838133812,
        "dmean2": 4.78310203552,
        "dvar": 8.12675094604,
        "dvar2": 22.2290706635,
        "max": 24.6723880768,
        "mean": 11.5460577011,
        "median": 11.1562738419,
        "min": 2.66404056549,
        "var": 19.8000450134
    },
    "barkbands_flatness_db": {
        "dmean": 0.0329717732966,
        "dmean2": 0.047071672976,
        "dvar": 0.00157906522509,
        "dvar2": 0.00293636019342,
        "max": 0.548900723457,
        "mean": 0.187550738454,
        "median": 0.155373826623,
        "min": 0.0388935729861,
        "var": 0.011299832724
    },
    "barkbands_kurtosis": {
        "dmean": 10.5587043762,
        "dmean2": 15.0762052536,
        "dvar": 381.436157227,
        "dvar2": 733.79888916,
        "max": 242.800369263,
        "mean": 18.0682296753,
        "median": 5.08977603912,
        "min": -1.95842838287,
        "var": 1019.32220459
    },
    "barkbands_skewness": {
        "dmean": 0.918414354324,
        "dmean2": 1.33473849297,
        "dvar": 1.04212749004,
        "dvar2": 2.12744188309,
        "max": 11.3946247101,
        "mean": 2.84223747253,
        "median": 2.35561823845,
        "min": -1.86058318615,
        "var": 5.01781415939
    },
    "barkbands_spread": {
        "dmean": 7.64939212799,
        "dmean2": 11.9062156677,
        "dvar": 92.1444320679,
        "dvar2": 193.603591919,
        "max": 120.499740601,
        "mean": 25.0456771851,
        "median": 21.2437267303,
        "min": 0.302418589592,
        "var": 401.403411865
    },
    "dissonance": {
        "dmean": 0.0112883560359,
        "dmean2": 0.0183247774839,
        "dvar": 0.000183281139471,
        "dvar2": 0.000377120100893,
        "max": 0.500000119209,
        "mean": 0.478969484568,
        "median": 0.485452115536,
        "min": 0.325730711222,
        "var": 0.000510517216753
    },
    "dynamic_complexity": 4.96721172333,
    "erbbands_crest": {
        "dmean": 2.41005635262,
        "dmean2": 3.86764025688,
        "dvar": 5.83194684982,
        "dvar2": 13.3199300766,
        "max": 22.8172473907,
        "mean": 8.12602901459,
        "median": 7.07576990128,
        "min": 2.51624679565,
        "var": 15.6687221527
    },
    "erbbands_flatness_db": {
        "dmean": 0.018756845966,
        "dmean2": 0.0260383877903,
        "dvar": 0.00050819729222,
        "dvar2": 0.000945872452576,
        "max": 0.380479544401,
        "mean": 0.154491230845,
        "median": 0.137134596705,
        "min": 0.0384896509349,
        "var": 0.00326008582488
    },
    "erbbands_kurtosis": {
        "dmean": 1.8896406889,
        "dmean2": 2.67637634277,
        "dvar": 29.7604618073,
        "dvar2": 58.0771942139,
        "max": 105.314292908,
        "mean": 1.31140899658,
        "median": -0.638005256653,
        "min": -1.94369149208,
        "var": 56.7375488281
    },
    "erbbands_skewness": {
        "dmean": 0.581049084663,
        "dmean2": 0.809328317642,
        "dvar": 0.54264742136,
        "dvar2": 0.94628483057,
        "max": 8.35859394073,
        "mean": 0.12465544045,
        "median": -0.215361103415,
        "min": -2.83653259277,
        "var": 1.97030282021
    },
    "erbbands_spread": {
        "dmean": 12.6534690857,
        "dmean2": 19.0587921143,
        "dvar": 178.09777832,
        "dvar2": 354.068115234,
        "max": 186.59286499,
        "mean": 58.5203666687,
        "median": 58.4893951416,
        "min": 2.1464073658,
        "var": 667.598754883
    },
    "hfc": {
        "dmean": 5.69086074829,
        "dmean2": 8.81124401093,
        "dvar": 87.2172851562,
        "dvar2": 195.047134399,
        "max": 158.188323975,
        "mean": 20.3216934204,
        "median": 10.6848201752,
        "min": 1.15633682176e-16,
        "var": 515.340759277
    },
    "melbands_crest": {
        "dmean": 3.14996647835,
        "dmean2": 5.1427822113,
        "dvar": 7.75306129456,
        "dvar2": 20.0139293671,
        "max": 30.1949386597,
        "mean": 16.4275417328,
        "median": 16.403263092,
        "min": 2.09764146805,
        "var": 22.1027126312
    },
    "melbands_flatness_db": {
        "dmean": 0.0399182662368,
        "dmean2": 0.0557270310819,
        "dvar": 0.00221482547931,
        "dvar2": 0.00427374523133,
        "max": 0.688185989857,
        "mean": 0.25428044796,
        "median": 0.222036570311,
        "min": 0.00650019012392,
        "var": 0.0160954426974
    },
    "melbands_kurtosis": {
        "dmean": 22.7271137238,
        "dmean2": 33.0954818726,
        "dvar": 1123.10205078,
        "dvar2": 2079.01000977,
        "max": 363.851013184,
        "mean": 48.8213348389,
        "median": 26.5874385834,
        "min": -1.59235239029,
        "var": 3628.58032227
    },
    "melbands_skewness": {
        "dmean": 1.23147833347,
        "dmean2": 1.81355595589,
        "dvar": 1.7001568079,
        "dvar2": 3.55294537544,
        "max": 15.2214021683,
        "mean": 4.90552616119,
        "median": 4.32611274719,
        "min": -0.0439062714577,
        "var": 7.77356433868
    },
    "melbands_spread": {
        "dmean": 7.74284124374,
        "dmean2": 12.0849304199,
        "dvar": 120.242698669,
        "dvar2": 262.223449707,
        "max": 130.809158325,
        "mean": 20.5449504852,
        "median": 12.551202774,
        "min": 0.441547691822,
        "var": 452.631103516
    },
    "pitch_salience": {
        "dmean": 0.0827329456806,
        "dmean2": 0.136081472039,
        "dvar": 0.00577710103244,
        "dvar2": 0.015105956234,
        "max": 0.830686628819,
        "mean": 0.519777536392,
        "median": 0.519143342972,
        "min": 0.186463549733,
        "var": 0.0145971709862
    },
    "silence_rate_20dB": {
        "dmean": 0,
        "dmean2": 0,
        "dvar": 0,
        "dvar2": 0,
        "max": 1,
        "mean": 1,
        "median": 1,
        "min": 1,
        "var": 0
    },
    "silence_rate_30dB": {
        "dmean": 0,
        "dmean2": 0,
        "dvar": 0,
        "dvar2": 0,
        "max": 1,
        "mean": 1,
        "median": 1,
        "min": 1,
        "var": 0
    },
    "silence_rate_60dB": {
        "dmean": 0.0061919502914,
        "dmean2": 0.0123934932053,
        "dvar": 0.00615360122174,
        "dvar2": 0.012239840813,
        "max": 1,
        "mean": 0.0982211902738,
        "median": 0,
        "min": 0,
        "var": 0.0885739773512
    },
    "spectral_centroid": {
        "dmean": 366.472839355,
        "dmean2": 553.892883301,
        "dvar": 204235.375,
        "dvar2": 362405.3125,
        "max": 11021.8056641,
        "mean": 1508.07495117,
        "median": 1507.05480957,
        "min": 128.036239624,
        "var": 824583.4375
    },
    "spectral_complexity": {
        "dmean": 4.44891643524,
        "dmean2": 6.97598743439,
        "dvar": 24.8355941772,
        "dvar2": 57.5011863708,
        "max": 55,
        "mean": 18.6295433044,
        "median": 14,
        "min": 0,
        "var": 243.999542236
    },
    "spectral_decrease": {
        "dmean": 2.74218625584e-09,
        "dmean2": 4.61180160727e-09,
        "dvar": 2.15895132493e-17,
        "dvar2": 5.72743363378e-17,
        "max": -1.91709925467e-29,
        "mean": -6.3587957122e-09,
        "median": -5.69803315642e-09,
        "min": -3.90650960469e-08,
        "var": 2.77881367533e-17
    },
    "spectral_energy": {
        "dmean": 0.0105949817225,
        "dmean2": 0.0178045630455,
        "dvar": 0.000315937679261,
        "dvar2": 0.000836500257719,
        "max": 0.150370404124,
        "mean": 0.0258428212255,
        "median": 0.0236571077257,
        "min": 1.05606698104e-20,
        "var": 0.000439222290879
    },
    "spectral_energyband_high": {
        "dmean": 0.000552724115551,
        "dmean2": 0.000805508170743,
        "dvar": 1.16584374155e-06,
        "dvar2": 2.45095179707e-06,
        "max": 0.015951205045,
        "mean": 0.00158367387485,
        "median": 0.000510264246259,
        "min": 7.69000492584e-21,
        "var": 5.30302168045e-06
    },
    "spectral_energyband_low": {
        "dmean": 0.00778300408274,
        "dmean2": 0.0132643096149,
        "dvar": 0.000245827512117,
        "dvar2": 0.000675385235809,
        "max": 0.139771983027,
        "mean": 0.0138274962083,
        "median": 0.0100944489241,
        "min": 2.71097225007e-23,
        "var": 0.000232734455494
    },
    "spectral_energyband_middle_high": {
        "dmean": 0.00109304580837,
        "dmean2": 0.00171580805909,
        "dvar": 2.63820220425e-06,
        "dvar2": 6.08461323282e-06,
        "max": 0.0250304341316,
        "mean": 0.00320024229586,
        "median": 0.00165319256485,
        "min": 1.47117293019e-21,
        "var": 1.60056824825e-05
    },
    "spectral_energyband_middle_low": {
        "dmean": 0.00466885836795,
        "dmean2": 0.00766572216526,
        "dvar": 8.59506981215e-05,
        "dvar2": 0.000216679138248,
        "max": 0.0930689647794,
        "mean": 0.00869554653764,
        "median": 0.00578510807827,
        "min": 3.44293785623e-22,
        "var": 0.000115821552754
    },
    "spectral_entropy": {
        "dmean": 0.224862426519,
        "dmean2": 0.304920941591,
        "dvar": 0.107077084482,
        "dvar2": 0.186604738235,
        "max": 9.80197620392,
        "mean": 7.52548933029,
        "median": 7.77154350281,
        "min": 4.30982255936,
        "var": 0.501495182514
    },
    "spectral_flux": {
        "dmean": 0.0273417923599,
        "dmean2": 0.0407959185541,
        "dvar": 0.00116132921539,
        "dvar2": 0.00213174475357,
        "max": 0.307368129492,
        "mean": 0.0814937129617,
        "median": 0.0756963789463,
        "min": 1.027651228e-10,
        "var": 0.00322850211523
    },
    "spectral_kurtosis": {
        "dmean": 2.14870667458,
        "dmean2": 3.47113776207,
        "dvar": 24.4062976837,
        "dvar2": 51.9309654236,
        "max": 66.8267288208,
        "mean": 3.69788455963,
        "median": 2.20860338211,
        "min": -1.21664094925,
        "var": 42.7850112915
    },
    "spectral_rms": {
        "dmean": 0.000889124232344,
        "dmean2": 0.001440656255,
        "dvar": 1.41762347994e-06,
        "dvar2": 3.57228464054e-06,
        "max": 0.0121120940894,
        "mean": 0.00456889718771,
        "median": 0.00480417581275,
        "min": 3.20984298169e-12,
        "var": 4.33765490016e-06
    },
    "spectral_rolloff": {
        "dmean": 631.215820312,
        "dmean2": 1047.8392334,
        "dvar": 1720196.125,
        "dvar2": 3245204.5,
        "max": 18798.4863281,
        "mean": 1436.95214844,
        "median": 387.59765625,
        "min": 86.1328125,
        "var": 3809935.25
    },
    "spectral_skewness": {
        "dmean": 0.308831870556,
        "dmean2": 0.46898445487,
        "dvar": 0.239544451237,
        "dvar2": 0.48082190752,
        "max": 6.5663895607,
        "mean": 1.11229753494,
        "median": 0.964863181114,
        "min": -0.267849564552,
        "var": 0.554571688175
    },
    "spectral_spread": {
        "dmean": 607700.1875,
        "dmean2": 840871.4375,
        "dvar": 1.37890732442e+12,
        "dvar2": 1.58474974003e+12,
        "max": 40336200,
        "mean": 4497199.5,
        "median": 4240141.5,
        "min": 1175039.375,
        "var": 3.57350008422e+12
    },
    "spectral_strongpeak": {
        "dmean": 0.271870106459,
        "dmean2": 0.469021469355,
        "dvar": 0.283564001322,
        "dvar2": 0.677602231503,
        "max": 8.47634601593,
        "mean": 0.498906224966,
        "median": 0.353441506624,
        "min": 0,
        "var": 0.447173446417
    },
    "zerocrossingrate": {
        "dmean": 0.01135858614,
        "dmean2": 0.0129101406783,
        "dvar": 0.000306460249703,
        "dvar2": 0.0002549366327,
        "max": 0.5078125,
        "mean": 0.056230135262,
        "median": 0.04833984375,
        "min": 0.0029296875,
        "var": 0.00206559966318
    },
    "barkbands": {
        "dmean": [0.000119954602269, 0.0049922936596, 0.00333037762903, 0.00187789672054, 0.00259453500621, 0.000882089894731, 0.00026881339727, 0.000255554507021, 0.000415819027694, 0.00016736939142, 0.000121716955618, 0.000122124649351, 0.00014710049436, 0.000201545539312, 0.000226576885325, 0.000278015912045, 0.000209218778764, 0.00019076798344, 0.000209171135793, 0.000239919289015, 0.000263217720203, 0.000109808781417, 8.08558179415e-05, 8.55399630382e-05, 7.31982581783e-05, 2.84007510345e-05, 5.70970769331e-07],
        "dmean2": [0.000183793177712, 0.00882752146572, 0.00544445449486, 0.00321057182737, 0.00426547694951, 0.00145001744386, 0.00045685164514, 0.000405195110943, 0.000664883467834, 0.000278531253571, 0.000193882617168, 0.000189109166968, 0.000220714471652, 0.000305462977849, 0.000365785934264, 0.000435160269262, 0.000345107691828, 0.000318730308209, 0.000348384404788, 0.000381056539482, 0.000409221334849, 0.000167667429196, 0.000120513410366, 0.00012432828953, 0.000109823384264, 4.46819904028e-05, 1.02707122096e-06],
        "dvar": [6.60240146999e-08, 0.000182169562322, 2.4973986001e-05, 1.40379534059e-05, 3.06597576127e-05, 4.2759606913e-06, 4.64678436174e-07, 4.8305139444e-07, 1.23742427149e-06, 2.68637421641e-07, 1.06018156032e-07, 1.44147335845e-07, 1.73597371145e-07, 3.15823825758e-07, 3.32820320637e-07, 6.96801862432e-07, 1.59395540322e-07, 1.07798754811e-07, 8.02596886729e-08, 1.51510008095e-07, 2.9845307381e-07, 6.98697348867e-08, 5.17380804865e-08, 8.52213233316e-08, 9.43610629633e-08, 1.92025115808e-08, 5.45629470425e-12],
        "dvar2": [1.38001865935e-07, 0.000506907992531, 6.75756673445e-05, 3.62463579222e-05, 7.8282544564e-05, 1.09585125756e-05, 1.2276830148e-06, 1.00342197129e-06, 3.05876665152e-06, 6.81150481796e-07, 2.50366213095e-07, 3.57300422138e-07, 3.5356333683e-07, 6.55710550745e-07, 7.13278211606e-07, 1.69929489857e-06, 3.96387804358e-07, 2.9329837048e-07, 2.12928441101e-07, 3.50767493273e-07, 6.88456907483e-07, 1.57209001372e-07, 9.86190755725e-08, 1.84519748814e-07, 1.79269619593e-07, 3.82276965638e-08, 1.68702551928e-11],
        "max": [0.00262616947293, 0.106542885303, 0.0483310297132, 0.0491039380431, 0.0470347292721, 0.0174009446055, 0.0095458291471, 0.0131076714024, 0.0158469863236, 0.00796354468912, 0.00536913797259, 0.00831192359328, 0.00824721064419, 0.00936292950064, 0.00818726513535, 0.0167253706604, 0.00659876083955, 0.00518817128614, 0.00322523759678, 0.00578719563782, 0.0100329844281, 0.00511377397925, 0.00362215749919, 0.00522152613848, 0.00609355093911, 0.00377618754283, 4.2595249397e-05],
        "mean": [0.000153677450726, 0.00622074212879, 0.00603294372559, 0.00261185853742, 0.00351195991971, 0.00115734688006, 0.000377700634999, 0.000344801723259, 0.000622195948381, 0.000209847814403, 0.000167374120792, 0.000190831735381, 0.000219766458031, 0.000289766205242, 0.000351816910552, 0.000433037057519, 0.000352018279955, 0.000358290359145, 0.000418539624661, 0.000521725742146, 0.000576855847612, 0.000238949462073, 0.000168815167854, 0.000153564426, 0.000118721007311, 3.92596048187e-05, 4.36837694906e-07],
        "median": [3.31221745e-05, 0.0038128066808, 0.00353881204501, 0.00140452140477, 0.00153958692681, 0.000287639326416, 0.000136228147312, 8.80926017999e-05, 0.000117821531603, 6.11174109508e-05, 4.67050558655e-05, 5.31962541572e-05, 5.7502900745e-05, 7.44631761336e-05, 9.14303673198e-05, 0.000141034455737, 0.000136939677759, 0.000165464865859, 0.000277128070593, 0.000215648193262, 0.000167212885572, 8.99941151147e-05, 4.97452674608e-05, 3.43945503118e-05, 1.87723489944e-05, 2.47558841693e-06, 1.81712866976e-09],
        "min": [1.21595651019e-23, 2.00421788113e-23, 1.59229976276e-24, 7.25597021635e-24, 8.25559219403e-23, 6.09245859909e-23, 1.52973839925e-23, 1.26845640251e-22, 4.77590654626e-23, 1.86147981122e-23, 4.09056217783e-23, 6.62041291069e-23, 9.95499611465e-23, 1.90184632861e-22, 1.4552354408e-22, 1.22533549838e-22, 1.54582469306e-22, 1.44655645623e-22, 2.99085997302e-22, 3.96137017495e-22, 4.39979054086e-22, 6.64131621007e-22, 4.51926674351e-22, 9.109513298e-22, 1.16264940492e-21, 2.02445285754e-21, 2.06632443319e-21],
        "var": [1.09475635668e-07, 0.000129313353682, 4.53191387351e-05, 1.63414206327e-05, 3.35500189976e-05, 5.78748540647e-06, 6.41447570615e-07, 8.89721945896e-07, 2.75051365861e-06, 3.17859900179e-07, 1.8298175064e-07, 2.53991885302e-07, 3.37865344591e-07, 6.23076800821e-07, 7.23952723547e-07, 1.23471795632e-06, 3.52594213382e-07, 2.56364330653e-07, 2.1402726702e-07, 5.746121019e-07, 9.45760689319e-07, 1.63188047964e-07, 1.14447445299e-07, 1.50826551248e-07, 1.95858262941e-07, 3.37166738973e-08, 3.59840065731e-12]
    },
    "erbbands": {
        "dmean": [0.119215704501, 1.23538410664, 3.40774250031, 5.08420801163, 8.49415969849, 8.41410446167, 8.78390979767, 6.44032907486, 4.16688156128, 3.86165308952, 6.34953308105, 9.47563552856, 6.72208166122, 4.60670232773, 4.48249006271, 5.02798509598, 5.8361415863, 7.77156209946, 12.1430358887, 11.1043519974, 15.0133600235, 10.7409172058, 10.5307769775, 10.9773683548, 9.62753582001, 11.1684350967, 12.3262910843, 7.1702580452, 4.00160980225, 3.5659840107, 2.14637804031, 1.73665368557, 1.58034563065, 0.927938759327, 0.495411038399, 0.187302812934, 0.0403057970107, 0.00619543762878, 0.000117527029943, 1.49914667418e-05],
        "dmean2": [0.206313580275, 2.21016645432, 5.68643856049, 8.50007915497, 14.5309076309, 13.9313774109, 14.0969181061, 10.5908756256, 7.0370464325, 6.35388565063, 9.60649681091, 15.1253633499, 10.8132152557, 7.34220027924, 7.06830883026, 7.77115249634, 8.97268772125, 11.567990303, 18.596036911, 17.8080863953, 23.5636997223, 17.6976318359, 17.9759960175, 18.6052780151, 15.4005422592, 18.0327072144, 18.8752326965, 11.4579029083, 6.2212934494, 5.29228210449, 3.24359059334, 2.55573606491, 2.34988927841, 1.38769376278, 0.724286913872, 0.288378506899, 0.0648147538304, 0.00977699644864, 0.000186055083759, 2.45354767685e-05],
        "dvar": [0.102816827595, 11.0044431686, 32.8177070618, 62.3308105469, 451.94519043, 303.903106689, 428.916656494, 249.290756226, 106.458396912, 100.512207031, 291.508331299, 672.741516113, 462.587219238, 171.751831055, 116.005119324, 302.123840332, 300.033691406, 349.575653076, 1020.93457031, 762.866149902, 2069.61694336, 382.629241943, 337.709411621, 269.537139893, 193.68548584, 330.904388428, 657.556762695, 221.268096924, 85.5381469727, 82.0010681152, 37.2686042786, 31.0532665253, 31.0867118835, 15.8524074554, 4.18333721161, 0.964389562607, 0.026409406215, 0.000290819851216, 1.2032340635e-07, 6.6790900588e-10],
        "dvar2": [0.279263108969, 31.1347179413, 91.929473877, 167.985046387, 1175.9095459, 809.244567871, 973.830566406, 659.504882812, 289.749237061, 247.09413147, 567.096679688, 1633.98974609, 1159.14953613, 415.601226807, 271.319458008, 789.120422363, 623.055358887, 735.785766602, 2019.40515137, 1670.0423584, 5189.93847656, 967.631774902, 911.670593262, 761.093811035, 473.293426514, 823.064697266, 1300.9119873, 587.081298828, 207.27394104, 154.310775757, 75.0629806519, 70.5333328247, 68.9766616821, 31.6229572296, 8.01478290558, 1.90389978886, 0.0557404384017, 0.000700503005646, 2.85042887072e-07, 1.5735180936e-09],
        "max": [2.63782072067, 26.0232200623, 66.7618103027, 90.0347290039, 173.756881714, 169.916732788, 249.093093872, 164.172592163, 135.294509888, 181.864807129, 351.579315186, 445.807373047, 343.462036133, 211.357803345, 178.356262207, 398.276031494, 405.640869141, 312.211639404, 619.979187012, 466.62802124, 1083.97924805, 314.324981689, 310.743499756, 162.166046143, 213.691680908, 305.870147705, 431.534454346, 217.440994263, 163.3777771, 157.444244385, 93.8968811035, 90.153427124, 105.847702026, 75.236038208, 52.428401947, 26.1934776306, 4.35268592834, 0.359418183565, 0.00819513387978, 0.000456060253782],
        "mean": [0.150548920035, 1.55274522305, 5.69004011154, 9.17972946167, 10.3915300369, 11.3286371231, 12.1021089554, 8.37415790558, 5.37204217911, 6.31378364563, 9.20128536224, 14.2285032272, 9.32381725311, 6.95945358276, 7.36658382416, 7.99131298065, 9.65445613861, 12.5234174728, 19.3437290192, 19.246881485, 24.2222881317, 19.3512191772, 20.4807472229, 21.0513954163, 21.3139705658, 24.5630817413, 27.4848041534, 16.4248046875, 8.97321224213, 7.28971195221, 4.4013800621, 3.08936786652, 2.5824174881, 1.45940804482, 0.755941867828, 0.253011256456, 0.0517931990325, 0.00764770479873, 0.000165116041899, 3.89722918044e-05],
        "median": [0.0939705148339, 0.953031599522, 3.61449599266, 6.70731782913, 4.29864692688, 4.75375413895, 3.14295721054, 2.12329387665, 2.03798389435, 2.15272140503, 2.46431231499, 2.67190670967, 2.47545409203, 2.3780298233, 2.20739936829, 2.45548558235, 2.86802601814, 3.56594491005, 5.01141405106, 5.60338640213, 8.50909423828, 8.16063213348, 9.77331924438, 11.9104099274, 12.9868574142, 10.122587204, 7.85389375687, 5.64507865906, 3.37909078598, 2.11212706566, 1.26866936684, 0.794668197632, 0.48455286026, 0.258375972509, 0.083086065948, 0.0156576782465, 0.00298799271695, 0.00022855566931, 2.38269312831e-05, 3.11293588311e-05],
        "min": [2.90833982119e-22, 5.16773211705e-21, 5.08162738127e-21, 1.36086025699e-20, 1.11527159328e-19, 3.61367007935e-19, 3.14316483555e-19, 5.02874682331e-19, 3.39177060823e-19, 1.39032196825e-18, 1.96370588789e-18, 1.14402004868e-18, 7.1409592383e-19, 9.96541190082e-19, 1.6507561652e-18, 2.83613679547e-18, 4.39774625849e-18, 9.49269493116e-18, 7.46947401858e-18, 6.32744158152e-18, 7.66239404412e-18, 7.40597715322e-18, 9.45409951096e-18, 1.37023461086e-17, 1.37909900918e-17, 1.56011921443e-17, 2.09519058895e-17, 1.80971186528e-17, 1.92494920883e-17, 2.00833679007e-17, 1.25561517123e-17, 1.77509402577e-17, 1.73181295827e-17, 1.38319090623e-17, 7.99191633038e-18, 8.23143061265e-18, 3.68846328505e-18, 9.34116454192e-19, 2.82957497846e-19, 3.3710417852e-20],
        "var": [0.0745484232903, 7.5943813324, 40.7247543335, 88.8418045044, 406.143127441, 339.726043701, 776.035461426, 318.162445068, 104.124961853, 229.290390015, 613.960266113, 1587.81408691, 764.386230469, 228.812667847, 257.204742432, 403.797668457, 617.824707031, 814.120544434, 2472.640625, 1939.25036621, 3504.11865234, 933.558105469, 799.886962891, 638.895446777, 677.555114746, 1245.39794922, 2337.25048828, 630.759094238, 203.330123901, 197.049636841, 77.8744125366, 49.2545394897, 54.504108429, 28.8492641449, 8.71629428864, 1.69315040112, 0.0455558486283, 0.00042100410792, 1.8908646382e-07, 1.49930567961e-09]
    },
    "gfcc": {
        "mean": [-57.6140022278, 102.965194702, -105.010246277, 77.1307373047, -44.306728363, 8.69963932037, -27.92121315, 4.15891981125, -21.7191486359, -3.44503498077, -15.580083847, -9.43247127533, -5.63965272903],
        "cov": [[25714.5625, -4592.015625, -1640.64978027, -763.9296875, -2028.98608398, 1092.21154785, -1659.09033203, 1071.26184082, -1022.00134277, 896.55291748, -729.006713867, 643.434082031, -417.726745605], [-4592.015625, 2428.57104492, -47.0063056946, 281.134246826, 745.466918945, -558.615112305, 726.899353027, -422.012908936, 428.696899414, -383.95916748, 307.062561035, -329.747589111, 235.809036255], [-1640.64978027, -47.0063056946, 936.120849609, 65.7245101929, 54.610912323, -43.0999603271, -43.7792167664, -46.9455528259, 11.8668718338, -3.74523139, -38.0244522095, 82.7880783081, -104.93460083], [-763.9296875, 281.134246826, 65.7245101929, 472.677307129, 169.041610718, -139.173126221, 129.387649536, -75.3918151855, 129.159194946, -84.2961578369, 83.5667724609, -79.1811981201, 33.6397361755], [-2028.98608398, 745.466918945, 54.610912323, 169.041610718, 459.313476562, -189.602752686, 296.045898438, -138.645843506, 166.560958862, -128.198318481, 94.8171463013, -100.002609253, 66.5135879517], [1092.21154785, -558.615112305, -43.0999603271, -139.173126221, -189.602752686, 309.388824463, -177.188034058, 129.429931641, -142.760498047, 104.869361877, -54.7272033691, 61.6412887573, -26.9984493256], [-1659.09033203, 726.899353027, -43.7792167664, 129.387649536, 296.045898438, -177.188034058, 375.505279541, -127.048362732, 161.274871826, -121.877975464, 101.13155365, -113.138641357, 50.7561798096], [1071.26184082, -422.012908936, -46.9455528259, -75.3918151855, -138.645843506, 129.429931641, -127.048362732, 207.424362183, -57.0495185852, 76.8489379883, -52.6267280579, 27.5655441284, -21.1498394012], [-1022.00134277, 428.696899414, 11.8668718338, 129.159194946, 166.560958862, -142.760498047, 161.274871826, -57.0495185852, 174.774887085, -70.9582290649, 57.7487068176, -71.9364395142, 27.653377533], [896.55291748, -383.95916748, -3.74523139, -84.2961578369, -128.198318481, 104.869361877, -121.877975464, 76.8489379883, -70.9582290649, 124.608795166, -37.9228019714, 62.3550109863, -41.1831626892], [-729.006713867, 307.062561035, -38.0244522095, 83.5667724609, 94.8171463013, -54.7272033691, 101.13155365, -52.6267280579, 57.7487068176, -37.9228019714, 106.467819214, -46.9239387512, 49.9057617188], [643.434082031, -329.747589111, 82.7880783081, -79.1811981201, -100.002609253, 61.6412887573, -113.138641357, 27.5655441284, -71.9364395142, 62.3550109863, -46.9239387512, 131.150802612, -37.9855117798], [-417.726745605, 235.809036255, -104.93460083, 33.6397361755, 66.5135879517, -26.9984493256, 50.7561798096, -21.1498394012, 27.653377533, -41.1831626892, 49.9057617188, -37.9855117798, 117.073249817]],
        "icov": [[0.000100439116068, -9.58634773269e-05, 0.00022712435748, -0.000171588995727, 0.000179102848051, 4.10894681409e-05, 0.000113470960059, -0.000248174852459, 0.000241700952756, -0.00025830231607, 0.000365462416084, -0.000260789063759, 0.000229676021263], [-9.58634773269e-05, 0.00317450077273, -0.00053985795239, 0.00166988035198, -0.00104630668648, 0.00136878388003, -0.00141896971036, 0.00219675246626, -0.00190956355073, 0.00249953987077, -0.00307645578869, 0.00268101645634, -0.00226607057266], [0.00022712435748, -0.00053985795239, 0.00194315472618, -0.000757997157052, -4.10760731029e-05, -4.61443305539e-05, 0.000921272789128, -0.000567876035348, 0.000472353160148, -0.000279001425952, 0.0011061693076, -0.00186057947576, 0.00208302238025], [-0.000171588995727, 0.00166988035198, -0.000757997157052, 0.00402262620628, -0.00105699535925, 0.000950794667006, -0.000155137619004, 0.0013726206962, -0.00246891193092, 0.00221243966371, -0.00352352485061, 0.00229635229334, -0.00106744817458], [0.000179102848051, -0.00104630668648, -4.10760731029e-05, -0.00105699535925, 0.0059567540884, -0.000171799241798, -0.00233705574647, -0.000221788344788, -0.000417508592363, -0.000513712526299, 0.00162039708812, -0.00103105627932, -0.000544666778296], [4.10894681409e-05, 0.00136878388003, -4.61443305539e-05, 0.000950794667006, -0.000171799241798, 0.00747289136052, -0.000260478875134, -0.00153056776617, 0.00317377969623, -0.00113201118074, -0.00184513255954, 0.00159360887483, -0.00111186527647], [0.000113470960059, -0.00141896971036, 0.000921272789128, -0.000155137619004, -0.00233705574647, -0.000260478875134, 0.00858959648758, -0.00013691613276, -0.00145084946416, 0.000648141896818, -0.00112725258805, 0.000281777261989, 0.00279494910501], [-0.000248174852459, 0.00219675246626, -0.000567876035348, 0.0013726206962, -0.000221788344788, -0.00153056776617, -0.00013691613276, 0.0101231206208, -0.00373723357916, -0.00076650705887, -0.000116856033856, 0.00372905307449, -0.00267956475727], [0.000241700952756, -0.00190956355073, 0.000472353160148, -0.00246891193092, -0.000417508592363, 0.00317377969623, -0.00145084946416, -0.00373723357916, 0.0154434535652, -0.00183275900781, 0.000850178068504, 0.000226767078857, 0.00218303035945], [-0.00025830231607, 0.00249953987077, -0.000279001425952, 0.00221243966371, -0.000513712526299, -0.00113201118074, 0.000648141896818, -0.00076650705887, -0.00183275900781, 0.0193253066391, -0.00570747116581, -0.00177312770393, 0.00185800518375], [0.000365462416084, -0.00307645578869, 0.0011061693076, -0.00352352485061, 0.00162039708812, -0.00184513255954, -0.00112725258805, -0.000116856033856, 0.000850178068504, -0.00570747116581, 0.0207917243242, -0.00142168509774, -0.00290687661618], [-0.000260789063759, 0.00268101645634, -0.00186057947576, 0.00229635229334, -0.00103105627932, 0.00159360887483, 0.000281777261989, 0.00372905307449, 0.000226767078857, -0.00177312770393, -0.00142168509774, 0.0159998778254, -0.00203328416683], [0.000229676021263, -0.00226607057266, 0.00208302238025, -0.00106744817458, -0.000544666778296, -0.00111186527647, 0.00279494910501, -0.00267956475727, 0.00218303035945, 0.00185800518375, -0.00290687661618, -0.00203328416683, 0.0151738524437]]
    },
    "melbands": {
        "dmean": [0.00125097809359, 0.00170732836705, 0.000945994572248, 0.000599844905082, 0.000311751209665, 0.000147156883031, 6.12644507783e-05, 4.39665236627e-05, 5.40511900908e-05, 6.13495722064e-05, 3.35603726853e-05, 1.93804226001e-05, 1.67619600688e-05, 1.38327668537e-05, 1.302282908e-05, 1.46603870235e-05, 1.57166086865e-05, 2.17666347453e-05, 1.57868580573e-05, 1.81342238648e-05, 1.8901168005e-05, 1.11864173959e-05, 1.14596614367e-05, 1.02889689515e-05, 9.71746521827e-06, 7.70793030824e-06, 8.47231058287e-06, 8.2175110947e-06, 8.73742101248e-06, 7.50965955376e-06, 3.6574601836e-06, 2.37140898207e-06, 2.53009693552e-06, 1.91066737898e-06, 1.40898521295e-06, 1.06925779164e-06, 1.15993543659e-06, 1.31416436489e-06, 8.68890708716e-07, 8.10944356999e-07],
        "dmean2": [0.00218218821101, 0.00292592681944, 0.0015721822856, 0.000995081383735, 0.000501846428961, 0.000241217407165, 0.000103110192867, 7.25904319552e-05, 8.13936785562e-05, 9.87976090983e-05, 5.40897599421e-05, 3.12137963192e-05, 2.66329225269e-05, 2.05340038519e-05, 2.04371226573e-05, 2.18073837459e-05, 2.40087501879e-05, 3.29168324242e-05, 2.53826601693e-05, 2.84683483187e-05, 2.98862287309e-05, 1.85472817975e-05, 1.91592498595e-05, 1.73522003024e-05, 1.6541345758e-05, 1.28300498545e-05, 1.35889467856e-05, 1.34660631375e-05, 1.33382400236e-05, 1.16512237582e-05, 5.97928010393e-06, 3.8154826143e-06, 3.83657970815e-06, 2.91347055281e-06, 2.16749526771e-06, 1.60805120686e-06, 1.74012200205e-06, 2.01475108952e-06, 1.33563389682e-06, 1.23931863527e-06],
        "dvar": [1.13573205454e-05, 1.13645419333e-05, 2.59815442405e-06, 1.86223894616e-06, 4.54199209798e-07, 1.22058580132e-07, 2.21308855686e-08, 1.19623404515e-08, 1.86758413179e-08, 3.02364746574e-08, 1.17614309403e-08, 3.21651349999e-09, 2.03859507053e-09, 1.48865852978e-09, 1.59423685364e-09, 1.70849756564e-09, 1.52517354302e-09, 3.47239059728e-09, 1.64393720858e-09, 3.25292859316e-09, 2.83411871749e-09, 4.43140107942e-10, 5.1067522433e-10, 3.40349387562e-10, 2.12580550385e-10, 1.08967689039e-10, 1.8660634149e-10, 2.25162957723e-10, 3.56554286096e-10, 2.69033073597e-10, 6.06017805382e-11, 2.83324873979e-11, 4.10504755188e-11, 2.65837265395e-11, 1.5482577026e-11, 1.01594141086e-11, 1.48408750567e-11, 2.12976997149e-11, 1.4340014419e-11, 1.22099960351e-11],
        "dvar2": [3.13427990477e-05, 3.21773040923e-05, 6.80563152855e-06, 4.81903816762e-06, 1.06465324734e-06, 3.21692851912e-07, 5.94759868022e-08, 2.95782225379e-08, 3.66760524173e-08, 7.54346416443e-08, 2.93238393567e-08, 7.87501885924e-09, 4.8677302189e-09, 3.27372928766e-09, 3.86328213864e-09, 3.61681107286e-09, 3.25773030774e-09, 6.78780542884e-09, 3.61642182867e-09, 7.8138571169e-09, 7.06716551946e-09, 1.08906117458e-09, 1.38956590678e-09, 9.30397037191e-10, 6.04441052765e-10, 2.81775880406e-10, 4.33145574963e-10, 5.96990235024e-10, 7.5945122413e-10, 6.2468746842e-10, 1.71537589688e-10, 7.41602335097e-11, 9.03444125067e-11, 5.16902007308e-11, 3.20518715735e-11, 2.263375945e-11, 3.52257042979e-11, 5.09272277127e-11, 2.83837692933e-11, 2.53459753186e-11],
        "max": [0.0265412405133, 0.0356421545148, 0.0194804575294, 0.0127563113347, 0.00828651804477, 0.00346300890669, 0.00185450958088, 0.00164426234551, 0.00250766053796, 0.00242262403481, 0.00173616886605, 0.000894132128451, 0.00076457276009, 0.000703747675288, 0.000779076130129, 0.00069962994894, 0.000594362150878, 0.00116806698497, 0.000669078028295, 0.00149572512601, 0.00125719606876, 0.000372102775145, 0.000408966385294, 0.000288435490802, 0.000137253169669, 0.000114258858957, 0.000249791803071, 0.000262819288764, 0.000334958400344, 0.000257927225903, 0.000126914048451, 7.63139978517e-05, 0.000133324589115, 8.80410952959e-05, 6.93446636433e-05, 4.43075332441e-05, 6.65618790663e-05, 7.539796934e-05, 9.65028884821e-05, 7.91362326709e-05],
        "mean": [0.00158732419368, 0.00276444433257, 0.00166498485487, 0.000784088275395, 0.000443861179519, 0.000190244667465, 8.14446393633e-05, 6.89616645104e-05, 7.88290417404e-05, 8.95528646652e-05, 4.44916295237e-05, 2.74176618404e-05, 2.46457420872e-05, 2.28371136473e-05, 1.96422060981e-05, 2.22075741476e-05, 2.32707916439e-05, 3.21243787766e-05, 2.47072694037e-05, 2.70881791948e-05, 2.84086745523e-05, 1.86827128346e-05, 2.03164618142e-05, 1.76290086529e-05, 1.69944887602e-05, 1.52170305228e-05, 1.63917975442e-05, 1.60437557497e-05, 1.74833348865e-05, 1.50564319483e-05, 7.54133816372e-06, 4.86897215524e-06, 4.70676422992e-06, 3.76166599381e-06, 2.71040244115e-06, 1.85546412013e-06, 1.9308042738e-06, 2.05326500691e-06, 1.33521814405e-06, 1.18309708341e-06],
        "median": [0.00104040442966, 0.00188982789405, 0.00119387754239, 0.000340042752214, 0.000144609992276, 4.93679908686e-05, 3.08561538986e-05, 2.28000208153e-05, 1.93059877347e-05, 1.668623554e-05, 1.10831661004e-05, 8.73726639838e-06, 6.9141806307e-06, 5.86887972531e-06, 6.39611107545e-06, 5.54489588467e-06, 6.4635646595e-06, 7.81008657214e-06, 6.54169571135e-06, 7.43501595935e-06, 9.78833122645e-06, 7.86972850619e-06, 8.30762655823e-06, 7.8454195318e-06, 9.16983935895e-06, 1.01616606116e-05, 7.74240288592e-06, 6.08760956311e-06, 4.78547917737e-06, 3.99473083235e-06, 2.85104397335e-06, 1.92370930563e-06, 1.35054199291e-06, 1.05419496776e-06, 6.79402717196e-07, 5.16081684054e-07, 4.6319678404e-07, 3.45452320971e-07, 2.82101098037e-07, 1.83390667985e-07],
        "min": [4.62610280699e-24, 4.7877822161e-24, 3.70786161357e-24, 1.87031726216e-23, 1.24220656679e-23, 1.16712886006e-23, 4.74147568653e-24, 2.10991514501e-23, 1.44055751614e-23, 6.97200868947e-24, 3.42594560301e-24, 3.93917259149e-24, 6.03403098505e-24, 5.72904079302e-24, 1.1677082784e-23, 8.40889989567e-24, 1.98410271691e-23, 1.14793500649e-23, 1.21696065124e-23, 8.25492923532e-24, 9.66745331702e-24, 7.95315996236e-24, 9.22264699586e-24, 6.61613657461e-24, 1.17475454177e-23, 1.09848533953e-23, 1.125152388e-23, 9.59444029594e-24, 1.4992413522e-23, 1.03821139655e-23, 1.02965856662e-23, 1.0966088761e-23, 1.15950349389e-23, 1.0258157096e-23, 5.6526830017e-24, 1.07576180673e-23, 1.060860382e-23, 1.20682986284e-23, 1.22594475143e-23, 1.13700186766e-23],
        "var": [8.12186317489e-06, 1.05958770291e-05, 3.34784976985e-06, 1.82514622793e-06, 8.24524192922e-07, 1.57750847052e-07, 2.32728805116e-08, 2.32477344042e-08, 4.25070183496e-08, 6.12031811897e-08, 1.88743083385e-08, 4.03276700922e-09, 3.68772923309e-09, 3.97109456429e-09, 2.41415021307e-09, 3.29521609999e-09, 3.15953996299e-09, 8.08427191856e-09, 3.42101369455e-09, 5.86234794042e-09, 4.85560747165e-09, 9.08965847035e-10, 1.0592459132e-09, 6.93957724618e-10, 4.38900527033e-10, 2.95385438331e-10, 6.03588901082e-10, 6.17081497012e-10, 1.0586370669e-09, 7.2678479901e-10, 1.42579906215e-10, 5.85334211656e-11, 8.25062032583e-11, 5.83041462332e-11, 3.14032307103e-11, 1.66182449746e-11, 2.11330033334e-11, 3.30452228081e-11, 2.26065312303e-11, 2.23743020639e-11]
    },
    "mfcc": {
        "mean": [-687.922729492, 106.501350403, 13.1797056198, 60.2925300598, 14.9786634445, 13.1395082474, 8.51519298553, 3.7423453331, 5.19199705124, 2.8704533577, -2.35934877396, -1.16922390461, -4.66548490524],
        "cov": [[18955.2070312, -2102.29150391, -1391.90136719, -1105.26184082, -940.778259277, -308.192932129, -553.138977051, -276.417724609, -237.455307007, 14.7002782822, -197.343307495, 63.2966651917, -134.166046143], [-2102.29150391, 1581.25195312, -110.702316284, 450.20980835, 120.931816101, 59.3039970398, 169.055908203, 30.1614074707, 108.920959473, 4.64371585846, 37.9727516174, -7.78769493103, -4.64010715485], [-1391.90136719, -110.702316284, 791.937561035, 11.2700281143, 126.706001282, 11.1906814575, -54.9722328186, 31.4124145508, -63.9362258911, -52.6502761841, 22.1428871155, -24.3213806152, 18.390335083], [-1105.26184082, 450.20980835, 11.2700281143, 676.692993164, 112.158027649, 63.7132110596, 39.7354507446, 45.0168190002, 47.2058563232, 18.8452854156, 39.7769012451, 10.2805871964, 36.1702308655], [-940.778259277, 120.931816101, 126.706001282, 112.158027649, 204.789886475, 14.8536682129, 34.147819519, 21.2212772369, 28.1608009338, 2.18875622749, -1.63864123821, -6.42509126663, 10.1921157837], [-308.192932129, 59.3039970398, 11.1906814575, 63.7132110596, 14.8536682129, 144.977416992, 31.9268608093, 12.5069036484, -18.4612598419, -8.1626033783, 5.89495515823, -7.08615541458, 14.6446428299], [-553.138977051, 169.055908203, -54.9722328186, 39.7354507446, 34.147819519, 31.9268608093, 149.95501709, 14.5013360977, 33.3589134216, 23.7992839813, 7.32966327667, 3.55369400978, -2.93343091011], [-276.417724609, 30.1614074707, 31.4124145508, 45.0168190002, 21.2212772369, 12.5069036484, 14.5013360977, 81.4971008301, 24.848657608, 6.99485492706, 15.2829866409, 3.81634378433, 13.4459171295], [-237.455307007, 108.920959473, -63.9362258911, 47.2058563232, 28.1608009338, -18.4612598419, 33.3589134216, 24.848657608, 96.5195083618, 26.904302597, 6.57303380966, 7.87995862961, -7.22110080719], [14.7002782822, 4.64371585846, -52.6502761841, 18.8452854156, 2.18875622749, -8.1626033783, 23.7992839813, 6.99485492706, 26.904302597, 73.4651565552, 28.4110355377, 9.00852870941, -3.01110553741], [-197.343307495, 37.9727516174, 22.1428871155, 39.7769012451, -1.63864123821, 5.89495515823, 7.32966327667, 15.2829866409, 6.57303380966, 28.4110355377, 67.5555801392, 13.8507509232, 6.55865287781], [63.2966651917, -7.78769493103, -24.3213806152, 10.2805871964, -6.42509126663, -7.08615541458, 3.55369400978, 3.81634378433, 7.87995862961, 9.00852870941, 13.8507509232, 52.5107803345, 11.6338691711], [-134.166046143, -4.64010715485, 18.390335083, 36.1702308655, 10.1921157837, 14.6446428299, -2.93343091011, 13.4459171295, -7.22110080719, -3.01110553741, 6.55865287781, 11.6338691711, 50.2869491577]],
