{
"lowlevel": {
    "average_loudness": 0.97276198864,
    "barkbands_crest": {
        "dmean": 2.40402245522,
        "dmean2": 4.10540342331,
        "dvar": 4.96846342087,
        "dvar2": 13.4086103439,
        "max": 22.6334381104,
        "mean": 8.22784900665,
        "median": 7.65006113052,
        "min": 2.90630793571,
        "var": 10.2146863937
    },
    "barkbands_flatness_db": {
        "dmean": 0.0183115191758,
        "dmean2": 0.0272267200053,
        "dvar": 0.000305467285216,
        "dvar2": 0.000626917637419,
        "max": 0.26031383872,
        "mean": 0.0860880166292,
        "median": 0.082937926054,
        "min": 0.0226098410785,
        "var": 0.000979023519903
    },
    "barkbands_kurtosis": {
        "dmean": 1.69636785984,
        "dmean2": 2.68654179573,
        "dvar": 5.96969270706,
        "dvar2": 14.4523553848,
        "max": 27.455160141,
        "mean": 2.02447247505,
        "median": 0.94923377037,
        "min": -1.88077807426,
        "var": 14.1172056198
    },
    "barkbands_skewness": {
        "dmean": 0.437216520309,
        "dmean2": 0.685991883278,
        "dvar": 0.189224481583,
        "dvar2": 0.44860163331,
        "max": 4.60818338394,
        "mean": 1.34103405476,
        "median": 1.26136314869,
        "min": -1.41282713413,
        "var": 0.695010244846
    },
    "barkbands_spread": {
        "dmean": 8.60104846954,
        "dmean2": 12.4032583237,
        "dvar": 115.823883057,
        "dvar2": 199.197052002,
        "max": 115.911209106,
        "mean": 36.0185203552,
        "median": 31.2783241272,
        "min": 3.83921504021,
        "var": 372.141845703
    },
    "dissonance": {
        "dmean": 0.0158835146576,
        "dmean2": 0.0262435488403,
        "dvar": 0.00020139895787,
        "dvar2": 0.00051122403238,
        "max": 0.499968528748,
        "mean": 0.467894762754,
        "median": 0.472267508507,
        "min": 0.359543502331,
        "var": 0.000422708864789
    },
    "dynamic_complexity": 2.37129378319,
    "erbbands_crest": {
        "dmean": 2.59681606293,
        "dmean2": 4.14144897461,
        "dvar": 5.9329533577,
        "dvar2": 14.2448196411,
        "max": 21.804189682,
        "mean": 8.66653633118,
        "median": 7.8887591362,
        "min": 2.41128730774,
        "var": 15.6638240814
    },
    "erbbands_flatness_db": {
        "dmean": 0.0161689072847,
        "dmean2": 0.022389261052,
        "dvar": 0.000224486779189,
        "dvar2": 0.000432538014138,
        "max": 0.216768175364,
        "mean": 0.108846098185,
        "median": 0.106638662517,
        "min": 0.0445369891822,
        "var": 0.000790336926002
    },
    "erbbands_kurtosis": {
        "dmean": 0.704654633999,
        "dmean2": 1.0730124712,
        "dvar": 0.592523038387,
        "dvar2": 1.3729954958,
        "max": 6.5754699707,
        "mean": 0.226331546903,
        "median": -0.170960426331,
        "min": -1.68587613106,
        "var": 1.77626204491
    },
    "erbbands_skewness": {
        "dmean": 0.326450914145,
        "dmean2": 0.490096002817,
        "dvar": 0.0973167568445,
        "dvar2": 0.213971152902,
        "max": 2.36598467827,
        "mean": 0.244327649474,
        "median": 0.21949236095,
        "min": -1.9160284996,
        "var": 0.400109708309
    },
    "erbbands_spread": {
        "dmean": 10.0402364731,
        "dmean2": 14.6551179886,
        "dvar": 98.4386367798,
        "dvar2": 214.065185547,
        "max": 114.677139282,
        "mean": 48.3942527771,
        "median": 46.7068252563,
        "min": 11.6874856949,
        "var": 379.515197754
    },
    "hfc": {
        "dmean": 13.105052948,
        "dmean2": 18.575056076,
        "dvar": 286.4140625,
        "dvar2": 632.320251465,
        "max": 159.120559692,
        "mean": 38.8028793335,
        "median": 32.9238052368,
        "min": 2.35918250269e-07,
        "var": 768.624206543
    },
    "melbands_crest": {
        "dmean": 3.05499267578,
        "dmean2": 5.23699855804,
        "dvar": 6.85108232498,
        "dvar2": 19.3766441345,
        "max": 30.0124530792,
        "mean": 11.9232378006,
        "median": 11.4636631012,
        "min": 4.83312797546,
        "var": 13.5849695206
    },
    "melbands_flatness_db": {
        "dmean": 0.0249560717493,
        "dmean2": 0.0382748804986,
        "dvar": 0.000547913077753,
        "dvar2": 0.00118724128697,
        "max": 0.360050648451,
        "mean": 0.161447420716,
        "median": 0.157996505499,
        "min": 0.0341996401548,
        "var": 0.00183436030056
    },
    "melbands_kurtosis": {
        "dmean": 5.3000292778,
        "dmean2": 8.56632900238,
        "dvar": 48.9571495056,
        "dvar2": 130.47946167,
        "max": 89.0034484863,
        "mean": 11.4813585281,
        "median": 8.34349155426,
        "min": -1.43993020058,
        "var": 121.416244507
    },
    "melbands_skewness": {
        "dmean": 0.625841200352,
        "dmean2": 0.992733836174,
        "dvar": 0.398186564445,
        "dvar2": 1.0174652338,
        "max": 8.48810386658,
        "mean": 2.6947016716,
        "median": 2.59342646599,
        "min": 0.131983414292,
        "var": 1.42987895012
    },
    "melbands_spread": {
        "dmean": 8.80769348145,
        "dmean2": 13.9951887131,
        "dvar": 139.222305298,
        "dvar2": 338.963439941,
        "max": 179.399978638,
        "mean": 29.8876190186,
        "median": 26.4893264771,
        "min": 3.12445068359,
        "var": 309.601928711
    },
    "pitch_salience": {
        "dmean": 0.0652203783393,
        "dmean2": 0.106949299574,
        "dvar": 0.00314810615964,
        "dvar2": 0.00817938242108,
        "max": 0.794284284115,
        "mean": 0.55457508564,
        "median": 0.549811184406,
        "min": 0.296688258648,
        "var": 0.00700419861823
    },
    "silence_rate_20dB": {
        "dmean": 0,
        "dmean2": 0,
        "dvar": 0,
        "dvar2": 0,
        "max": 1,
        "mean": 1,
        "median": 1,
        "min": 1,
        "var": 0
    },
    "silence_rate_30dB": {
        "dmean": 0,
        "dmean2": 0,
        "dvar": 0,
        "dvar2": 0,
        "max": 1,
        "mean": 1,
        "median": 1,
        "min": 1,
        "var": 0
    },
    "silence_rate_60dB": {
        "dmean": 0.0030959751457,
        "dmean2": 0.00619674660265,
        "dvar": 0.00308637158014,
        "dvar2": 0.00925670191646,
        "max": 1,
        "mean": 0.0340293906629,
        "median": 0,
        "min": 0,
        "var": 0.0328711569309
    },
    "spectral_centroid": {
        "dmean": 299.443145752,
        "dmean2": 452.124328613,
        "dvar": 167256.328125,
        "dvar2": 283766.78125,
        "max": 11015.3349609,
        "mean": 1540.66333008,
        "median": 1463.41369629,
        "min": 342.986999512,
        "var": 400545.625
    },
    "spectral_complexity": {
        "dmean": 4.73529434204,
        "dmean2": 6.82416725159,
        "dvar": 23.6437339783,
        "dvar2": 44.8020362854,
        "max": 63,
        "mean": 22.8894042969,
        "median": 22,
        "min": 0,
        "var": 88.4249725342
    },
    "spectral_decrease": {
        "dmean": 2.35594121989e-09,
        "dmean2": 3.88033960519e-09,
        "dvar": 8.56792272275e-18,
        "dvar2": 2.15736479252e-17,
        "max": -5.44728584099e-18,
        "mean": -8.27289969862e-09,
        "median": -7.49447437443e-09,
        "min": -3.00556273203e-08,
        "var": 1.93569246519e-17
    },
    "spectral_energy": {
        "dmean": 0.00942745618522,
        "dmean2": 0.0154116237536,
        "dvar": 0.000135624984978,
        "dvar2": 0.000340246013366,
        "max": 0.121907159686,
        "mean": 0.0347434319556,
        "median": 0.0319658704102,
        "min": 4.19578330413e-11,
        "var": 0.000309408846078
    },
    "spectral_energyband_high": {
        "dmean": 0.00123785203323,
        "dmean2": 0.00172425899655,
        "dvar": 2.97592941934e-06,
        "dvar2": 6.07708625466e-06,
        "max": 0.0171593893319,
        "mean": 0.00253532058559,
        "median": 0.00152219855227,
        "min": 1.32704984154e-11,
        "var": 7.9785077105e-06
    },
    "spectral_energyband_low": {
        "dmean": 0.00571296038106,
        "dmean2": 0.00980182457715,
        "dvar": 6.80942539475e-05,
        "dvar2": 0.00018374613137,
        "max": 0.0707266703248,
        "mean": 0.0115390606225,
        "median": 0.0095693282783,
        "min": 1.13039976685e-11,
        "var": 8.71217853273e-05
    },
    "spectral_energyband_middle_high": {
        "dmean": 0.00193263858091,
        "dmean2": 0.00285355653614,
        "dvar": 6.96976940162e-06,
        "dvar2": 1.62434134836e-05,
        "max": 0.0426850579679,
        "mean": 0.00733512081206,
        "median": 0.00526028685272,
        "min": 4.08509554309e-12,
        "var": 3.46404995071e-05
    },
    "spectral_energyband_middle_low": {
        "dmean": 0.00548373349011,
        "dmean2": 0.00900458358228,
        "dvar": 5.20210669492e-05,
        "dvar2": 0.000124342011986,
        "max": 0.0741764456034,
        "mean": 0.0148699730635,
        "median": 0.0107759740204,
        "min": 6.35237565674e-12,
        "var": 0.000138957009767
    },
    "spectral_entropy": {
        "dmean": 0.181442216039,
        "dmean2": 0.235986500978,
        "dvar": 0.0341785699129,
        "dvar2": 0.0531310625374,
        "max": 9.81253910065,
        "mean": 7.89207601547,
        "median": 7.88794755936,
        "min": 6.27130699158,
        "var": 0.12082824111
    },
    "spectral_flux": {
        "dmean": 0.0252736508846,
        "dmean2": 0.0380751118064,
        "dvar": 0.000660952238832,
        "dvar2": 0.00153180223424,
        "max": 0.257765769958,
        "mean": 0.0970698446035,
        "median": 0.0925724506378,
        "min": 1.35352238431e-05,
        "var": 0.00177274853922
    },
    "spectral_kurtosis": {
        "dmean": 0.845391333103,
        "dmean2": 1.19936907291,
        "dvar": 0.873695373535,
        "dvar2": 1.67444324493,
        "max": 12.4754505157,
        "mean": 2.6226079464,
        "median": 2.44224262238,
        "min": -1.16384291649,
        "var": 2.54835867882
    },
    "spectral_rms": {
        "dmean": 0.000747685378883,
        "dmean2": 0.00121034646872,
        "dvar": 6.72069290886e-07,
        "dvar2": 1.65602898505e-06,
        "max": 0.010905678384,
        "mean": 0.00559530686587,
        "median": 0.00558446208015,
        "min": 2.02322681275e-07,
        "var": 2.58853310697e-06
    },
    "spectral_rolloff": {
        "dmean": 853.829833984,
        "dmean2": 1361.16357422,
        "dvar": 2297467.75,
        "dvar2": 4154781.25,
        "max": 16020.703125,
        "mean": 2236.72143555,
        "median": 1421.19140625,
        "min": 150.732421875,
        "var": 5604330
    },
    "spectral_skewness": {
        "dmean": 0.17811781168,
        "dmean2": 0.239793494344,
        "dvar": 0.0342247150838,
        "dvar2": 0.0588569976389,
        "max": 2.50841259956,
        "mean": 1.39791846275,
        "median": 1.41221654415,
        "min": 0.000234129853197,
        "var": 0.118568368256
    },
    "spectral_spread": {
        "dmean": 788991.125,
        "dmean2": 1037030.125,
        "dvar": 1.55787526144e+12,
        "dvar2": 1.89988732928e+12,
        "max": 39101464,
        "mean": 6727327.5,
        "median": 6378347,
        "min": 2945367.75,
        "var": 4.225171456e+12
    },
    "spectral_strongpeak": {
        "dmean": 0.676480948925,
        "dmean2": 1.19419038296,
        "dvar": 1.28527498245,
        "dvar2": 3.39444160461,
        "max": 9.42523384094,
        "mean": 1.00822389126,
        "median": 0.35229164362,
        "min": 0,
        "var": 1.80714476109
    },
    "zerocrossingrate": {
        "dmean": 0.0184662528336,
        "dmean2": 0.0206556972116,
        "dvar": 0.000432632834418,
        "dvar2": 0.000441942363977,
        "max": 0.42138671875,
        "mean": 0.0930902734399,
        "median": 0.08203125,
        "min": 0.0087890625,
        "var": 0.00224509020336
    },
    "barkbands": {
        "dmean": [0.000187057332369, 0.00406618556008, 0.0021292376332, 0.00149817531928, 0.00254815584049, 0.00233074091375, 0.00104765046854, 0.000316879566526, 0.000663955172058, 0.000670609646477, 0.000533133861609, 0.000422380369855, 0.000438363465946, 0.000268823554507, 0.000430523621617, 0.000338078738423, 0.00028062358615, 0.000205038799322, 0.000259082444245, 0.000190596023458, 0.00020121045236, 0.000192353647435, 0.000230228382861, 0.000270205491688, 0.000304793968098, 0.000136846967507, 6.11585128354e-05],
        "dmean2": [0.00030567709473, 0.00710843224078, 0.00364771718159, 0.00244224071503, 0.00422318186611, 0.0038238291163, 0.00161385501269, 0.000522507063579, 0.00105413980782, 0.000978199997917, 0.000817790103611, 0.000658947275952, 0.000701481942087, 0.000419233576395, 0.000638891651761, 0.000525062496308, 0.000416347320424, 0.000315578654408, 0.000415626418544, 0.000290014606435, 0.000306730304146, 0.000291195639875, 0.000336833618348, 0.000398474279791, 0.000439357740106, 0.000201101735001, 0.000105795392301],
        "dvar": [6.19731750362e-08, 2.78932693618e-05, 1.62090800586e-05, 4.01148054152e-06, 1.99931801035e-05, 2.06279437407e-05, 4.51670666735e-06, 1.25303677123e-06, 1.15871375783e-06, 1.64916048107e-06, 8.14586655906e-07, 1.21701930311e-06, 8.73621843311e-07, 2.92376540756e-07, 7.2244807825e-07, 3.76374060806e-07, 3.46835776099e-07, 1.7292342136e-07, 1.57005260348e-07, 7.3642475229e-08, 7.09146874556e-08, 9.42706037677e-08, 1.87355382764e-07, 2.77888460687e-07, 2.77422657291e-07, 6.49809024367e-08, 1.93614546617e-08],
        "dvar2": [1.56272264462e-07, 8.29015334602e-05, 4.04988786613e-05, 1.00542565633e-05, 4.81959214085e-05, 5.26630938111e-05, 1.04287537397e-05, 3.31835576617e-06, 2.70705254479e-06, 3.05076741824e-06, 2.17915294343e-06, 2.60892943516e-06, 2.09672862184e-06, 6.81145309045e-07, 1.51554149852e-06, 8.24320636639e-07, 7.01615306298e-07, 3.93159979239e-07, 3.97180997425e-07, 1.64946001746e-07, 1.62216693411e-07, 2.16028311684e-07, 3.93640505081e-07, 6.2964920744e-07, 5.3906165931e-07, 1.31000689407e-07, 5.40859979026e-08],
        "max": [0.00241745193489, 0.0390515774488, 0.0413019619882, 0.0204240866005, 0.0473926588893, 0.0593979395926, 0.0266495328397, 0.026217693463, 0.0120420372114, 0.020887857303, 0.0179216377437, 0.0187001805753, 0.0121272196993, 0.00666166096926, 0.0135551514104, 0.00839286204427, 0.00924500264227, 0.0106810843572, 0.00486140092835, 0.00398107292131, 0.00257494160905, 0.00384174031205, 0.00595489935949, 0.00894053746015, 0.00820641126484, 0.00379858352244, 0.00117303268053],
        "mean": [0.000298147264402, 0.006881210953, 0.00318906875327, 0.00231684767641, 0.00427798368037, 0.00426218938082, 0.00169128004927, 0.000537527026609, 0.00116187776439, 0.00153236160986, 0.000998356961645, 0.000860875530634, 0.000843159563374, 0.000443679047748, 0.000831362791359, 0.000597655132879, 0.000481896830024, 0.000353493407601, 0.000479204347357, 0.000352597795427, 0.00033909935155, 0.000281457963865, 0.000364574807463, 0.000513880164362, 0.000585907313507, 0.000217790788156, 4.99367415614e-05],
        "median": [0.000149338375195, 0.0055044637993, 0.00218958826736, 0.00164507969748, 0.00221852958202, 0.0019400655292, 0.000470097817015, 0.000304338114802, 0.000610184157267, 0.00036874320358, 0.000626811874099, 0.000381270830985, 0.00035140971886, 0.000183547716006, 0.00027656214661, 0.000311855634209, 0.000245161529165, 0.000195458371309, 0.000300540705211, 0.000222732371185, 0.000208882804145, 0.000121738361486, 0.000155878136866, 0.000259332504356, 0.000307784037432, 8.25656970846e-05, 1.15797993203e-05],
        "min": [8.56605585076e-12, 6.36217207389e-12, 1.47090632317e-13, 1.7575008289e-12, 3.28688617122e-12, 3.88039291454e-13, 3.08553529949e-13, 1.27150663587e-13, 3.06742559955e-13, 1.1469685336e-13, 6.65438461712e-13, 1.44255768897e-13, 2.02241611587e-13, 2.46421914991e-13, 2.48468075541e-13, 7.5016289838e-13, 8.60701158782e-13, 2.9087986902e-13, 4.86992987169e-13, 2.48706572914e-13, 7.5968522922e-13, 7.53587513572e-13, 1.54512188634e-12, 1.41268854253e-12, 1.91041648646e-12, 3.16686997806e-12, 4.91636809388e-12],
        "var": [1.38522537441e-07, 3.35181211994e-05, 1.69793693203e-05, 5.53422069061e-06, 3.52334791387e-05, 4.68268190161e-05, 8.62264460011e-06, 1.36367759751e-06, 2.12955546885e-06, 7.6480282587e-06, 1.30203318349e-06, 3.24298343912e-06, 2.24333575716e-06, 6.12128417288e-07, 2.44744251177e-06, 7.6285277828e-07, 6.83874020524e-07, 3.82721623282e-07, 2.95738374234e-07, 1.46694148384e-07, 1.31250516233e-07, 1.72806920773e-07, 4.04864294978e-07, 5.99278507707e-07, 8.03969101071e-07, 1.71488338196e-07, 1.35300641801e-08]
    },
    "erbbands": {
        "dmean": [0.135889157653, 0.906060159206, 2.16712522507, 3.73122644424, 7.45889902115, 9.44671630859, 9.67969703674, 23.8275108337, 18.8523826599, 7.3127450943, 7.13825559616, 16.730632782, 18.728811264, 16.8649997711, 23.5293941498, 17.8830852509, 20.157579422, 12.0213899612, 22.2820053101, 18.25532341, 16.2032318115, 12.7142810822, 10.901925087, 12.2625799179, 11.8620071411, 8.9987077713, 9.84382629395, 6.3036813736, 6.64587879181, 7.20028066635, 6.87490415573, 5.02611160278, 5.27523756027, 3.86569547653, 1.98923516273, 0.726391732693, 0.226568356156, 0.12665809691, 0.00366861792281, 7.82822098699e-05],
        "dmean2": [0.242087721825, 1.57752752304, 3.70316886902, 6.20984125137, 12.7421560287, 15.5127763748, 15.1944684982, 39.8465309143, 29.2755413055, 11.859454155, 11.466126442, 26.2261142731, 27.4815311432, 24.9256191254, 36.8830184937, 26.6833972931, 31.096830368, 18.8334121704, 32.6616020203, 27.3294048309, 24.0851726532, 19.178943634, 16.7124843597, 19.3561878204, 19.0061130524, 13.6303310394, 15.5520381927, 9.42852973938, 10.2120695114, 10.4936676025, 10.1179456711, 7.48790836334, 7.83303976059, 5.57700872421, 2.90167498589, 1.07091295719, 0.334292590618, 0.211519315839, 0.00617787102237, 0.000125895414385],
        "dvar": [0.0347991660237, 1.39272499084, 15.6233930588, 31.4176635742, 149.727127075, 362.858215332, 557.890808105, 2369.61157227, 1510.23620605, 249.117263794, 744.71673584, 611.896728516, 1607.76049805, 1064.02966309, 1406.50073242, 2321.42260742, 1651.61010742, 511.839447021, 2136.63500977, 1024.13952637, 979.237915039, 835.56829834, 466.167144775, 338.432312012, 445.632110596, 172.361251831, 187.817779541, 70.3034057617, 103.473625183, 210.786697388, 162.934509277, 86.3483963013, 116.41394043, 51.3926582336, 13.2619104385, 2.25965118408, 0.17528912425, 0.0637086704373, 5.45020411664e-05, 1.86952444636e-08],
        "dvar2": [0.10587079823, 4.05274152756, 39.553817749, 80.2925033569, 397.632965088, 831.101928711, 1264.05883789, 6333.19287109, 3367.24584961, 612.34375, 1942.83825684, 1343.83837891, 2960.03027344, 2152.32739258, 3417.10571289, 5022.16503906, 4082.98730469, 1243.88623047, 4309.43408203, 2511.29394531, 2002.83947754, 1880.89331055, 1053.74169922, 818.041259766, 1168.87658691, 389.471496582, 437.951965332, 157.5415802, 252.267227173, 445.358428955, 364.523193359, 205.268951416, 257.217773438, 104.18396759, 26.8303222656, 4.51292467117, 0.355753332376, 0.17374008894, 0.000148696766701, 4.98586985032e-08],
        "max": [1.43917572498, 9.88018321991, 39.0341758728, 60.596206665, 109.815505981, 236.645767212, 466.195922852, 700.390258789, 497.597503662, 229.892150879, 611.80279541, 286.582183838, 638.102478027, 828.340576172, 609.591308594, 879.047851562, 660.622009277, 261.102264404, 834.371032715, 514.701416016, 534.92755127, 590.777587891, 497.237243652, 267.131408691, 327.124725342, 210.862991333, 174.055465698, 77.546836853, 118.626548767, 241.333816528, 173.101776123, 162.341690063, 207.562301636, 112.587364197, 67.5439758301, 22.852897644, 7.1361913681, 2.04565215111, 0.0527144223452, 0.00102491420694],
        "mean": [0.207261458039, 1.5064688921, 3.33961367607, 6.50696229935, 11.1261959076, 14.9217281342, 19.6807060242, 40.0414085388, 33.6570129395, 12.5874376297, 12.1415128708, 31.2754077911, 43.0606498718, 36.6098899841, 49.4076881409, 39.6368141174, 42.9315643311, 23.1163654327, 42.3914375305, 36.7687759399, 31.5027828217, 23.1170043945, 21.0737304688, 23.3385601044, 21.2478256226, 17.0679283142, 16.8545036316, 10.4998941422, 9.59582710266, 10.4461631775, 10.8422212601, 8.97035980225, 9.87583732605, 7.37866067886, 3.53525733948, 1.21524834633, 0.346329927444, 0.121598780155, 0.00341232167557, 0.000123512654682],
        "median": [0.153914496303, 1.23211801052, 2.24826264381, 5.06515026093, 6.93687534332, 6.48627996445, 7.70206069946, 19.101940155, 11.2963132858, 7.12520217896, 5.91900539398, 17.8158969879, 13.4992599487, 14.7767057419, 33.4804534912, 17.1319465637, 18.4503593445, 13.5499544144, 14.6874303818, 19.9592666626, 17.3255825043, 11.8597335815, 12.1536502838, 14.5517749786, 12.837515831, 10.3473558426, 10.6528844833, 6.84291744232, 4.11874008179, 3.74765872955, 4.87123632431, 4.57537603378, 4.91960144043, 3.95847940445, 1.57697272301, 0.415765881538, 0.13483209908, 0.0439018495381, 0.00119257171173, 8.14587256173e-05],
        "min": [3.66900482218e-10, 7.89812548696e-10, 3.86466553204e-10, 2.65772803765e-09, 1.07321653786e-08, 9.97312277207e-09, 5.07213870904e-09, 3.9066385682e-09, 4.38571134964e-09, 7.52938777993e-09, 3.36609962126e-09, 6.24767038104e-09, 5.26733634487e-09, 1.11057545382e-08, 2.56389753872e-08, 6.60182886136e-09, 8.40472491603e-09, 1.48709080605e-08, 1.30293074108e-08, 2.13214157441e-08, 4.04012006072e-08, 4.58967761574e-08, 1.72091834116e-08, 2.07918589012e-08, 2.42527633532e-08, 1.30813813115e-08, 3.59508121051e-08, 2.1965901098e-08, 2.96636226693e-08, 3.32216139043e-08, 4.22191703819e-08, 3.24795692563e-08, 2.21860378957e-08, 1.20770460299e-08, 1.91044140507e-08, 1.11475078057e-08, 5.39802647026e-09, 2.96100699515e-09, 6.37238484202e-10, 6.89420118216e-11],
        "var": [0.0391644388437, 1.66168940067, 16.7888889313, 35.5454864502, 179.98928833, 665.995117188, 1938.60424805, 4285.32519531, 3288.49389648, 340.469177246, 878.301452637, 1345.03088379, 6410.24267578, 5078.37792969, 3115.39306641, 6784.68115234, 5380.71728516, 1021.25378418, 6907.08105469, 2586.8425293, 2326.62548828, 1393.93798828, 1155.78979492, 802.487304688, 648.974365234, 355.976928711, 347.496246338, 123.601051331, 172.126358032, 413.698272705, 329.0184021, 166.339141846, 258.514831543, 131.41696167, 37.5460395813, 5.85891771317, 0.435922324657, 0.0517328307033, 4.34896574006e-05, 1.92235827257e-08]
    },
    "gfcc": {
        "mean": [56.4464378357, 61.38514328, -92.0375137329, 30.4737110138, -51.0266227722, 24.7250213623, -40.8870735168, 15.4624433517, -32.0993461609, 6.3509016037, -15.2275533676, 5.15218400955, -7.76062297821],
        "cov": [[7860.921875, -538.968383789, -154.572250366, 10.9214220047, -320.362030029, -22.9354171753, -138.569946289, 44.4502334595, -47.2668762207, 63.963760376, -4.33174371719, 79.5210113525, -54.896068573], [-538.968383789, 670.423828125, -193.411743164, -65.2021408081, 110.878303528, -59.8192405701, 29.5882568359, 1.54352998734, 2.64848542213, -19.0194625854, 54.8584671021, -61.30286026, 67.1947097778], [-154.572250366, -193.411743164, 336.519134521, 36.0648536682, -65.4875946045, 5.8486828804, -48.7627487183, 5.91201066971, 12.6342983246, -19.9369792938, -16.016368866, 55.9966621399, -42.9875297546], [10.9214220047, -65.2021408081, 36.0648536682, 194.322357178, 19.0618686676, -4.46081638336, -3.13074302673, -8.09923267365, 13.6253948212, -10.093744278, -27.6988315582, -4.99452638626, -23.2376365662], [-320.362030029, 110.878303528, -65.4875946045, 19.0618686676, 174.586517334, 11.6272134781, 32.4925460815, -10.1110277176, -1.14662575722, -0.203611627221, -24.4409313202, -34.0245933533, 1.13345813751], [-22.9354171753, -59.8192405701, 5.8486828804, -4.46081638336, 11.6272134781, 146.611297607, 28.3700866699, 1.00181829929, -12.3341960907, 13.5151491165, -15.5133304596, -23.2250442505, -2.38556051254], [-138.569946289, 29.5882568359, -48.7627487183, -3.13074302673, 32.4925460815, 28.3700866699, 126.629356384, -24.6223545074, -2.27847862244, 2.23432230949, -21.1882743835, -7.49200439453, -7.24686336517], [44.4502334595, 1.54352998734, 5.91201066971, -8.09923267365, -10.1110277176, 1.00181829929, -24.6223545074, 110.049606323, 6.36935472488, -14.4569072723, 12.032959938, 1.19435715675, 10.600438118], [-47.2668762207, 2.64848542213, 12.6342983246, 13.6253948212, -1.14662575722, -12.3341960907, -2.27847862244, 6.36935472488, 60.5088386536, 9.37545871735, -1.34394836426, 6.51428508759, -2.14565777779], [63.963760376, -19.0194625854, -19.9369792938, -10.093744278, -0.203611627221, 13.5151491165, 2.23432230949, -14.4569072723, 9.37545871735, 74.6891174316, 14.2463178635, -7.07350206375, 2.08333659172], [-4.33174371719, 54.8584671021, -16.016368866, -27.6988315582, -24.4409313202, -15.5133304596, -21.1882743835, 12.032959938, -1.34394836426, 14.2463178635, 84.302520752, 13.1307811737, 9.91335105896], [79.5210113525, -61.30286026, 55.9966621399, -4.99452638626, -34.0245933533, -23.2250442505, -7.49200439453, 1.19435715675, 6.51428508759, -7.07350206375, 13.1307811737, 75.3005142212, 0.257145285606], [-54.896068573, 67.1947097778, -42.9875297546, -23.2376365662, 1.13345813751, -2.38556051254, -7.24686336517, 10.600438118, -2.14565777779, 2.08333659172, 9.91335105896, 0.257145285606, 52.9512519836]],
        "icov": [[0.000160848925589, 8.1367623352e-05, 0.000280759413727, -2.52590798482e-05, 0.000287451257464, -2.29335887525e-06, 0.000213987717871, -8.27935509733e-05, 0.000152279259055, -0.000148639956024, 0.00017555586237, -0.000221075344598, 0.000300176150631], [8.1367623352e-05, 0.00279884994961, 0.000540845212527, 0.000563662615605, -0.00130399130285, 0.00124019081704, -0.000640057609417, 0.000369493616745, -0.000738471571822, 0.0015122591285, -0.00219508935697, 0.00214901310392, -0.002547606593], [0.000280759413727, 0.000540845212527, 0.00518131395802, -0.000306794943754, 0.00129277177621, -0.000921336759347, 0.0022243373096, -0.000134012865601, -0.000475147215184, 0.000712058565114, 0.00129006209318, -0.00333566055633, 0.00366594083607], [-2.52590798482e-05, 0.000563662615605, -0.000306794943754, 0.00598585698754, -0.000958329648711, 0.000482797215227, 0.000326261710143, 0.000406278908486, -0.0014515343355, 0.000930523499846, 0.000892279553227, 0.000905331689864, 0.00137506239116], [0.000287451257464, -0.00130399130285, 0.00129277177621, -0.000958329648711, 0.00824277289212, -0.000635630451143, -0.000271547294687, -0.000179082155228, 0.00047619160614, -0.000868012662977, 0.00288135604933, 0.000482575036585, 0.00188698922284], [-2.29335887525e-06, 0.00124019081704, -0.000921336759347, 0.000482797215227, -0.000635630451143, 0.00869219843298, -0.00240120431408, -0.000729101593606, 0.00151743774768, -0.00129708519671, -2.2711667043e-05, 0.00365259242244, -0.00179068837315], [0.000213987717871, -0.000640057609417, 0.0022243373096, 0.000326261710143, -0.000271547294687, -0.00240120431408, 0.0105819264427, 0.00154451234266, -8.64357789396e-05, -0.000196930544917, 0.00292536313646, -0.00274754595011, 0.00348962284625], [-8.27935509733e-05, 0.000369493616745, -0.000134012865601, 0.000406278908486, -0.000179082155228, -0.000729101593606, 0.00154451234266, 0.010415748693, -0.00203537056223, 0.00305235339329, -0.00185983383562, 0.00099231430795, -0.00224720290862], [0.000152279259055, -0.000738471571822, -0.000475147215184, -0.0014515343355, 0.00047619160614, 0.00151743774768, -8.64357789396e-05, -0.00203537056223, 0.0185954365879, -0.0042190249078, 0.00181624793913, -0.0021236196626, 0.00111583713442], [-0.000148639956024, 0.0015122591285, 0.000712058565114, 0.000930523499846, -0.000868012662977, -0.00129708519671, -0.000196930544917, 0.00305235339329, -0.0042190249078, 0.0167809724808, -0.00466447742656, 0.00282069342211, -0.00173620670103], [0.00017555586237, -0.00219508935697, 0.00129006209318, 0.000892279553227, 0.00288135604933, -2.2711667043e-05, 0.00292536313646, -0.00185983383562, 0.00181624793913, -0.00466447742656, 0.016976762563, -0.00482035288587, 0.00221862737089], [-0.000221075344598, 0.00214901310392, -0.00333566055633, 0.000905331689864, 0.000482575036585, 0.00365259242244, -0.00274754595011, 0.00099231430795, -0.0021236196626, 0.00282069342211, -0.00482035288587, 0.0201658234, -0.00507993251085], [0.000300176150631, -0.002547606593, 0.00366594083607, 0.00137506239116, 0.00188698922284, -0.00179068837315, 0.00348962284625, -0.00224720290862, 0.00111583713442, -0.00173620670103, 0.00221862737089, -0.00507993251085, 0.0265381876379]]
    },
    "melbands": {
        "dmean": [0.00114772678353, 0.00108687125612, 0.000716038572136, 0.000610588293057, 0.000336601224262, 0.000502259761561, 0.000265100010438, 7.36291331123e-05, 6.08215159446e-05, 0.000111245150038, 9.41572798183e-05, 7.27034348529e-05, 7.46967780287e-05, 5.19008608535e-05, 5.08625926159e-05, 3.59848017979e-05, 2.47256684816e-05, 3.70836096408e-05, 2.61212862824e-05, 2.80278072751e-05, 1.93941905309e-05, 1.5698833522e-05, 1.21453431348e-05, 9.16319640965e-06, 1.09091588456e-05, 9.85302540357e-06, 7.69646794652e-06, 6.02055661147e-06, 6.65095149088e-06, 5.26802523382e-06, 3.50140498995e-06, 3.86499732485e-06, 3.98010251956e-06, 4.13139605371e-06, 4.41088559455e-06, 3.33969819621e-06, 3.13348732561e-06, 3.75229251404e-06, 4.26931956099e-06, 3.20128356179e-06],
        "dmean2": [0.00202904967591, 0.0018634556327, 0.00117014034186, 0.0010283124866, 0.000531996425707, 0.000836553517729, 0.000412852008594, 0.000119743985124, 9.65292638284e-05, 0.000174817992956, 0.000138315343065, 0.000108177431684, 0.000115605136671, 7.81828639447e-05, 7.73609863245e-05, 5.5030312069e-05, 3.86887950299e-05, 5.57458261028e-05, 3.84678205592e-05, 4.359241575e-05, 2.86699814751e-05, 2.33628943533e-05, 1.83626871149e-05, 1.44607975017e-05, 1.75185577973e-05, 1.60001400218e-05, 1.21713401313e-05, 9.19365356822e-06, 1.05997442006e-05, 8.10479377833e-06, 5.39985876458e-06, 6.09957851339e-06, 6.07116180618e-06, 6.03258604315e-06, 6.62568982079e-06, 5.0274802561e-06, 4.81823826703e-06, 5.64067067899e-06, 6.48957120575e-06, 4.71114162792e-06],
        "dvar": [2.3051907192e-06, 3.06462470689e-06, 1.05712001641e-06, 1.21759978811e-06, 5.12675455866e-07, 1.01683860976e-06, 2.86688589313e-07, 2.59406647274e-08, 4.37847766932e-08, 2.91452764145e-08, 4.13980352221e-08, 2.11754542789e-08, 1.59518052101e-08, 1.1127890609e-08, 1.71146883332e-08, 4.02850242054e-09, 2.47244891227e-09, 5.78884851166e-09, 2.98119728903e-09, 2.30437113835e-09, 1.73965575279e-09, 1.3830183665e-09, 6.86252055182e-10, 3.87276932745e-10, 2.7819216375e-10, 3.02202679547e-10, 1.5069805126e-10, 8.23136767081e-11, 9.72462457782e-11, 5.15332290729e-11, 2.49209698017e-11, 3.42286546329e-11, 5.63249030749e-11, 7.27047866356e-11, 6.99269600557e-11, 4.17613200965e-11, 3.19335148602e-11, 6.53797571637e-11, 5.62186963649e-11, 4.23380323855e-11],
        "dvar2": [6.91172226652e-06, 8.07018386695e-06, 2.69177985501e-06, 2.98800841847e-06, 1.10641428819e-06, 2.65004155153e-06, 6.4356851226e-07, 6.50023181947e-08, 1.12542259956e-07, 6.47800177944e-08, 7.58565690262e-08, 4.18360350807e-08, 4.20753707431e-08, 2.12471640282e-08, 4.20537489276e-08, 9.10287401013e-09, 5.89101123438e-09, 1.15678782109e-08, 5.77173109306e-09, 5.67212232738e-09, 3.14396286782e-09, 2.99935054571e-09, 1.24349153197e-09, 9.78576775168e-10, 6.78018197142e-10, 7.83264342274e-10, 3.66900704263e-10, 1.92747290351e-10, 2.36066666215e-10, 1.21760462823e-10, 5.7197753478e-11, 8.29720389617e-11, 1.31138447323e-10, 1.52043697077e-10, 1.61352139982e-10, 9.6723372367e-11, 7.6854973774e-11, 1.52557119715e-10, 1.22376830891e-10, 9.00346186494e-11],
        "max": [0.0105113647878, 0.0158585049212, 0.00981258694082, 0.0129739390686, 0.0131877698004, 0.0138573981822, 0.00679277675226, 0.00231729191728, 0.00455086585134, 0.00197057146579, 0.00321877608076, 0.00358046893962, 0.00246137729846, 0.00200259243138, 0.00225339643657, 0.00100873236079, 0.000611522817053, 0.0013006614754, 0.00140467518941, 0.000599325750954, 0.000882181106135, 0.00071438663872, 0.000822206377052, 0.000364567385986, 0.000251217774348, 0.000256677099969, 0.000197381756152, 0.000128019033582, 0.000131831111503, 6.65646584821e-05, 6.17217228864e-05, 6.20154532953e-05, 0.000130216561956, 0.000144187142723, 0.000113609428809, 0.00010551091691, 9.5571478596e-05, 0.000141003052704, 0.000134177767904, 0.000105935672764],
        "mean": [0.00191214296501, 0.00189089740161, 0.00125410070177, 0.000981730874628, 0.000676450494211, 0.00088309700368, 0.000470822356874, 0.000123186051496, 0.000100360637589, 0.0002008699812, 0.000213635750697, 0.000147729806486, 0.000147225408, 0.000111372362881, 0.000102938029158, 7.31395193725e-05, 4.02134464821e-05, 6.53844472254e-05, 5.24280658283e-05, 5.13692757522e-05, 3.46666201949e-05, 2.59647204075e-05, 2.09383360925e-05, 1.58666352945e-05, 1.95922057173e-05, 1.62518081197e-05, 1.28935052999e-05, 1.07777996163e-05, 1.10368773676e-05, 8.37873085402e-06, 5.3045405366e-06, 5.38435688213e-06, 5.42860152564e-06, 5.84693952987e-06, 6.56096608509e-06, 5.3313101489e-06, 5.48878369955e-06, 6.62101365378e-06, 7.51631114326e-06, 5.79287507207e-06],
        "median": [0.00151019229088, 0.00147735187784, 0.000961870478932, 0.000515113119036, 0.000301520107314, 0.000408008607337, 0.000150971973198, 7.33944689273e-05, 4.44161378255e-05, 0.000110961256723, 5.68799187022e-05, 4.51480809716e-05, 9.13137992029e-05, 6.22130610282e-05, 3.7813482777e-05, 3.50655209331e-05, 1.75675468199e-05, 2.22704729822e-05, 1.84041746252e-05, 2.84577654384e-05, 1.71897827386e-05, 1.25324513647e-05, 1.11146637209e-05, 9.19328249438e-06, 1.21580478663e-05, 9.77174295258e-06, 7.20738171367e-06, 6.45918453301e-06, 6.74468219586e-06, 5.12956694365e-06, 3.37082792612e-06, 2.34396179621e-06, 2.05007722798e-06, 2.04939760806e-06, 2.75399679595e-06, 2.49573849942e-06, 2.82013957076e-06, 3.08061794385e-06, 4.06532990382e-06, 2.99515431834e-06],
        "min": [2.91846429835e-12, 4.46511480134e-13, 7.59812894026e-13, 7.69845396199e-13, 2.50599427277e-13, 8.60025483988e-14, 6.43057926786e-14, 8.17749730778e-14, 2.20875445348e-14, 4.59995844854e-14, 2.59885361386e-14, 3.69769658144e-14, 9.31007319307e-14, 2.84257142022e-14, 4.99766421891e-15, 3.21726017138e-14, 2.47063942249e-14, 1.94287623235e-14, 1.77216267106e-14, 5.09855016279e-14, 4.40089147579e-14, 5.30289753894e-14, 2.32098614958e-14, 1.5096232844e-14, 1.60628532909e-14, 2.21460033607e-14, 7.52046079626e-15, 8.24459603913e-15, 2.20543950534e-14, 1.89643714279e-14, 1.07770043229e-14, 1.8036904232e-14, 1.40884423607e-14, 2.064881164e-14, 2.1236513592e-14, 2.63249268033e-14, 1.84021888846e-14, 1.3426785115e-14, 1.52997138748e-14, 7.81558740388e-15],
        "var": [2.708368811e-06, 3.44278009834e-06, 1.29466661747e-06, 2.05294441002e-06, 1.69349993939e-06, 1.98103907678e-06, 6.16456986791e-07, 3.22845998824e-08, 5.58662094363e-08, 6.17036164385e-08, 1.67169403653e-07, 1.00067204301e-07, 2.8666377716e-08, 2.94716659965e-08, 4.64716123361e-08, 1.30791368846e-08, 4.92235852079e-09, 1.65361928595e-08, 1.07839666086e-08, 4.52972415133e-09, 4.25848645236e-09, 2.28971952509e-09, 1.5413580412e-09, 5.79803371981e-10, 6.27048524215e-10, 4.17468309921e-10, 2.49447990042e-10, 1.54398147045e-10, 1.72496086859e-10, 8.33242780329e-11, 3.8459367635e-11, 5.27259416683e-11, 9.84901049605e-11, 1.41663195063e-10, 1.28353980222e-10, 7.72798283699e-11, 6.11513270576e-11, 1.3048503944e-10, 1.2856508913e-10, 9.66704771788e-11]
    },
    "mfcc": {
        "mean": [-595.206420898, 98.751701355, 16.876537323, 15.5485286713, 15.6383981705, 5.01466321945, 11.0596990585, 1.86625778675, 1.62976825237, -0.885477185249, -5.48475265503, -0.673269629478, 2.36448693275],
        "cov": [[5606.03662109, -185.433181763, -32.156124115, -51.6127243042, -139.199447632, -87.5121383667, -79.4242095947, -57.3482971191, -59.3302536011, -12.6684122086, -69.6516036987, -20.0340023041, -7.99643754959], [-185.433181763, 633.521850586, -190.035629272, -18.9472332001, 38.0863189697, -57.7526321411, 60.8950691223, -42.9329414368, 25.2566375732, -9.26432609558, -11.3821325302, 14.2598438263, -7.4564242363], [-32.156124115, -190.035629272, 337.624572754, -19.1668701172, 4.38101005554, -15.2079143524, -60.9005470276, 33.0561218262, -34.8928222656, -37.0515594482, 25.2642555237, 7.92952108383, -3.48760104179], [-51.6127243042, -18.9472332001, -19.1668701172, 196.09576416, 18.4856777191, 14.7959909439, -30.026517868, 14.0495281219, 6.21779918671, -12.7615451813, 5.38208389282, 2.39614605904, 3.15046572685], [-139.199447632, 38.0863189697, 4.38101005554, 18.4856777191, 135.959625244, -24.9311847687, -0.919716536999, 5.38983869553, 6.16437339783, 8.6810131073, -6.23615026474, 11.2293481827, -0.99170678854], [-87.5121383667, -57.7526321411, -15.2079143524, 14.7959909439, -24.9311847687, 182.746170044, 23.5067195892, -2.89109730721, 15.6242427826, 21.9815196991, 11.0701570511, -29.9519691467, 5.6642947197], [-79.4242095947, 60.8950691223, -60.9005470276, -30.026517868, -0.919716536999, 23.5067195892, 106.552085876, 1.26697611809, 6.90354728699, 24.2957420349, -8.30913925171, 0.525908529758, -5.49699115753], [-57.3482971191, -42.9329414368, 33.0561218262, 14.0495281219, 5.38983869553, -2.89109730721, 1.26697611809, 94.4098815918, 13.8675718307, -13.4046115875, 5.28150510788, -2.48088216782, -2.93921852112], [-59.3302536011, 25.2566375732, -34.8928222656, 6.21779918671, 6.16437339783, 15.6242427826, 6.90354728699, 13.8675718307, 80.9573974609, 18.6514568329, -4.44626188278, -9.54008483887, -3.86222147942], [-12.6684122086, -9.26432609558, -37.0515594482, -12.7615451813, 8.6810131073, 21.9815196991, 24.2957420349, -13.4046115875, 18.6514568329, 83.7125091553, -5.53948783875, -8.34846591949, -3.84915971756], [-69.6516036987, -11.3821325302, 25.2642555237, 5.38208389282, -6.23615026474, 11.0701570511, -8.30913925171, 5.28150510788, -4.44626188278, -5.53948783875, 61.4581260681, 10.6547775269, -5.53092050552], [-20.0340023041, 14.2598438263, 7.92952108383, 2.39614605904, 11.2293481827, -29.9519691467, 0.525908529758, -2.48088216782, -9.54008483887, -8.34846591949, 10.6547775269, 62.6853370667, 14.5994987488], [-7.99643754959, -7.4564242363, -3.48760104179, 3.15046572685, -0.99170678854, 5.6642947197, -5.49699115753, -2.93921852112, -3.86222147942, -3.84915971756, -5.53092050552, 14.5994987488, 55.9224853516]],
