{
"lowlevel": {
    "average_loudness": 0.96330589056,
    "barkbands_crest": {
        "dmean": 3.13144946098,
        "dmean2": 5.20849323273,
        "dvar": 7.43279647827,
        "dvar2": 19.4136352539,
        "max": 24.2289180756,
        "mean": 9.62639045715,
        "median": 8.83763217926,
        "min": 2.71245241165,
        "var": 15.2501993179
    },
    "barkbands_flatness_db": {
        "dmean": 0.0257837492973,
        "dmean2": 0.0396713092923,
        "dvar": 0.000534747785423,
        "dvar2": 0.00124906108249,
        "max": 0.336475014687,
        "mean": 0.167401343584,
        "median": 0.159711435437,
        "min": 0.0746944770217,
        "var": 0.0022783416789
    },
    "barkbands_kurtosis": {
        "dmean": 3.34368181229,
        "dmean2": 5.26099967957,
        "dvar": 34.0058326721,
        "dvar2": 78.8825454712,
        "max": 86.5764923096,
        "mean": 3.91065573692,
        "median": 1.31914424896,
        "min": -1.93871319294,
        "var": 60.3566818237
    },
    "barkbands_skewness": {
        "dmean": 0.650218009949,
        "dmean2": 0.987445831299,
        "dvar": 0.453795731068,
        "dvar2": 0.994059562683,
        "max": 8.14728355408,
        "mean": 1.43533992767,
        "median": 1.23340344429,
        "min": -1.96478354931,
        "var": 1.39898777008
    },
    "barkbands_spread": {
        "dmean": 7.76062774658,
        "dmean2": 11.7876434326,
        "dvar": 100.893310547,
        "dvar2": 189.805755615,
        "max": 98.7864074707,
        "mean": 23.4596729279,
        "median": 20.0840072632,
        "min": 1.55263483524,
        "var": 282.395843506
    },
    "dissonance": {
        "dmean": 0.0229062158614,
        "dmean2": 0.0380833595991,
        "dvar": 0.00060511927586,
        "dvar2": 0.0015520156594,
        "max": 0.5,
        "mean": 0.461308062077,
        "median": 0.47119730711,
        "min": 0.267935812473,
        "var": 0.00115855887998
    },
    "dynamic_complexity": 1.81581246853,
    "erbbands_crest": {
        "dmean": 3.5255188942,
        "dmean2": 5.70814800262,
        "dvar": 10.5982942581,
        "dvar2": 25.8859367371,
        "max": 30.3114032745,
        "mean": 9.63132858276,
        "median": 8.68489074707,
        "min": 2.61943769455,
        "var": 21.8158855438
    },
    "erbbands_flatness_db": {
        "dmean": 0.0223486497998,
        "dmean2": 0.0325609184802,
        "dvar": 0.000447353813797,
        "dvar2": 0.000900146435015,
        "max": 0.340311020613,
        "mean": 0.188401043415,
        "median": 0.183835580945,
        "min": 0.0967739745975,
        "var": 0.00173096172512
    },
    "erbbands_kurtosis": {
        "dmean": 1.49747920036,
        "dmean2": 2.38818264008,
        "dvar": 5.31783246994,
        "dvar2": 13.1026945114,
        "max": 37.836315155,
        "mean": 0.963471353054,
        "median": 0.0222148895264,
        "min": -1.87718057632,
        "var": 8.48978328705
    },
    "erbbands_skewness": {
        "dmean": 0.521536707878,
        "dmean2": 0.791032373905,
        "dvar": 0.250935226679,
        "dvar2": 0.543273448944,
        "max": 4.45865821838,
        "mean": 0.365734577179,
        "median": 0.323329508305,
        "min": -3.54978680611,
        "var": 0.76449650526
    },
    "erbbands_spread": {
        "dmean": 11.8611907959,
        "dmean2": 18.1154613495,
        "dvar": 183.464599609,
        "dvar2": 394.494476318,
        "max": 141.734817505,
        "mean": 38.9013214111,
        "median": 34.154258728,
        "min": 2.21940994263,
        "var": 485.473632812
    },
    "hfc": {
        "dmean": 8.8170003891,
        "dmean2": 13.5835056305,
        "dvar": 100.30594635,
        "dvar2": 222.13458252,
        "max": 130.243209839,
        "mean": 25.9995765686,
        "median": 21.2410335541,
        "min": 0.000491712591611,
        "var": 343.878204346
    },
    "melbands_crest": {
        "dmean": 3.67954945564,
        "dmean2": 6.07491779327,
        "dvar": 10.1093893051,
        "dvar2": 26.6922302246,
        "max": 31.3117809296,
        "mean": 12.9525156021,
        "median": 12.1690387726,
        "min": 3.8040831089,
        "var": 20.654706955
    },
    "melbands_flatness_db": {
        "dmean": 0.0322165563703,
        "dmean2": 0.04815851897,
        "dvar": 0.000847713672556,
        "dvar2": 0.00187924539205,
        "max": 0.41898816824,
        "mean": 0.196997612715,
        "median": 0.188545957208,
        "min": 0.0551933757961,
        "var": 0.00391083396971
    },
    "melbands_kurtosis": {
        "dmean": 8.386967659,
        "dmean2": 13.3280239105,
        "dvar": 182.638961792,
        "dvar2": 438.577880859,
        "max": 173.132400513,
        "mean": 12.6727237701,
        "median": 6.54954051971,
        "min": -1.49296581745,
        "var": 304.867004395
    },
    "melbands_skewness": {
        "dmean": 0.934690892696,
        "dmean2": 1.41869819164,
        "dvar": 0.927277207375,
        "dvar2": 2.07123565674,
        "max": 10.566614151,
        "mean": 2.51018691063,
        "median": 2.20353031158,
        "min": -1.53357410431,
        "var": 2.73893117905
    },
    "melbands_spread": {
        "dmean": 8.44281768799,
        "dmean2": 13.0464878082,
        "dvar": 129.126846313,
        "dvar2": 270.114562988,
        "max": 162.920471191,
        "mean": 23.8637638092,
        "median": 19.9220905304,
        "min": 1.46357405186,
        "var": 300.926971436
    },
    "pitch_salience": {
        "dmean": 0.0820978432894,
        "dmean2": 0.133425921202,
        "dvar": 0.00460899295285,
        "dvar2": 0.0120251420885,
        "max": 0.854568719864,
        "mean": 0.576678872108,
        "median": 0.582401394844,
        "min": 0.180319562554,
        "var": 0.00952995568514
    },
    "silence_rate_20dB": {
        "dmean": 0,
        "dmean2": 0,
        "dvar": 0,
        "dvar2": 0,
        "max": 1,
        "mean": 1,
        "median": 1,
        "min": 1,
        "var": 0
    },
    "silence_rate_30dB": {
        "dmean": 0,
        "dmean2": 0,
        "dvar": 0,
        "dvar2": 0,
        "max": 1,
        "mean": 1,
        "median": 1,
        "min": 1,
        "var": 0
    },
    "silence_rate_60dB": {
        "dmean": 0.000774593325332,
        "dmean2": 0.00154978688806,
        "dvar": 0.00077398942085,
        "dvar2": 0.00154736766126,
        "max": 1,
        "mean": 0.0089043751359,
        "median": 0,
        "min": 0,
        "var": 0.0088249547407
    },
    "spectral_centroid": {
        "dmean": 303.003814697,
        "dmean2": 464.439361572,
        "dvar": 131618.9375,
        "dvar2": 262269.96875,
        "max": 4404.76123047,
        "mean": 1279.53869629,
        "median": 1198.74938965,
        "min": 238.533035278,
        "var": 423303.375
    },
    "spectral_complexity": {
        "dmean": 4.54298973083,
        "dmean2": 7.09918642044,
        "dvar": 19.9745445251,
        "dvar2": 47.3787536621,
        "max": 56,
        "mean": 22.7224159241,
        "median": 19,
        "min": 0,
        "var": 152.878372192
    },
    "spectral_decrease": {
        "dmean": 2.82099832383e-09,
        "dmean2": 4.57306281731e-09,
        "dvar": 8.23585106584e-18,
        "dvar2": 2.06408777074e-17,
        "max": -1.59848100468e-13,
        "mean": -8.2851778771e-09,
        "median": -7.82755105178e-09,
        "min": -2.47725093772e-08,
        "var": 1.71561014443e-17
    },
    "spectral_energy": {
        "dmean": 0.0110930427909,
        "dmean2": 0.0179643183947,
        "dvar": 0.000124643716845,
        "dvar2": 0.000314277771395,
        "max": 0.0986977145076,
        "mean": 0.0336283743382,
        "median": 0.0320057980716,
        "min": 6.47901231332e-07,
        "var": 0.000271384749794
    },
    "spectral_energyband_high": {
        "dmean": 0.000678666634485,
        "dmean2": 0.00102321209852,
        "dvar": 1.85193130164e-06,
        "dvar2": 3.5694631606e-06,
        "max": 0.0167279485613,
        "mean": 0.00115375069436,
        "median": 0.000478504895,
        "min": 2.48376093026e-08,
        "var": 3.8203584154e-06
    },
    "spectral_energyband_low": {
        "dmean": 0.00623656110838,
        "dmean2": 0.010574140586,
        "dvar": 9.19469675864e-05,
        "dvar2": 0.000221255861106,
        "max": 0.0766638219357,
        "mean": 0.0102617628872,
        "median": 0.00695238215849,
        "min": 1.68452203297e-07,
        "var": 0.000127199615235
    },
    "spectral_energyband_middle_high": {
        "dmean": 0.00271560112014,
        "dmean2": 0.00406826566905,
        "dvar": 1.32630993903e-05,
        "dvar2": 3.07431801048e-05,
        "max": 0.0554970651865,
        "mean": 0.00702166743577,
        "median": 0.00396265601739,
        "min": 1.61840617352e-07,
        "var": 5.96481004322e-05
    },
    "spectral_energyband_middle_low": {
        "dmean": 0.00695838732645,
        "dmean2": 0.01115515735,
        "dvar": 5.56955892534e-05,
        "dvar2": 0.000135039968882,
        "max": 0.0706514418125,
        "mean": 0.016378223896,
        "median": 0.014431649819,
        "min": 3.35223859338e-07,
        "var": 0.000107024847239
    },
    "spectral_entropy": {
        "dmean": 0.205869555473,
        "dmean2": 0.286290675402,
        "dvar": 0.0479069538414,
        "dvar2": 0.0918535590172,
        "max": 8.53110790253,
        "mean": 7.55133867264,
        "median": 7.63880157471,
        "min": 5.7984662056,
        "var": 0.200890213251
    },
    "spectral_flux": {
        "dmean": 0.0278703551739,
        "dmean2": 0.0442943833768,
        "dvar": 0.00065520091448,
        "dvar2": 0.00153243204113,
        "max": 0.265950381756,
        "mean": 0.112322837114,
        "median": 0.111254557967,
        "min": 0.000804923125543,
        "var": 0.00159260898363
    },
    "spectral_kurtosis": {
        "dmean": 2.12557554245,
        "dmean2": 3.41115260124,
        "dvar": 7.00919437408,
        "dvar2": 17.0759010315,
        "max": 33.9738121033,
        "mean": 3.71198511124,
        "median": 2.68581485748,
        "min": -1.24601769447,
        "var": 15.3971157074
    },
    "spectral_rms": {
        "dmean": 0.000938098179176,
        "dmean2": 0.00150586490054,
        "dvar": 7.54168411277e-07,
        "dvar2": 1.86665852198e-06,
        "max": 0.00981276948005,
        "mean": 0.00554008735344,
        "median": 0.00558794848621,
        "min": 2.51415749517e-05,
        "var": 2.11557676266e-06
    },
    "spectral_rolloff": {
        "dmean": 661.909179688,
        "dmean2": 1130.83105469,
        "dvar": 1525045.5,
        "dvar2": 3239019.5,
        "max": 8807.08007812,
        "mean": 1483.81689453,
        "median": 990.52734375,
        "min": 86.1328125,
        "var": 2401598
    },
    "spectral_skewness": {
        "dmean": 0.312836736441,
        "dmean2": 0.463174492121,
        "dvar": 0.110146984458,
        "dvar2": 0.224493056536,
        "max": 4.48782491684,
        "mean": 1.37120127678,
        "median": 1.26669979095,
        "min": -0.194057479501,
        "var": 0.40703573823
    },
    "spectral_spread": {
        "dmean": 568431.3125,
        "dmean2": 814845.9375,
        "dvar": 461257736192,
        "dvar2": 748085444608,
        "max": 10563033,
        "mean": 4043761,
        "median": 3769341.5,
        "min": 1357234.625,
        "var": 1.577762816e+12
    },
    "spectral_strongpeak": {
        "dmean": 0.714733123779,
        "dmean2": 1.23700344563,
        "dvar": 0.993189394474,
        "dvar2": 2.6072640419,
        "max": 8.94689178467,
        "mean": 0.933063149452,
        "median": 0.472657680511,
        "min": 0,
        "var": 1.29488611221
    },
    "zerocrossingrate": {
        "dmean": 0.0118713611737,
        "dmean2": 0.0136151202023,
        "dvar": 0.000257599778706,
        "dvar2": 0.00026705415803,
        "max": 0.251953125,
        "mean": 0.0571918562055,
        "median": 0.05078125,
        "min": 0.00927734375,
        "var": 0.00116205681115
    },
    "barkbands": {
        "dmean": [0.000329739617882, 0.00437005003914, 0.00239282194525, 0.00153164460789, 0.00282636866905, 0.00155745178927, 0.00146391626913, 0.00174395670183, 0.00218115933239, 0.000917731027585, 0.00112629914656, 0.000616862613242, 0.000420285097789, 0.000401885685278, 0.000407306186389, 0.00036409223685, 0.000291471689707, 0.000208694051253, 0.000160280207638, 0.00012660867651, 0.000162735101185, 0.00018960662419, 0.000155670160893, 0.000180074828677, 3.02858115901e-05, 2.88020718386e-08, 2.95683943996e-09],
        "dmean2": [0.000480449263705, 0.00739901233464, 0.00421333452687, 0.00259115849622, 0.00446345889941, 0.00258797244169, 0.00240791263059, 0.00282081984915, 0.00350461667404, 0.00147733837366, 0.00174432015046, 0.000970270310063, 0.000674012931995, 0.000633130490314, 0.000664224440698, 0.000593880133238, 0.000470241444418, 0.000338812154951, 0.0002663321211, 0.000214821193367, 0.000278105057077, 0.000283307716018, 0.00023105397122, 0.000266969611403, 4.68682446808e-05, 4.57999682624e-08, 5.59124035959e-09],
        "dvar": [4.32892448998e-07, 4.96267348353e-05, 1.76064804691e-05, 5.21571155332e-06, 1.48218159666e-05, 6.57453938402e-06, 9.12314317247e-06, 1.77809160959e-05, 1.92784973478e-05, 4.58449676444e-06, 7.49231503505e-06, 2.7089613468e-06, 8.359830872e-07, 9.92410264189e-07, 7.56802364776e-07, 5.24742176822e-07, 3.13463431212e-07, 1.07578962627e-07, 5.17418072832e-08, 4.50357084958e-08, 9.53409156068e-08, 2.30546831403e-07, 1.51231375867e-07, 2.27637443118e-07, 9.98531479723e-09, 1.85924307905e-14, 4.75841881004e-16],
        "dvar2": [8.14941074623e-07, 0.00012046797201, 4.94004561915e-05, 1.31510178107e-05, 3.585466402e-05, 1.62815158546e-05, 2.30785626627e-05, 4.40294279542e-05, 4.67595418741e-05, 1.09668499135e-05, 1.74132401298e-05, 6.5144704422e-06, 2.16864532376e-06, 2.4586888685e-06, 1.91631011148e-06, 1.32776790451e-06, 7.63527339132e-07, 2.87864310167e-07, 1.41394849607e-07, 1.22945976955e-07, 2.51568366139e-07, 4.42699672476e-07, 3.09954543809e-07, 4.38076625642e-07, 2.23701643876e-08, 4.07355051112e-14, 1.42034889167e-15],
        "max": [0.00632425164804, 0.0641367211938, 0.034510910511, 0.0465468913317, 0.0483878627419, 0.0325772762299, 0.0433101058006, 0.0531192645431, 0.0534304305911, 0.0356624238193, 0.0513881742954, 0.0361427217722, 0.0136358262971, 0.0277751367539, 0.0109986932948, 0.0122041571885, 0.0103332782164, 0.00498499535024, 0.0035849600099, 0.0019858928863, 0.00314830848947, 0.00702219316736, 0.00819251220673, 0.00750918360427, 0.00367242307402, 6.0360275711e-06, 6.48942716452e-07],
        "mean": [0.000476810149848, 0.00614437041804, 0.00262262742035, 0.00223829597235, 0.00521351303905, 0.00226357160136, 0.00193110608961, 0.00172911549453, 0.00260976958089, 0.00109938054811, 0.00149532326031, 0.00088139862055, 0.000573967234232, 0.000566709903069, 0.000571254931856, 0.000598067592364, 0.000552753510419, 0.000413214467699, 0.000377001648303, 0.000208839832339, 0.000227216252824, 0.000282120832708, 0.000237983535044, 0.000273130572168, 4.08217747463e-05, 3.44031398924e-08, 2.02941108363e-09],
        "median": [8.88201393536e-05, 0.00353395333514, 0.00136882858351, 0.00132461462636, 0.00321091897786, 0.0012414600933, 0.000874459859915, 0.00042649146053, 0.0010062684305, 0.000302051455947, 0.000226219432079, 0.000286094698822, 0.000172345738974, 0.000188297577552, 0.000186446399312, 0.000232765101828, 0.000253818987403, 0.000196003064048, 0.000140747288242, 9.96403759927e-05, 0.000107421037683, 9.83152349363e-05, 7.32889966457e-05, 7.39997558412e-05, 1.20937429529e-05, 9.57065537932e-09, 5.2972604081e-10],
        "min": [5.08379671693e-10, 2.30957901692e-08, 1.01569170852e-07, 5.80721533083e-08, 1.05463449529e-07, 4.76138701799e-08, 2.94061521799e-08, 3.07244079067e-08, 6.32505816611e-08, 4.74416594898e-08, 3.32414842319e-08, 4.03993771769e-09, 8.86788686927e-09, 5.34207345027e-09, 5.2788795557e-09, 3.46378881133e-09, 3.35221250758e-09, 8.28689028509e-09, 1.30848025748e-08, 9.57325241302e-09, 5.3916124898e-09, 3.20081761096e-09, 7.46524708717e-09, 2.47134201992e-10, 6.51404928262e-12, 3.54149196947e-12, 5.07304961928e-12],
        "var": [8.39085828375e-07, 6.54224568279e-05, 1.45373978739e-05, 8.18113767309e-06, 3.12371012114e-05, 9.22842809814e-06, 1.20540034914e-05, 1.72614745679e-05, 2.2778962375e-05, 6.07482434134e-06, 1.37045035444e-05, 5.0468952395e-06, 1.26400743738e-06, 1.37638323849e-06, 1.26952818391e-06, 1.08081530925e-06, 7.90978219811e-07, 2.80965423372e-07, 2.05604550274e-07, 7.05927618583e-08, 1.09298404993e-07, 4.09838236237e-07, 2.54916358244e-07, 4.57324460967e-07, 1.61387987418e-08, 2.38102011794e-14, 2.45226070277e-16]
    },
    "erbbands": {
        "dmean": [0.15024921298, 0.999094188213, 2.66259551048, 3.76125431061, 6.1345334053, 12.7253570557, 11.5053281784, 14.078253746, 15.4093999863, 32.7393417358, 36.0773582458, 52.066444397, 36.5018386841, 29.311580658, 40.2613601685, 22.4959392548, 18.0047874451, 19.5499649048, 20.2892513275, 19.8601665497, 17.9924545288, 15.6146507263, 12.1896781921, 7.84708595276, 7.25235700607, 5.92167568207, 6.06700515747, 6.51576423645, 6.63596391678, 5.62120437622, 4.54047203064, 4.74037027359, 2.48819994926, 0.670960783958, 0.0322483927011, 0.00153181678616, 0.000110813365609, 1.9307311959e-05, 8.88679005584e-06, 1.3360822777e-05],
        "dmean2": [0.255139440298, 1.68911015987, 4.65027236938, 6.49319410324, 10.1927423477, 20.1293849945, 18.7921161652, 23.4431247711, 25.5963859558, 52.8157043457, 58.7241630554, 83.0458297729, 57.7733383179, 45.9858818054, 61.1594810486, 35.4086761475, 28.3453941345, 30.7227916718, 32.4725875854, 31.6046085358, 28.7381858826, 25.0205478668, 19.5342693329, 12.9183397293, 11.8867034912, 10.1256570816, 10.5283889771, 10.6825113297, 10.0831394196, 8.59711551666, 6.64160776138, 7.08605766296, 3.72523093224, 1.01968216896, 0.0488209463656, 0.00230167480186, 0.000163240038091, 2.84453471977e-05, 1.37778415592e-05, 2.14969968511e-05],
        "dvar": [0.0680058971047, 2.52386689186, 20.9915084839, 32.631816864, 63.0131912231, 395.671295166, 354.853851318, 738.923706055, 786.270385742, 5534.86328125, 7429.93798828, 12016.7841797, 7107.79150391, 4390.61523438, 9110.87207031, 2973.13623047, 1395.5513916, 2745.02758789, 1807.89953613, 2021.53869629, 1141.95068359, 865.114746094, 365.55670166, 116.626502991, 109.634963989, 103.988670349, 144.635559082, 164.735321045, 291.999725342, 193.949966431, 146.744186401, 176.020614624, 39.8097419739, 4.28600931168, 0.0136350933462, 2.69631200354e-05, 8.62810267677e-08, 2.03418859535e-09, 1.49947318451e-10, 1.69764605151e-10],
        "dvar2": [0.176059067249, 6.42864179611, 58.4146957397, 88.5410003662, 154.774215698, 959.665344238, 910.388305664, 1823.34326172, 2017.2755127, 13063.6123047, 18723.3417969, 28983.9902344, 17223.8691406, 10187.4912109, 21801.1445312, 6920.61083984, 3471.12060547, 7107.29003906, 4629.41845703, 5055.79101562, 2761.42993164, 2140.71240234, 946.688964844, 321.058563232, 295.410644531, 284.660583496, 401.423736572, 393.003051758, 577.842041016, 399.009796143, 297.605438232, 365.281860352, 78.6922683716, 9.05236721039, 0.0303568113595, 5.89181181567e-05, 1.73214829147e-07, 3.93244281582e-09, 3.10450859464e-10, 4.29887514475e-10],
        "max": [2.32004594803, 12.9007825851, 37.1102638245, 81.4447937012, 107.683059692, 244.992843628, 276.798309326, 359.690979004, 370.677337646, 1098.85705566, 1167.78234863, 1144.68664551, 1554.29150391, 1085.55297852, 1620.23571777, 956.661071777, 552.422058105, 1647.90698242, 564.688781738, 742.42590332, 637.647521973, 638.121032715, 273.997741699, 144.617584229, 164.385620117, 100.386367798, 127.039825439, 187.508010864, 290.44128418, 234.607421875, 241.888504028, 205.564025879, 111.990707397, 73.0115890503, 3.80100536346, 0.166509345174, 0.00833654776216, 0.00094963243464, 0.000192940351553, 0.000119363990962],
        "mean": [0.188474535942, 1.29885649681, 3.11992120743, 5.49355792999, 10.309794426, 21.8974590302, 18.0766849518, 19.3565292358, 21.9371833801, 38.8695983887, 37.9221153259, 60.9380569458, 46.299407959, 40.8684082031, 58.8223953247, 34.2714767456, 26.9420852661, 28.4202632904, 31.2439804077, 31.058555603, 32.6797103882, 31.1758003235, 25.0464344025, 18.9805393219, 16.8656005859, 9.80368804932, 8.58573055267, 9.19761180878, 9.7533826828, 8.34974956512, 6.8866724968, 6.83236837387, 3.74838447571, 0.967308700085, 0.0415354967117, 0.00208020932041, 0.000178943446372, 3.35288677888e-05, 2.52941699728e-05, 4.21009972342e-05],
        "median": [0.0730757862329, 0.697776436806, 1.82638943195, 3.53568267822, 6.96450185776, 10.7384586334, 12.0751199722, 9.6061000824, 12.1956110001, 13.1033267975, 12.7743616104, 23.0564289093, 16.205286026, 10.9111280441, 11.2517852783, 12.7937660217, 8.89642715454, 10.1615180969, 10.1403799057, 10.7117986679, 13.7218790054, 14.8253231049, 12.684876442, 7.86741352081, 6.71060466766, 4.7813744545, 3.77874422073, 4.31974363327, 3.48542618752, 2.81172442436, 2.09026384354, 1.60819792747, 1.17542552948, 0.303532421589, 0.0093058058992, 0.000531038269401, 6.69375076541e-05, 1.44048835864e-05, 2.10798971239e-05, 4.01837132813e-05],
        "min": [3.66219069292e-07, 7.69620146457e-06, 8.76576814335e-05, 0.000197745350306, 9.8552001873e-05, 0.000417759816628, 0.000676790659782, 0.000341263075825, 0.000450512947282, 0.000351995986421, 0.00126453046687, 0.00141476932913, 0.000383230362786, 0.00155166641343, 0.00125794124324, 0.000239490385866, 0.000431240245234, 0.000203088100534, 0.00038680783473, 0.00028035097057, 0.000126124970848, 0.000220656671445, 0.000559041742235, 0.000563558773138, 0.00042529089842, 0.000557429390028, 0.000356735661626, 0.000150870953803, 0.000109942280687, 0.000350665970473, 6.31786024314e-05, 1.56842324941e-05, 5.71924658743e-07, 1.26166895598e-07, 3.38376722198e-08, 1.22127339353e-08, 6.96502988617e-09, 3.55924156814e-09, 9.61518087372e-10, 8.61264504159e-10],
        "var": [0.0868380963802, 2.92343449593, 17.8844261169, 37.893787384, 120.078399658, 795.210021973, 433.108978271, 915.003173828, 993.068786621, 6795.95263672, 6882.91064453, 13863.7568359, 9046.23828125, 7893.36523438, 18876.3164062, 5287.86328125, 2481.96557617, 3485.52661133, 3359.63598633, 3590.41699219, 2692.19628906, 2316.71875, 990.614135742, 481.852752686, 406.251556396, 155.046829224, 150.203399658, 225.895370483, 507.158599854, 308.856628418, 248.981124878, 321.192901611, 77.1423110962, 7.54327821732, 0.0213613715023, 4.46058038506e-05, 1.6881985232e-07, 4.23741974842e-09, 3.6469721687e-10, 4.12086531565e-10]
    },
    "gfcc": {
        "mean": [-0.386267274618, 131.174865723, -142.209350586, 58.4503173828, -76.7430953979, 20.1070632935, -37.4425163269, -0.844362199306, -3.76125907898, -23.822933197, 4.85733652115, -19.3629341125, 6.42212963104],
        "cov": [[2629.43115234, -807.014160156, -410.350952148, 349.220123291, -110.855026245, 297.370849609, -11.058470726, 141.203674316, -23.0738773346, 109.344924927, 42.8478088379, 90.2687149048, 19.6960353851], [-807.014160156, 957.305297852, -109.881568909, -447.567352295, 232.008712769, -207.689193726, 163.447769165, -48.8287734985, 91.4477539062, -85.7271652222, 41.1091766357, -75.3572463989, 35.6508636475], [-410.350952148, -109.881568909, 594.976257324, 209.660415649, -73.4271621704, 31.5200157166, -76.3312988281, 17.7508087158, 5.33194971085, 65.1435623169, -6.87430047989, 7.60816764832, -6.99242734909], [349.220123291, -447.567352295, 209.660415649, 550.530700684, 4.22403430939, 75.4425582886, -60.2155723572, 37.6848220825, 26.9294643402, 92.7219161987, 14.4415473938, 40.329498291, -2.73639893532], [-110.855026245, 232.008712769, -73.4271621704, 4.22403430939, 271.203765869, 23.3123931885, 47.843662262, 51.4179420471, 49.8108901978, 10.9725637436, 33.2387313843, -15.8718605042, 35.7927703857], [297.370849609, -207.689193726, 31.5200157166, 75.4425582886, 23.3123931885, 288.470214844, 90.89868927, 48.8250198364, 8.28615283966, 48.7653846741, 23.9744625092, 43.9314422607, -2.43472623825], [-11.058470726, 163.447769165, -76.3312988281, -60.2155723572, 47.843662262, 90.89868927, 234.132873535, 17.5293064117, 37.6236381531, -13.8644351959, 32.2053413391, 21.0231075287, 4.04751968384], [141.203674316, -48.8287734985, 17.7508087158, 37.6848220825, 51.4179420471, 48.8250198364, 17.5293064117, 175.29977417, 67.2909622192, 46.5552177429, 11.898733139, 5.49782466888, 20.4511165619], [-23.0738773346, 91.4477539062, 5.33194971085, 26.9294643402, 49.8108901978, 8.28615283966, 37.6236381531, 67.2909622192, 166.383956909, 57.6711082458, 3.37645769119, -11.0650167465, 5.30913305283], [109.344924927, -85.7271652222, 65.1435623169, 92.7219161987, 10.9725637436, 48.7653846741, -13.8644351959, 46.5552177429, 57.6711082458, 110.39768219, 28.0930728912, 3.82844734192, 4.37103223801], [42.8478088379, 41.1091766357, -6.87430047989, 14.4415473938, 33.2387313843, 23.9744625092, 32.2053413391, 11.898733139, 3.37645769119, 28.0930728912, 83.1554641724, 31.7941665649, 1.75534760952], [90.2687149048, -75.3572463989, 7.60816764832, 40.329498291, -15.8718605042, 43.9314422607, 21.0231075287, 5.49782466888, -11.0650167465, 3.82844734192, 31.7941665649, 76.6962738037, 16.5088787079], [19.6960353851, 35.6508636475, -6.99242734909, -2.73639893532, 35.7927703857, -2.43472623825, 4.04751968384, 20.4511165619, 5.30913305283, 4.37103223801, 1.75534760952, 16.5088787079, 58.2527770996]],
        "icov": [[0.0008144446183, 6.36928234599e-05, 0.00101413507946, -0.000653462891933, 0.000792281178292, -0.00077252619667, 0.000322430598317, -0.000583727029152, 0.000256061699474, -0.000276338425465, -0.000389886030462, 0.000253303733189, -0.000622525869403], [6.36928234599e-05, 0.011755976826, -0.00385244633071, 0.00824645068496, -0.00881038978696, 0.0080118663609, -0.00712678581476, 0.0051867836155, -0.00666294433177, 0.00400913832709, -0.00745313987136, 0.00545518705621, -0.00388373155147], [0.00101413507946, -0.00385244633071, 0.00468959240243, -0.00424753176048, 0.00454810028896, -0.00382073665969, 0.00317684584297, -0.00256263581105, 0.00262415711768, -0.00234771869145, 0.00206445367076, -0.00119608337991, 0.000316693272907], [-0.000653462891933, 0.00824645068496, -0.00424753176048, 0.00897008460015, -0.00751329073682, 0.00612809648737, -0.004758361727, 0.00417329464108, -0.00479854270816, 0.00121905247215, -0.00399982417002, 0.00167636433616, -0.00118502101395], [0.000792281178292, -0.00881038978696, 0.00454810028896, -0.00751329073682, 0.0129928411916, -0.0076821250841, 0.00555846700445, -0.00517564965412, 0.00386812444776, -0.00134459568653, 0.00146855181083, 0.000279140862403, -0.00193146138918], [-0.00077252619667, 0.0080118663609, -0.00382073665969, 0.00612809648737, -0.0076821250841, 0.011733641848, -0.00773688592017, 0.00307290931232, -0.00295849423856, -0.000428339670179, -0.00247824424878, 0.00010578140791, 0.000202997020097], [0.000322430598317, -0.00712678581476, 0.00317684584297, -0.004758361727, 0.00555846700445, -0.00773688592017, 0.0110006406903, -0.00310121360235, 0.00159872102086, 0.000638869183604, 0.00154872226994, -0.00320759858005, 0.001664836891], [-0.000583727029152, 0.0051867836155, -0.00256263581105, 0.00417329464108, -0.00517564965412, 0.00307290931232, -0.00310121360235, 0.0104270884767, -0.00558260083199, 0.000751087034587, -0.00314029096626, 0.00228942697868, -0.00332695082761], [0.000256061699474, -0.00666294433177, 0.00262415711768, -0.00479854270816, 0.00386812444776, -0.00295849423856, 0.00159872102086, -0.00558260083199, 0.0137439547107, -0.00852314196527, 0.00728789530694, -0.00351415155455, 0.00359242479317], [-0.000276338425465, 0.00400913832709, -0.00234771869145, 0.00121905247215, -0.00134459568653, -0.000428339670179, 0.000638869183604, 0.000751087034587, -0.00852314196527, 0.0200535431504, -0.0108852647245, 0.00682745361701, -0.00441935611889], [-0.000389886030462, -0.00745313987136, 0.00206445367076, -0.00399982417002, 0.00146855181083, -0.00247824424878, 0.00154872226994, -0.00314029096626, 0.00728789530694, -0.0108852647245, 0.0253577884287, -0.014108588919, 0.00812887959182], [0.000253303733189, 0.00545518705621, -0.00119608337991, 0.00167636433616, 0.000279140862403, 0.00010578140791, -0.00320759858005, 0.00228942697868, -0.00351415155455, 0.00682745361701, -0.014108588919, 0.0254659019411, -0.0112209869549], [-0.000622525869403, -0.00388373155147, 0.000316693272907, -0.00118502101395, -0.00193146138918, 0.000202997020097, 0.001664836891, -0.00332695082761, 0.00359242479317, -0.00441935611889, 0.00812887959182, -0.0112209869549, 0.0249231178313]]
    },
    "melbands": {
        "dmean": [0.00120992131997, 0.00133295054547, 0.000699416268617, 0.000617132463958, 0.00044628122123, 0.000305771478452, 0.000253981066635, 0.000372911221348, 0.000298012018902, 0.000330094946548, 0.000181319512194, 0.000119052798254, 0.000154781271704, 7.45495199226e-05, 4.73350482935e-05, 4.34407520515e-05, 3.67367283616e-05, 3.47257300746e-05, 3.01655491057e-05, 2.73893729172e-05, 2.21276186494e-05, 1.73588377947e-05, 1.65230212588e-05, 8.62880006025e-06, 6.90464867148e-06, 7.0231171776e-06, 4.66416213385e-06, 3.9437727537e-06, 3.84884106097e-06, 4.12735835198e-06, 3.68721975974e-06, 3.66113863493e-06, 4.28247403761e-06, 2.69557858701e-06, 2.37160020333e-06, 3.58614602192e-06, 2.70190480478e-06, 2.0036522983e-06, 1.1591727116e-06, 3.70605931721e-07],
        "dmean2": [0.00206621992402, 0.0022720892448, 0.00118710717652, 0.000988093554042, 0.000711530447006, 0.000507966557052, 0.000420192605816, 0.000595645105932, 0.000487833516672, 0.00052528543165, 0.000289764720947, 0.000188904989045, 0.00023594115919, 0.000116307797725, 7.70054903114e-05, 6.93354522809e-05, 5.8631561842e-05, 5.5926378991e-05, 4.85740856675e-05, 4.4502394303e-05, 3.57032186002e-05, 2.79378491541e-05, 2.69631200354e-05, 1.3913494513e-05, 1.15517777886e-05, 1.1634528164e-05, 7.8723533079e-06, 6.72678243063e-06, 6.76795343679e-06, 7.13599638402e-06, 5.94834955336e-06, 5.62546074434e-06, 6.51096524962e-06, 4.20744208895e-06, 3.47050149685e-06, 5.49667856831e-06, 4.00904036724e-06, 3.05524463329e-06, 1.77037759386e-06, 5.78161859721e-07],
        "dvar": [4.01395664085e-06, 4.83613848701e-06, 9.26583538785e-07, 7.40783775655e-07, 4.63648177629e-07, 3.16989513749e-07, 2.15691670746e-07, 6.71662064633e-07, 4.46187868874e-07, 4.74635044156e-07, 1.80199208444e-07, 7.55249160989e-08, 1.42778119994e-07, 3.78554219083e-08, 1.2604080446e-08, 9.44912681433e-09, 9.95443993901e-09, 5.98357630111e-09, 4.38774394595e-09, 3.98113542133e-09, 1.91485916012e-09, 1.12334708202e-09, 7.29733773408e-10, 1.99389824096e-10, 9.5745807116e-11, 1.2740239419e-10, 4.96737581623e-11, 4.9767960586e-11, 6.93501506221e-11, 5.86842172079e-11, 5.88932305701e-11, 8.8898680084e-11, 1.30494753892e-10, 4.07417259651e-11, 4.02357938634e-11, 1.10647782603e-10, 5.77955183712e-11, 2.82004940233e-11, 9.3646453439e-12, 1.93232257452e-12],
        "dvar2": [9.81599987426e-06, 1.30542821353e-05, 2.48364563049e-06, 1.86251509149e-06, 1.15442492188e-06, 7.81774929237e-07, 5.51499340418e-07, 1.57200418016e-06, 1.10690018573e-06, 1.15699788239e-06, 4.32885968848e-07, 1.77546283453e-07, 3.41185085517e-07, 9.12051092428e-08, 2.93714403909e-08, 2.40387709738e-08, 2.57869050557e-08, 1.48449270654e-08, 1.04835269354e-08, 1.04203738971e-08, 4.70146188647e-09, 2.7025828242e-09, 1.85192094992e-09, 5.21711951418e-10, 2.67967953382e-10, 3.51288970135e-10, 1.34252720052e-10, 1.36360658876e-10, 1.94536942111e-10, 1.58730154021e-10, 1.32825903054e-10, 1.75899531052e-10, 2.62190796851e-10, 8.80716888307e-11, 8.22942339274e-11, 2.56017596012e-10, 1.15261210298e-10, 5.75298454708e-11, 1.95484982368e-11, 4.30192036507e-12],
        "max": [0.0182165689766, 0.0175657812506, 0.0157936960459, 0.0117177963257, 0.011257674545, 0.00744200358167, 0.00580988125876, 0.0106300413609, 0.00835133250803, 0.00807780399919, 0.00753333652392, 0.00424674432725, 0.00563280237839, 0.00445549562573, 0.00196392973885, 0.00144513405394, 0.00307359034196, 0.00113116251305, 0.000955875380896, 0.00115548900794, 0.000781458569691, 0.000651868118439, 0.000430996384239, 0.000206319818972, 0.000126420884044, 0.000174751679879, 8.60805230332e-05, 7.5438649219e-05, 0.000105741426523, 8.30976277939e-05, 0.000136202084832, 0.000168358063092, 0.000159843286383, 0.000116772651381, 0.000103872131149, 0.000243352129473, 0.000134429210448, 8.2837199443e-05, 7.04984049662e-05, 5.29130811628e-05],
        "mean": [0.00167923606932, 0.0017204398755, 0.00110260001384, 0.00113444123417, 0.00075592804933, 0.000430768850492, 0.000354760559276, 0.000426714250352, 0.000311951444019, 0.000386673636967, 0.000221282534767, 0.000154406792717, 0.000212907878449, 0.000111324472527, 6.58707504044e-05, 5.92694414081e-05, 5.03241863044e-05, 5.01469476148e-05, 4.34687099187e-05, 4.05672763009e-05, 3.75167983293e-05, 3.18098500429e-05, 2.98759459838e-05, 1.68823389686e-05, 1.50082350956e-05, 1.4946718693e-05, 8.89490274858e-06, 5.75151898374e-06, 5.06885362483e-06, 5.58751662538e-06, 5.09307801622e-06, 5.24726374351e-06, 5.96275503995e-06, 3.94329708797e-06, 3.5522152757e-06, 4.83649500893e-06, 3.87728323403e-06, 2.91384276352e-06, 1.68550786839e-06, 4.75180740978e-07],
        "median": [0.000873030629009, 0.0010723285377, 0.000758521026, 0.000706373306457, 0.000494326697662, 0.000222359463805, 0.000189701459021, 0.000135282098199, 0.000102511527075, 0.000142659424455, 6.69526853017e-05, 3.91957401007e-05, 3.38309328072e-05, 3.38611498591e-05, 2.43709182541e-05, 1.69311024365e-05, 1.78271839104e-05, 1.49814113684e-05, 1.32966979436e-05, 1.39090789162e-05, 1.58515649673e-05, 1.46618185681e-05, 1.43670358739e-05, 8.11235076981e-06, 5.84568306294e-06, 5.38611584489e-06, 4.05542459703e-06, 2.68736653197e-06, 2.03191257242e-06, 2.57430451711e-06, 2.28518729273e-06, 1.89080788005e-06, 1.83130453024e-06, 1.2992829852e-06, 1.14768886306e-06, 1.00579222817e-06, 9.0700717692e-07, 8.98916312053e-07, 5.77775324473e-07, 1.13580796324e-07],
        "min": [4.74602757095e-09, 3.43858523877e-08, 3.05520764243e-08, 1.47988945542e-08, 2.51737386492e-08, 7.85890286181e-09, 6.74092737185e-09, 3.31403571252e-09, 1.29688348949e-08, 7.63893304168e-09, 1.34015354369e-09, 5.0867017265e-09, 6.09494454906e-09, 7.77644615368e-10, 4.9792325818e-10, 9.44730627062e-10, 2.95793306515e-10, 7.17420067797e-10, 3.38187006177e-10, 3.52975759732e-10, 9.38998254152e-11, 1.54350532355e-10, 4.98211916167e-10, 3.8525074797e-10, 4.80577355688e-10, 4.95752938701e-10, 1.3294926271e-10, 4.36852332086e-10, 2.13972159435e-10, 1.34388042361e-10, 7.66109953254e-11, 7.75305583622e-11, 4.14976317198e-11, 2.72603439821e-10, 1.64989914092e-11, 2.17721222995e-11, 3.02789455835e-12, 7.34402230869e-14, 9.40263492066e-14, 8.33177317828e-14],
        "var": [5.43533360542e-06, 4.75862543681e-06, 1.24627013065e-06, 1.5165945797e-06, 6.85638326559e-07, 4.07434640692e-07, 2.7939702818e-07, 8.04565331691e-07, 4.3231204927e-07, 5.49475885236e-07, 2.28398235436e-07, 1.253828259e-07, 2.65754124484e-07, 8.16912972823e-08, 1.95542622095e-08, 1.44784868539e-08, 1.20312053653e-08, 1.05817834495e-08, 8.0311863826e-09, 6.55160325991e-09, 3.83197251708e-09, 2.84994361444e-09, 1.73439163031e-09, 4.85628426361e-10, 3.23619880893e-10, 3.71854852466e-10, 1.1865079752e-10, 6.39900563093e-11, 6.37426986194e-11, 6.43734995864e-11, 8.50595982538e-11, 1.55228566112e-10, 2.10470557649e-10, 6.12497483288e-11, 6.38852651336e-11, 1.69576755416e-10, 1.10408571175e-10, 5.13280390413e-11, 1.65232758031e-11, 3.12421551303e-12]
    },
    "mfcc": {
        "mean": [-616.873596191, 122.747169495, 7.00210905075, 21.8907527924, 4.80547809601, 2.85824179649, -6.19191837311, 8.831615448, -2.50380063057, 1.13936984539, -3.63230586052, 0.667687773705, -5.81217765808],
        "cov": [[3145.17480469, -1084.58874512, -322.610931396, 13.168211937, -40.9955291748, 143.996688843, 71.834602356, 109.887886047, -21.7454719543, 119.72265625, -19.112613678, 75.2263717651, 41.8833961487], [-1084.58874512, 1337.13513184, -360.743560791, -222.645858765, -62.9796409607, -152.225784302, 23.5360984802, -10.1919145584, 57.660030365, -35.7804069519, 45.7954025269, -56.4290046692, 5.41501188278], [-322.610931396, -360.743560791, 642.726196289, 136.643585205, 30.8652000427, 61.172039032, -37.183467865, -32.595375061, -10.3734378815, 1.45000183582, -2.20677304268, 52.9801139832, 9.38100719452], [13.168211937, -222.645858765, 136.643585205, 358.553649902, 107.820388794, 5.47479867935, -34.4500617981, -34.7970848083, 5.64189195633, 26.4406719208, -14.7836370468, 42.5323944092, 10.6135692596], [-40.9955291748, -62.9796409607, 30.8652000427, 107.820388794, 257.401977539, -3.33154702187, 1.85508394241, -25.0568695068, 40.0554161072, 43.7429466248, 17.2936897278, 27.894235611, 12.9696302414], [143.996688843, -152.225784302, 61.172039032, 5.47479867935, -3.33154702187, 221.676696777, 62.551940918, 51.0034484863, -5.83169555664, 33.7106971741, 18.4592418671, 18.0851802826, -0.523775398731], [71.834602356, 23.5360984802, -37.183467865, -34.4500617981, 1.85508394241, 62.551940918, 176.718948364, 63.8477554321, 0.96733468771, -2.15463399887, 5.96347570419, 15.8856534958, 12.5313854218], [109.887886047, -10.1919145584, -32.595375061, -34.7970848083, -25.0568695068, 51.0034484863, 63.8477554321, 144.993392944, 33.2783508301, 24.5108032227, 23.1991100311, 9.61209106445, 18.2888278961], [-21.7454719543, 57.660030365, -10.3734378815, 5.64189195633, 40.0554161072, -5.83169555664, 0.96733468771, 33.2783508301, 135.233627319, 59.7717247009, 32.9020347595, 16.5870609283, 16.3720207214], [119.72265625, -35.7804069519, 1.45000183582, 26.4406719208, 43.7429466248, 33.7106971741, -2.15463399887, 24.5108032227, 59.7717247009, 135.502105713, 43.0673942566, 40.784828186, 4.90292644501], [-19.112613678, 45.7954025269, -2.20677304268, -14.7836370468, 17.2936897278, 18.4592418671, 5.96347570419, 23.1991100311, 32.9020347595, 43.0673942566, 103.213905334, 30.4132881165, 16.0827102661], [75.2263717651, -56.4290046692, 52.9801139832, 42.5323944092, 27.894235611, 18.0851802826, 15.8856534958, 9.61209106445, 16.5870609283, 40.784828186, 30.4132881165, 96.6174240112, 33.9575958252], [41.8833961487, 5.41501188278, 9.38100719452, 10.6135692596, 12.9696302414, -0.523775398731, 12.5313854218, 18.2888278961, 16.3720207214, 4.90292644501, 16.0827102661, 33.9575958252, 77.4176177979]],
