{
"lowlevel": {
    "average_loudness": 0.969996750355,
    "barkbands_crest": {
        "dmean": 2.51473402977,
        "dmean2": 4.14812755585,
        "dvar": 5.18377542496,
        "dvar2": 14.1863031387,
        "max": 20.382101059,
        "mean": 9.47721767426,
        "median": 8.85280895233,
        "min": 2.70923829079,
        "var": 11.1855182648
    },
    "barkbands_flatness_db": {
        "dmean": 0.0190072897822,
        "dmean2": 0.0284657645971,
        "dvar": 0.000259345833911,
        "dvar2": 0.000603660126217,
        "max": 0.274917542934,
        "mean": 0.151144966483,
        "median": 0.151518389583,
        "min": 0.020704805851,
        "var": 0.00128158624284
    },
    "barkbands_kurtosis": {
        "dmean": 2.48762726784,
        "dmean2": 3.93374323845,
        "dvar": 8.41935062408,
        "dvar2": 22.5926761627,
        "max": 30.9650344849,
        "mean": 4.55152273178,
        "median": 3.21369934082,
        "min": -1.49873042107,
        "var": 21.0377082825
    },
    "barkbands_skewness": {
        "dmean": 0.46335297823,
        "dmean2": 0.712070345879,
        "dvar": 0.173138201237,
        "dvar2": 0.46395611763,
        "max": 5.03955411911,
        "mean": 1.88567984104,
        "median": 1.81703555584,
        "min": -0.276903241873,
        "var": 0.625028133392
    },
    "barkbands_spread": {
        "dmean": 4.05496740341,
        "dmean2": 6.20831203461,
        "dvar": 24.6733951569,
        "dvar2": 44.613117218,
        "max": 73.1074981689,
        "mean": 17.2402610779,
        "median": 15.1609802246,
        "min": 4.12697792053,
        "var": 98.8211898804
    },
    "dissonance": {
        "dmean": 0.0161256939173,
        "dmean2": 0.02693862468,
        "dvar": 0.000184179036296,
        "dvar2": 0.000504709954839,
        "max": 0.499533236027,
        "mean": 0.467004209757,
        "median": 0.472000569105,
        "min": 0.320318132639,
        "var": 0.00041770277312
    },
    "dynamic_complexity": 2.09583067894,
    "erbbands_crest": {
        "dmean": 2.06369924545,
        "dmean2": 3.41708755493,
        "dvar": 4.09783411026,
        "dvar2": 9.91155529022,
        "max": 24.4685173035,
        "mean": 7.14436197281,
        "median": 6.24076223373,
        "min": 2.37788820267,
        "var": 11.1386051178
    },
    "erbbands_flatness_db": {
        "dmean": 0.0144846523181,
        "dmean2": 0.0206867288798,
        "dvar": 0.000196093751583,
        "dvar2": 0.000357419310603,
        "max": 0.266861081123,
        "mean": 0.153733685613,
        "median": 0.158086538315,
        "min": 0.0408588498831,
        "var": 0.00100019876845
    },
    "erbbands_kurtosis": {
        "dmean": 0.458207398653,
        "dmean2": 0.74260020256,
        "dvar": 0.310099184513,
        "dvar2": 0.717451453209,
        "max": 8.6958360672,
        "mean": -0.516640484333,
        "median": -0.763044118881,
        "min": -1.68749141693,
        "var": 0.795916497707
    },
    "erbbands_skewness": {
        "dmean": 0.278366774321,
        "dmean2": 0.442220747471,
        "dvar": 0.0545352324843,
        "dvar2": 0.118802435696,
        "max": 1.86642384529,
        "mean": 0.227094709873,
        "median": 0.244627222419,
        "min": -1.7029106617,
        "var": 0.266591191292
    },
    "erbbands_spread": {
        "dmean": 7.08342123032,
        "dmean2": 10.7990093231,
        "dvar": 48.0182189941,
        "dvar2": 107.44858551,
        "max": 106.052879333,
        "mean": 41.7642784119,
        "median": 39.8394012451,
        "min": 6.72187948227,
        "var": 192.644836426
    },
    "hfc": {
        "dmean": 4.82960557938,
        "dmean2": 7.48651027679,
        "dvar": 45.9302787781,
        "dvar2": 100.409675598,
        "max": 87.1603393555,
        "mean": 20.4958972931,
        "median": 16.7225780487,
        "min": 3.52783587232e-07,
        "var": 176.585601807
    },
    "melbands_crest": {
        "dmean": 3.08259916306,
        "dmean2": 5.02953720093,
        "dvar": 8.32608509064,
        "dvar2": 22.0427913666,
        "max": 29.0700187683,
        "mean": 14.270731926,
        "median": 13.3459606171,
        "min": 5.2698802948,
        "var": 24.6218090057
    },
    "melbands_flatness_db": {
        "dmean": 0.0231662262231,
        "dmean2": 0.0349115356803,
        "dvar": 0.000387742475141,
        "dvar2": 0.000919278769288,
        "max": 0.388662397861,
        "mean": 0.232041269541,
        "median": 0.232646182179,
        "min": 0.0588047988713,
        "var": 0.00200496427715
    },
    "melbands_kurtosis": {
        "dmean": 6.36983394623,
        "dmean2": 10.0362224579,
        "dvar": 67.1413574219,
        "dvar2": 183.75201416,
        "max": 90.8788146973,
        "mean": 14.4979257584,
        "median": 12.0060005188,
        "min": -0.22630906105,
        "var": 127.044708252
    },
    "melbands_skewness": {
        "dmean": 0.666724205017,
        "dmean2": 1.02073812485,
        "dvar": 0.404057592154,
        "dvar2": 1.0977255106,
        "max": 8.61249065399,
        "mean": 3.07314348221,
        "median": 3.00426483154,
        "min": 0.0208113472909,
        "var": 1.29163241386
    },
    "melbands_spread": {
        "dmean": 3.93461537361,
        "dmean2": 5.98055839539,
        "dvar": 17.2665519714,
        "dvar2": 35.9154396057,
        "max": 68.028717041,
        "mean": 14.961224556,
        "median": 13.4786844254,
        "min": 3.08024907112,
        "var": 67.4057998657
    },
    "pitch_salience": {
        "dmean": 0.0715822130442,
        "dmean2": 0.117636620998,
        "dvar": 0.00370215368457,
        "dvar2": 0.00966047029942,
        "max": 0.824704110622,
        "mean": 0.578268289566,
        "median": 0.589527785778,
        "min": 0.261879265308,
        "var": 0.00878742989153
    },
    "silence_rate_20dB": {
        "dmean": 0,
        "dmean2": 0,
        "dvar": 0,
        "dvar2": 0,
        "max": 1,
        "mean": 1,
        "median": 1,
        "min": 1,
        "var": 0
    },
    "silence_rate_30dB": {
        "dmean": 0,
        "dmean2": 0,
        "dvar": 0,
        "dvar2": 0,
        "max": 1,
        "mean": 1,
        "median": 1,
        "min": 1,
        "var": 0
    },
    "silence_rate_60dB": {
        "dmean": 0.00154798757285,
        "dmean2": 0.00309837330133,
        "dvar": 0.0015455794055,
        "dvar2": 0.00308882677928,
        "max": 1,
        "mean": 0.0293890181929,
        "median": 0,
        "min": 0,
        "var": 0.0285256002098
    },
    "spectral_centroid": {
        "dmean": 198.316375732,
        "dmean2": 304.658294678,
        "dvar": 112412.023438,
        "dvar2": 146469.546875,
        "max": 10918.2919922,
        "mean": 997.514099121,
        "median": 915.756408691,
        "min": 369.090179443,
        "var": 238977.984375
    },
    "spectral_complexity": {
        "dmean": 3.56501555443,
        "dmean2": 5.71649885178,
        "dvar": 11.1327486038,
        "dvar2": 26.3472423553,
        "max": 50,
        "mean": 23.1740131378,
        "median": 23,
        "min": 0,
        "var": 57.0207595825
    },
    "spectral_decrease": {
        "dmean": 3.31377814078e-09,
        "dmean2": 5.39706146441e-09,
        "dvar": 1.69389102853e-17,
        "dvar2": 4.46518612839e-17,
        "max": -8.31226352929e-18,
        "mean": -1.11375770828e-08,
        "median": -1.04571524773e-08,
        "min": -3.85629910227e-08,
        "var": 2.85572856828e-17
    },
    "spectral_energy": {
        "dmean": 0.0127836568281,
        "dmean2": 0.0208087507635,
        "dvar": 0.000251317251241,
        "dvar2": 0.000663287064526,
        "max": 0.148554474115,
        "mean": 0.0438948012888,
        "median": 0.0413800030947,
        "min": 6.33709335007e-11,
        "var": 0.000432330270996
    },
    "spectral_energyband_high": {
        "dmean": 0.000303080247249,
        "dmean2": 0.000455623172456,
        "dvar": 6.28258646884e-07,
        "dvar2": 1.11440101591e-06,
        "max": 0.012219697237,
        "mean": 0.000573576893657,
        "median": 0.000154750086949,
        "min": 2.25564514983e-11,
        "var": 1.87968714727e-06
    },
    "spectral_energyband_low": {
        "dmean": 0.00895997695625,
        "dmean2": 0.0142975607887,
        "dvar": 0.000152723543579,
        "dvar2": 0.000405571976444,
        "max": 0.124205283821,
        "mean": 0.0201136395335,
        "median": 0.0174051932991,
        "min": 5.60422194762e-12,
        "var": 0.000208015422686
    },
    "spectral_energyband_middle_high": {
        "dmean": 0.00116882228758,
        "dmean2": 0.0017984486185,
        "dvar": 1.83374265816e-06,
        "dvar2": 4.24404152e-06,
        "max": 0.02329322882,
        "mean": 0.00465495884418,
        "median": 0.00365737359971,
        "min": 1.67692526531e-11,
        "var": 1.1466468095e-05
    },
    "spectral_energyband_middle_low": {
        "dmean": 0.00765652023256,
        "dmean2": 0.0126039264724,
        "dvar": 0.000128177125589,
        "dvar2": 0.000354385992978,
        "max": 0.128614768386,
        "mean": 0.021046821028,
        "median": 0.0179054699838,
        "min": 1.82626518075e-11,
        "var": 0.000198727342649
    },
    "spectral_entropy": {
        "dmean": 0.143645629287,
        "dmean2": 0.215810060501,
        "dvar": 0.0223969779909,
        "dvar2": 0.0421580262482,
        "max": 9.80054569244,
        "mean": 7.46952629089,
        "median": 7.43598031998,
        "min": 6.59911680222,
        "var": 0.093674428761
    },
    "spectral_flux": {
        "dmean": 0.0272951219231,
        "dmean2": 0.0432468242943,
        "dvar": 0.000917462166399,
        "dvar2": 0.00174486835022,
        "max": 0.298847466707,
        "mean": 0.0994041338563,
        "median": 0.0912268385291,
        "min": 3.3395968785e-05,
        "var": 0.00203593634069
    },
    "spectral_kurtosis": {
        "dmean": 2.18624258041,
        "dmean2": 3.73460865021,
        "dvar": 3.8074016571,
        "dvar2": 10.9104766846,
        "max": 19.8870792389,
        "mean": 5.80062770844,
        "median": 5.6065158844,
        "min": -1.16552197933,
        "var": 7.90087175369
    },
    "spectral_rms": {
        "dmean": 0.000897963240277,
        "dmean2": 0.00143445795402,
        "dvar": 9.23334141589e-07,
        "dvar2": 2.37460221797e-06,
        "max": 0.0120387375355,
        "mean": 0.00631571235135,
        "median": 0.0063537969254,
        "min": 2.48646927048e-07,
        "var": 2.93598577628e-06
    },
    "spectral_rolloff": {
        "dmean": 298.647613525,
        "dmean2": 482.253540039,
        "dvar": 407659.75,
        "dvar2": 657150.875,
        "max": 14470.3125,
        "mean": 854.899047852,
        "median": 624.462890625,
        "min": 129.19921875,
        "var": 791963.9375
    },
    "spectral_skewness": {
        "dmean": 0.262695640326,
        "dmean2": 0.428745269775,
        "dvar": 0.0530592687428,
        "dvar2": 0.1372500211,
        "max": 3.31288814545,
        "mean": 1.67309272289,
        "median": 1.6789509058,
        "min": 0.0277698896825,
        "var": 0.155713021755
    },
    "spectral_spread": {
        "dmean": 458810.09375,
        "dmean2": 625464,
        "dvar": 1.22185868902e+12,
        "dvar2": 1.37014004941e+12,
        "max": 39650036,
        "mean": 3669142.75,
        "median": 3305534,
        "min": 2014881.875,
        "var": 2.32033615872e+12
    },
    "spectral_strongpeak": {
        "dmean": 0.345770090818,
        "dmean2": 0.59845995903,
        "dvar": 0.43132519722,
        "dvar2": 1.14061760902,
        "max": 8.37041473389,
        "mean": 0.644593536854,
        "median": 0.435670018196,
        "min": 0,
        "var": 0.530148386955
    },
    "zerocrossingrate": {
        "dmean": 0.0068816668354,
        "dmean2": 0.00815630145371,
        "dvar": 0.000149775354657,
        "dvar2": 0.000142715114634,
        "max": 0.42236328125,
        "mean": 0.0383653864264,
        "median": 0.0341796875,
        "min": 0.00634765625,
        "var": 0.000509571749717
    },
    "barkbands": {
        "dmean": [0.000620897917543, 0.00632707308978, 0.00302058388479, 0.00346354581416, 0.00451715802774, 0.0012899369467, 0.00117049750406, 0.000790891470388, 0.00122081325389, 0.000501711736433, 0.000185098586371, 0.000190626567928, 0.000148026156239, 0.000257669627899, 0.000270763266599, 0.000336516532116, 0.000292047916446, 0.00011689823441, 0.000122907222249, 8.86962734512e-05, 9.6483847301e-05, 9.56884250627e-05, 6.71672678436e-05, 3.1543080695e-05, 2.24453197006e-05, 1.03232341644e-05, 4.50721415746e-07],
        "dmean2": [0.000980753800832, 0.0101390881464, 0.00498661352322, 0.00600944180042, 0.00743296649307, 0.00204167608172, 0.00187914841808, 0.00118415302131, 0.00189154152758, 0.000798580003902, 0.000298124039546, 0.00031771857175, 0.000237598404055, 0.000413633330027, 0.000433207344031, 0.000547997653484, 0.000486497039674, 0.0001971393649, 0.000206321958103, 0.000145296464325, 0.000154132110765, 0.000150124920765, 0.000103485137515, 4.81794231746e-05, 3.16601908708e-05, 1.39400262924e-05, 7.18186299764e-07],
        "dvar": [2.49170943789e-06, 0.000104887243651, 1.41165655805e-05, 2.38658594753e-05, 6.30997019471e-05, 2.11871838474e-06, 2.27151349463e-06, 2.77066055787e-06, 5.76534603169e-06, 5.34497758053e-07, 9.26888432673e-08, 1.31176378204e-07, 4.78597357301e-08, 2.84115003524e-07, 2.8600786095e-07, 3.4084212075e-07, 2.15712930185e-07, 3.42618378113e-08, 2.97842870367e-08, 3.32703002925e-08, 8.82887647435e-08, 1.10448937107e-07, 3.9898115034e-08, 1.04141690827e-08, 4.7215493737e-09, 9.53928158687e-10, 3.47357646119e-12],
        "dvar2": [5.86694068261e-06, 0.000284819048829, 3.94747221435e-05, 6.89532898832e-05, 0.000171490741195, 5.18507840752e-06, 5.54111602469e-06, 5.88927150602e-06, 1.14728300105e-05, 1.29708837449e-06, 2.00277185058e-07, 3.29642858787e-07, 1.10246439533e-07, 5.79034463044e-07, 6.69758378535e-07, 8.35614457628e-07, 5.42704754025e-07, 8.55826272073e-08, 7.39470848998e-08, 8.3870034473e-08, 1.66837438087e-07, 2.17644014811e-07, 8.20881638219e-08, 2.51887684044e-08, 8.33055668892e-09, 1.52782353435e-09, 7.82636282171e-12],
        "max": [0.0136575829238, 0.0919603854418, 0.0590642243624, 0.0409581176937, 0.0805034860969, 0.0228118300438, 0.0236184354872, 0.0419495254755, 0.0427945442498, 0.00864559039474, 0.00448874616995, 0.00723542878404, 0.0032904020045, 0.013120197691, 0.0111816255376, 0.0127633074299, 0.00811933353543, 0.00330105423927, 0.00229860120453, 0.00261478149332, 0.00496012438089, 0.00588274234906, 0.00298973848112, 0.00220285519026, 0.0012145730434, 0.000547190720681, 4.01090619562e-05],
        "mean": [0.000577518367209, 0.0104868598282, 0.00662073167041, 0.00459095649421, 0.00763688981533, 0.00262238900177, 0.00218293606304, 0.00144975888543, 0.00242951372638, 0.000847338989843, 0.000332762196194, 0.000343046878697, 0.000268135539955, 0.000498063513078, 0.000516309577506, 0.000724881654605, 0.000593226519413, 0.000225274503464, 0.000276203471003, 0.000166079888004, 0.000137399358209, 0.00013600125385, 0.000114170230518, 5.98118713242e-05, 4.05439423048e-05, 1.74828655872e-05, 5.4072762623e-07],
        "median": [5.54283979e-05, 0.00775897083804, 0.00475644413382, 0.003006672021, 0.00493565760553, 0.00176227127668, 0.00142077147029, 0.000649238296319, 0.00134857057128, 0.000542568566743, 0.000217878550757, 0.000230517383898, 0.000168329817825, 0.000284473469947, 0.00027283775853, 0.000435508787632, 0.000324296153849, 0.000162455224199, 0.000214578409214, 8.71274969541e-05, 3.87076433981e-05, 2.00733775273e-05, 2.12976101466e-05, 1.21252351164e-05, 7.08499010216e-06, 3.31888986693e-06, 3.66775907423e-08],
        "min": [1.96458778065e-12, 8.47772481556e-13, 2.24065340934e-12, 2.92265972708e-12, 3.20305392452e-12, 9.26753682476e-13, 1.41622011427e-12, 4.54097642735e-13, 4.30493271239e-12, 1.72092223284e-12, 1.48621100236e-12, 8.80182916569e-13, 8.19628165252e-13, 1.17517052946e-13, 7.94214141068e-13, 2.34567161701e-12, 9.97979476836e-13, 1.47344246179e-12, 1.97283118661e-12, 1.78082527023e-12, 1.49941886164e-12, 1.24164957829e-12, 2.35558187539e-12, 2.59540024021e-12, 3.94257846856e-12, 4.37351543869e-12, 6.14954094591e-12],
        "var": [2.55709096564e-06, 0.000110147724627, 3.9987389755e-05, 2.69093543466e-05, 7.71644481574e-05, 6.92297362548e-06, 5.17870330441e-06, 7.24271194485e-06, 1.7765629309e-05, 9.47990827171e-07, 1.91941353478e-07, 2.17906745092e-07, 1.23189906276e-07, 8.12396081074e-07, 7.93410663391e-07, 1.27251280446e-06, 7.1673889579e-07, 5.40370237445e-08, 6.0521202272e-08, 6.10924359989e-08, 1.63610380355e-07, 2.17550635284e-07, 1.02891000608e-07, 3.02183558176e-08, 1.48236694031e-08, 2.63569521763e-09, 5.12820428483e-12]
    },
    "erbbands": {
        "dmean": [0.192712664604, 1.43340647221, 3.05780148506, 7.91532945633, 15.3379964828, 14.067814827, 11.2413778305, 10.0037183762, 18.6639595032, 11.4059867859, 24.0356044769, 24.5318145752, 13.6549634933, 9.30105209351, 7.79656791687, 7.4788980484, 6.26009845734, 8.60101985931, 15.9241065979, 11.2008657455, 19.3303470612, 16.6893959045, 7.06100511551, 6.46724510193, 4.80729961395, 3.89927768707, 4.17377233505, 3.6422765255, 3.85284924507, 2.53704547882, 1.87581372261, 0.904766619205, 0.433320075274, 0.259511351585, 0.159538462758, 0.0685363262892, 0.014145873487, 0.00197238125838, 5.01190988871e-05, 1.50779151227e-05],
        "dmean2": [0.331810086966, 2.3343603611, 5.03510951996, 13.7086439133, 25.6155109406, 23.7027244568, 18.3823299408, 16.0547027588, 29.8139343262, 18.113363266, 36.5095672607, 38.3209495544, 21.6837654114, 14.7627458572, 12.2168502808, 12.3450546265, 9.9892950058, 14.1113948822, 25.3272171021, 18.6225395203, 31.2857761383, 27.6322917938, 11.6687059402, 10.8660640717, 7.85329627991, 6.42579126358, 6.86743879318, 5.59980821609, 6.00346660614, 4.06336975098, 2.83560061455, 1.37860155106, 0.670504868031, 0.381687104702, 0.219281807542, 0.0941985622048, 0.0196228493005, 0.0028576052282, 7.1680660767e-05, 2.43058912019e-05],
        "dvar": [0.201840996742, 4.55521869659, 15.2224645615, 105.396186829, 980.309509277, 530.756347656, 227.891357422, 134.854095459, 707.067260742, 216.52645874, 2492.77368164, 2316.12084961, 630.678100586, 140.852996826, 157.251647949, 152.204544067, 78.8763122559, 187.460845947, 967.305053711, 261.217254639, 1346.35656738, 826.170776367, 116.18901062, 81.5433807373, 53.4171714783, 70.2235641479, 162.495071411, 128.165771484, 190.553588867, 65.8428344727, 30.2326755524, 9.32708454132, 1.83049738407, 0.750707387924, 0.226543724537, 0.0450004972517, 0.00174813577905, 5.13938284712e-05, 2.88901222945e-08, 3.31196986503e-10],
        "dvar2": [0.525536119938, 13.0604925156, 42.8070449829, 300.094421387, 2753.04345703, 1372.09033203, 568.802307129, 325.480316162, 1723.8458252, 522.097961426, 5592.30712891, 4468.93701172, 1446.30102539, 332.759887695, 346.994018555, 375.623626709, 178.655380249, 452.755554199, 2181.59399414, 668.38482666, 3326.38720703, 2120.29589844, 286.0027771, 200.365020752, 132.14743042, 175.55241394, 344.625244141, 250.808044434, 394.093841553, 139.787857056, 57.9496459961, 22.2369823456, 4.33305549622, 1.52903854847, 0.361850976944, 0.0782221108675, 0.00291751581244, 9.69594111666e-05, 5.42265290449e-08, 8.49767367583e-10],
        "max": [2.97714042664, 20.8295974731, 50.6211776733, 93.0982894897, 344.197601318, 285.897003174, 260.338531494, 200.264709473, 419.677886963, 207.832107544, 1111.04699707, 887.855224609, 553.960021973, 128.562026978, 243.858734131, 219.273254395, 164.033004761, 222.920150757, 564.805419922, 246.078338623, 837.217712402, 535.145446777, 203.760131836, 131.566101074, 93.7864227295, 124.136413574, 236.126495361, 236.753265381, 246.49520874, 133.027923584, 109.264472961, 47.7138061523, 35.7756996155, 14.8136291504, 8.95747852325, 3.85501480103, 0.795138061047, 0.146106988192, 0.00353166111745, 0.000168133512489],
        "mean": [0.216327175498, 2.63037967682, 7.55315971375, 12.8203029633, 22.6302852631, 23.3598937988, 22.1984443665, 21.2629337311, 33.5754928589, 23.3090629578, 48.9407043457, 47.8507575989, 25.8983440399, 18.2275848389, 15.2846183777, 14.36469841, 12.6882858276, 17.6725158691, 34.1180496216, 25.4447212219, 43.3924713135, 35.7393722534, 15.2357234955, 14.9045495987, 11.1661157608, 7.3222899437, 6.01842069626, 5.00741624832, 5.1344127655, 3.88515281677, 3.17965650558, 1.616512537, 0.829700410366, 0.472903549671, 0.277112156153, 0.115542344749, 0.0230956971645, 0.0030486297328, 9.50870671659e-05, 5.32572448719e-05],
        "median": [0.0979499071836, 2.14659309387, 5.51816749573, 9.29760074615, 13.2159786224, 15.1253385544, 14.6091737747, 14.4297447205, 20.5966396332, 15.4558258057, 23.6923141479, 27.7155361176, 17.5457744598, 13.4911670685, 10.1622390747, 9.8397693634, 8.58860015869, 11.5559396744, 16.9195194244, 16.7031345367, 25.9444217682, 18.8620185852, 10.7017688751, 11.6270647049, 7.79069328308, 4.09540319443, 2.16192317009, 1.0769225359, 0.698872208595, 0.720096647739, 0.562725663185, 0.284544855356, 0.188791230321, 0.0817331671715, 0.0515172369778, 0.0236093755811, 0.00358572416008, 0.000350211310433, 3.40261722158e-05, 4.96110733366e-05],
        "min": [4.55799530064e-11, 1.5769437145e-10, 1.82053105924e-09, 7.42034211854e-09, 1.09110782631e-08, 9.89958692799e-09, 9.09372488422e-09, 6.90217616395e-09, 1.35161180026e-08, 2.34166552815e-08, 1.29585133735e-08, 1.08117077957e-07, 6.95737298884e-08, 4.57494628847e-08, 1.27579056652e-07, 3.22340767411e-08, 3.11843031398e-08, 1.10125952801e-08, 2.42842563836e-08, 5.67983597932e-08, 1.44372805266e-07, 6.20365412374e-08, 7.41410062233e-08, 9.78934764362e-08, 1.06536823807e-07, 7.56403935043e-08, 6.74113564969e-08, 5.56178285649e-08, 4.08117415418e-08, 4.75525929744e-08, 7.73993633629e-08, 6.17653199697e-08, 4.0122106526e-08, 4.16228935762e-08, 2.98946076782e-08, 1.58912847326e-08, 8.10396905138e-09, 3.59772167613e-09, 9.35326260887e-10, 8.06309116697e-11],
        "var": [0.166748687625, 4.93384313583, 49.3939094543, 141.661712646, 930.552307129, 707.934020996, 624.039367676, 446.280792236, 1492.16101074, 672.415344238, 7639.71533203, 6050.25, 1029.04162598, 274.343688965, 480.26953125, 280.804199219, 220.710998535, 430.870361328, 3741.91674805, 825.701293945, 5240.65283203, 3100.09887695, 232.014572144, 174.501358032, 122.123527527, 103.862060547, 251.987548828, 245.699493408, 344.392486572, 131.155639648, 83.9748687744, 23.2314052582, 5.45392465591, 2.13918828964, 0.69966262579, 0.114877037704, 0.00471497792751, 0.000115989656479, 6.55296688024e-08, 6.65657196031e-10]
    },
    "gfcc": {
        "mean": [13.4181699753, 129.21257019, -116.580337524, 39.7145996094, -47.2323036194, 6.66395807266, -40.2194595337, 13.1807641983, -17.4906082153, -3.20287203789, -17.7203998566, -5.7912068367, -9.8279838562],
        "cov": [[6389.75878906, -584.407592773, 131.68132019, 291.911590576, -263.508453369, 196.062530518, -198.834640503, 66.212348938, -80.9407501221, 109.061584473, -162.216567993, 114.190811157, -68.3283004761], [-584.407592773, 887.651977539, -284.618774414, -103.651428223, 221.339401245, -180.760650635, 115.972160339, -45.2340126038, 90.4690628052, -98.8841934204, 151.31628418, -128.722824097, 94.4906005859], [131.68132019, -284.618774414, 298.287963867, 25.8017024994, -53.0434646606, 58.1868934631, -49.8506469727, 5.90481758118, -52.9175682068, 50.1306762695, -54.6982917786, 68.0795593262, -44.230506897], [291.911590576, -103.651428223, 25.8017024994, 174.896484375, -33.3546981812, 31.53840065, 10.5937175751, -43.9448776245, 17.7867393494, -4.26962089539, -0.8289052248, 17.6307029724, 19.7225875854], [-263.508453369, 221.339401245, -53.0434646606, -33.3546981812, 153.862960815, -48.2750282288, 34.5732650757, 9.21569061279, 16.1864624023, -12.7234487534, 39.0545196533, -24.8646221161, 23.2339038849], [196.062530518, -180.760650635, 58.1868934631, 31.53840065, -48.2750282288, 108.35962677, -1.21898758411, 19.9068431854, -2.3658721447, 21.3799819946, -15.3359451294, 15.5996818542, -14.4612445831], [-198.834640503, 115.972160339, -49.8506469727, 10.5937175751, 34.5732650757, -1.21898758411, 112.01209259, -3.79659295082, 27.0757446289, -17.8557071686, 17.4537944794, -11.9802761078, 13.4925518036], [66.212348938, -45.2340126038, 5.90481758118, -43.9448776245, 9.21569061279, 19.9068431854, -3.79659295082, 87.2364349365, 3.06289124489, 11.4894676208, -9.96997261047, 2.46999549866, -6.73976898193], [-80.9407501221, 90.4690628052, -52.9175682068, 17.7867393494, 16.1864624023, -2.3658721447, 27.0757446289, 3.06289124489, 81.8723220825, 3.38769197464, 31.2404994965, -24.9025173187, 12.7064657211], [109.061584473, -98.8841934204, 50.1306762695, -4.26962089539, -12.7234487534, 21.3799819946, -17.8557071686, 11.4894676208, 3.38769197464, 64.8873443604, -5.24052858353, 19.9365234375, -16.0041217804], [-162.216567993, 151.31628418, -54.6982917786, -0.8289052248, 39.0545196533, -15.3359451294, 17.4537944794, -9.96997261047, 31.2404994965, -5.24052858353, 75.9240112305, -13.5369567871, 30.4434204102], [114.190811157, -128.722824097, 68.0795593262, 17.6307029724, -24.8646221161, 15.5996818542, -11.9802761078, 2.46999549866, -24.9025173187, 19.9365234375, -13.5369567871, 73.8066101074, 0.780107557774], [-68.3283004761, 94.4906005859, -44.230506897, 19.7225875854, 23.2339038849, -14.4612445831, 13.4925518036, -6.73976898193, 12.7064657211, -16.0041217804, 30.4434204102, 0.780107557774, 63.7440299988]],
        "icov": [[0.00024977728026, -0.000566641625483, 0.000251369929174, -0.000839401502162, 0.000393033609726, -0.000607086461969, 0.000630466907751, -0.000586780486628, 0.000420346215833, -0.000652456830721, 0.000789980404079, -0.000565126538277, 0.000447387603344], [-0.000566641625483, 0.00836927443743, -0.000435628870036, 0.00545654492453, -0.00435019098222, 0.00698740594089, -0.00462083658203, 0.00411556335166, -0.00320610892959, 0.00556773459539, -0.00816259626299, 0.00670684501529, -0.00456681242213], [0.000251369929174, -0.000435628870036, 0.00625255936757, -0.00156187347602, -0.000369690591469, -0.00234044832177, 0.00183727731928, -8.80760126165e-05, 0.00210309447721, -0.00280751753598, 0.00228919554502, -0.00401316909119, 0.00277425139211], [-0.000839401502162, 0.00545654492453, -0.00156187347602, 0.0133729875088, -0.00240959203802, 0.0018103630282, -0.00395406223834, 0.0083980280906, -0.00612271856517, 0.00569422589615, -0.00395769812167, 0.00268499064259, -0.00668836757541], [0.000393033609726, -0.00435019098222, -0.000369690591469, -0.00240959203802, 0.0121629163623, 0.00032145503792, -0.000209584861295, -0.0045660068281, 0.00281264563091, -0.00369615620002, 0.000533911399543, -0.00109352031723, 0.000829824246466], [-0.000607086461969, 0.00698740594089, -0.00234044832177, 0.0018103630282, 0.00032145503792, 0.0199839323759, -0.00624668365344, -0.00130975560751, -0.00189893157221, 0.00218288041651, -0.00849168002605, 0.00700714346021, -0.00269603705965], [0.000630466907751, -0.00462083658203, 0.00183727731928, -0.00395406223834, -0.000209584861295, -0.00624668365344, 0.0143702942878, -0.00179192353971, -0.00121676642448, -0.000574264035095, 0.00542218470946, -0.00543529773131, 0.00302708218805], [-0.000586780486628, 0.00411556335166, -8.80760126165e-05, 0.0083980280906, -0.0045660068281, -0.00130975560751, -0.00179192353971, 0.0184487439692, -0.00510885939002, 0.0024469345808, -0.0003981293994, 0.00157446309458, -0.00388852343895], [0.000420346215833, -0.00320610892959, 0.00210309447721, -0.00612271856517, 0.00281264563091, -0.00189893157221, -0.00121676642448, -0.00510885939002, 0.0209059379995, -0.00766484346241, -0.00287658302113, 0.00317780859768, 0.00206144643016], [-0.000652456830721, 0.00556773459539, -0.00280751753598, 0.00569422589615, -0.00369615620002, 0.00218288041651, -0.000574264035095, 0.0024469345808, -0.00766484346241, 0.0258364211768, -0.00729873636737, -0.00084734254051, 0.00107088522054], [0.000789980404079, -0.00816259626299, 0.00228919554502, -0.00395769812167, 0.000533911399543, -0.00849168002605, 0.00542218470946, -0.0003981293994, -0.00287658302113, -0.00729873636737, 0.0300769563764, -0.0072062658146, -0.00308664189652], [-0.000565126538277, 0.00670684501529, -0.00401316909119, 0.00268499064259, -0.00109352031723, 0.00700714346021, -0.00543529773131, 0.00157446309458, 0.00317780859768, -0.00084734254051, -0.0072062658146, 0.0264665205032, -0.00858628097922], [0.000447387603344, -0.00456681242213, 0.00277425139211, -0.00668836757541, 0.000829824246466, -0.00269603705965, 0.00302708218805, -0.00388852343895, 0.00206144643016, 0.00107088522054, -0.00308664189652, -0.00858628097922, 0.0264024827629]]
    },
    "melbands": {
        "dmean": [0.00171869422775, 0.00163391465321, 0.00149292021524, 0.00112302834168, 0.000407627638197, 0.00023645683541, 0.000253241159953, 0.00012659348431, 0.000234065344557, 0.000140226708027, 7.356874994e-05, 4.68176549475e-05, 2.54060378211e-05, 2.07939174288e-05, 2.1095325792e-05, 1.41821210491e-05, 1.79791240953e-05, 2.86988633889e-05, 1.96396267711e-05, 1.96412747755e-05, 2.48593987635e-05, 1.90407972696e-05, 1.12722045742e-05, 5.21273932463e-06, 5.8964847085e-06, 4.68677217214e-06, 3.49221068063e-06, 2.66054144049e-06, 2.74903186437e-06, 2.52425206781e-06, 2.14446163227e-06, 2.38845973399e-06, 1.74439082912e-06, 1.46265858803e-06, 1.25987821775e-06, 7.55237920202e-07, 4.94260405048e-07, 3.35198564017e-07, 2.56095290752e-07, 2.21743206907e-07],
        "dmean2": [0.00279500265606, 0.00265379156917, 0.0025571603328, 0.00186618510634, 0.000665414554533, 0.000378541124519, 0.000406246137572, 0.000200800102903, 0.000360224716133, 0.000218486253289, 0.000117045194202, 7.45261349948e-05, 4.0095193981e-05, 3.43623687513e-05, 3.52252791345e-05, 2.2460528271e-05, 2.96091293421e-05, 4.5779877837e-05, 3.19024620694e-05, 3.21541338053e-05, 4.07860898122e-05, 3.22124433296e-05, 1.83544925676e-05, 8.89017519512e-06, 9.90988246485e-06, 7.7597787822e-06, 5.75436024519e-06, 4.4157350203e-06, 4.56597899756e-06, 3.97556323151e-06, 3.43826150129e-06, 3.79179869014e-06, 2.75142042483e-06, 2.37101517087e-06, 1.9455490019e-06, 1.09822224204e-06, 7.65931190472e-07, 5.26684289071e-07, 3.82764909546e-07, 3.25576650084e-07],
        "dvar": [1.05020317278e-05, 4.58345812149e-06, 4.5474334911e-06, 4.26666565545e-06, 3.32328511377e-07, 7.01460649566e-08, 1.24528909851e-07, 3.04241325466e-08, 2.18644018446e-07, 7.19275234928e-08, 1.72009251287e-08, 3.95236288142e-09, 1.54416290865e-09, 1.70532565846e-09, 1.07107989145e-09, 6.55614840195e-10, 9.05882757696e-10, 3.33356231508e-09, 1.40417832917e-09, 8.56032744689e-10, 2.11691486562e-09, 1.14634068904e-09, 3.57095131243e-10, 6.62782259631e-11, 6.85929854582e-11, 4.77789960374e-11, 3.89968821124e-11, 3.94645947865e-11, 6.80890413496e-11, 6.94398705203e-11, 4.88009008204e-11, 7.70264754757e-11, 3.90454960031e-11, 2.01620040108e-11, 1.33287790527e-11, 6.53233023229e-12, 2.76580949983e-12, 1.05873350451e-12, 7.58013714731e-13, 5.11080327364e-13],
        "dvar2": [2.76816772384e-05, 1.31857113956e-05, 1.31946035253e-05, 1.16497003546e-05, 8.08747074643e-07, 1.67112006011e-07, 3.05103014853e-07, 7.12286407634e-08, 4.92905428473e-07, 1.39353744544e-07, 3.94563279826e-08, 9.43383682284e-09, 3.36204641904e-09, 4.30076374514e-09, 2.83294854242e-09, 1.48765311181e-09, 2.12594719606e-09, 7.13920034201e-09, 3.46857498279e-09, 1.99894611974e-09, 5.39228306451e-09, 2.98915581176e-09, 8.17549694609e-10, 1.6547861692e-10, 1.68717581572e-10, 1.2241015146e-10, 9.88552642522e-11, 9.96897078775e-11, 1.58292920438e-10, 1.15460842276e-10, 1.1225910479e-10, 1.64003394199e-10, 8.33335830897e-11, 4.65044322495e-11, 2.65218697698e-11, 1.44583503156e-11, 6.87370646513e-12, 2.68314840832e-12, 1.62178885772e-12, 1.02243658418e-12],
        "max": [0.0246643666178, 0.0237386766821, 0.0197417140007, 0.0212140232325, 0.0127808302641, 0.00455989781767, 0.00555253122002, 0.00231719017029, 0.00831918977201, 0.00479849008843, 0.00272669759579, 0.000717358489055, 0.000632292241789, 0.00104482122697, 0.000515334657393, 0.000419268209953, 0.000480093498481, 0.00127538887318, 0.000836467079353, 0.000518320943229, 0.00111137493514, 0.000597790814936, 0.000339102873113, 0.000131101114675, 0.000124162179418, 0.000112173460366, 0.00010415512952, 9.79550095508e-05, 0.00013848071103, 0.000186495599337, 0.000149362414959, 0.000163708638866, 0.000127539955429, 6.92468966008e-05, 7.23011035006e-05, 3.91277208109e-05, 3.08378694172e-05, 3.06466936308e-05, 1.69494014699e-05, 1.39574476634e-05],
        "mean": [0.00248391088098, 0.00397439626977, 0.00246404879726, 0.0018273757305, 0.000809863209724, 0.000512055412401, 0.000460031878902, 0.000245829636697, 0.000471472652862, 0.000272376579233, 0.000130819738843, 8.4119506937e-05, 4.74681000924e-05, 3.87352702091e-05, 3.58465076715e-05, 2.60718370555e-05, 3.32044328388e-05, 5.84984154557e-05, 3.64869010809e-05, 3.87704494642e-05, 5.04093477502e-05, 3.77400319849e-05, 2.10487669392e-05, 9.7761167126e-06, 1.25925889733e-05, 9.45169267652e-06, 7.07872140993e-06, 4.18190529672e-06, 3.63967660633e-06, 3.49301922142e-06, 2.74028298008e-06, 3.05175490212e-06, 2.3574473289e-06, 2.12164718505e-06, 2.01520583687e-06, 1.2761453263e-06, 8.58264797898e-07, 5.97353619014e-07, 4.66888280926e-07, 3.70498895563e-07],
        "median": [0.00164619949646, 0.00334486016072, 0.00186028762255, 0.00110092852265, 0.000557168968953, 0.000356408156222, 0.000293558608973, 0.00014560976706, 0.000223377850489, 0.000158436305355, 8.579507994e-05, 5.80264859309e-05, 3.06967485812e-05, 2.56699568126e-05, 2.43602335104e-05, 1.53327964654e-05, 2.17658816837e-05, 2.74640169664e-05, 2.05442102015e-05, 2.35290008277e-05, 3.02829630527e-05, 1.9207232981e-05, 1.23936406453e-05, 7.0739019975e-06, 9.4178285508e-06, 7.10633958079e-06, 3.9001447476e-06, 2.26702650252e-06, 1.34542608521e-06, 8.96257176919e-07, 5.17269995726e-07, 3.65310711459e-07, 3.63347965049e-07, 4.17752772819e-07, 3.38628495911e-07, 2.16185952695e-07, 1.43509311101e-07, 1.34715861577e-07, 8.67760192591e-08, 5.29848911413e-08],
        "min": [4.12799866989e-13, 7.02707748761e-13, 1.38513170118e-12, 7.75711472053e-13, 3.33723256278e-13, 1.58194421104e-13, 2.30658753816e-13, 2.21573925657e-13, 1.05172774244e-13, 7.5406575515e-13, 3.19100729998e-13, 1.64463698194e-13, 2.7262949385e-13, 1.67558539743e-13, 7.9518572174e-14, 5.88779716713e-14, 1.37859033678e-14, 2.83770030314e-14, 6.65261506365e-14, 1.0004396942e-13, 1.84101621751e-13, 6.00571906117e-14, 5.8361423875e-14, 6.50124824309e-14, 7.84854020425e-14, 8.87723800177e-14, 6.14161228384e-14, 4.84024915959e-14, 4.40843616765e-14, 3.04341987267e-14, 3.56510441557e-14, 2.29006538125e-14, 2.23545411782e-14, 2.72067338412e-14, 4.94036845396e-14, 3.66305225627e-14, 3.87473595418e-14, 2.46642085959e-14, 3.46825975057e-14, 3.430293701e-14],
        "var": [1.00293927972e-05, 8.87782516656e-06, 4.91875243824e-06, 4.98474355481e-06, 8.10564756648e-07, 2.40328688506e-07, 2.60355562887e-07, 9.32347461458e-08, 7.30275587557e-07, 1.86185843631e-07, 2.78043046364e-08, 7.0614842862e-09, 4.15422451994e-09, 3.55834561816e-09, 1.56968238407e-09, 1.75255809864e-09, 1.79473291784e-09, 1.32990916057e-08, 3.48652262616e-09, 2.59198884578e-09, 6.69139854637e-09, 3.57203577828e-09, 7.67899466236e-10, 1.06073448636e-10, 1.42129960579e-10, 7.82083772743e-11, 1.1780057485e-10, 4.49873506503e-11, 8.58286081096e-11, 1.40277761629e-10, 7.34736091412e-11, 1.28745486494e-10, 6.81021766757e-11, 3.72595947151e-11, 3.49913743813e-11, 1.51613808314e-11, 6.92531665694e-12, 2.95471373063e-12, 2.02667049809e-12, 1.40716973664e-12]
    },
    "mfcc": {
        "mean": [-626.137573242, 152.692886353, -4.80768203735, 34.9775314331, 13.0904369354, 0.788241624832, -5.13627386093, 7.91055965424, 1.87383592129, 7.64383888245, -3.12598466873, -2.51779913902, -1.00332212448],
        "cov": [[4400.70166016, -267.838531494, 136.938186646, 111.125686646, -10.8777103424, 90.2868423462, -108.661743164, 47.2261772156, 16.2446861267, 1.48407924175, -69.338142395, 20.6606063843, 15.7088947296], [-267.838531494, 948.444641113, -364.668914795, 78.744758606, 55.6254730225, -106.856040955, 56.5195846558, -2.26987099648, -29.5273590088, 59.1349716187, 3.77625083923, -6.77858114243, 0.224621728063], [136.938186646, -364.668914795, 317.564422607, -31.3499088287, -15.1259860992, 62.4631309509, -28.7530593872, -5.03922843933, 0.418071120977, -40.4808998108, 5.32755565643, -3.61179828644, 4.40418195724], [111.125686646, 78.744758606, -31.3499088287, 138.260986328, 1.56087982655, 29.4217453003, -5.44121646881, 1.57448256016, 2.49087524414, -18.3121089935, -14.3537874222, -0.800860524178, 7.50472688675], [-10.8777103424, 55.6254730225, -15.1259860992, 1.56087982655, 97.4267883301, -20.7600307465, 4.49778175354, -12.0937976837, -8.1211681366, 14.3200979233, -8.44962215424, 6.08088111877, 6.27090454102], [90.2868423462, -106.856040955, 62.4631309509, 29.4217453003, -20.7600307465, 93.3308486938, 0.431057989597, 0.1202641204, 3.24632620811, -14.4282712936, 8.31067276001, 2.45736694336, 0.110594250262], [-108.661743164, 56.5195846558, -28.7530593872, -5.44121646881, 4.49778175354, 0.431057989597, 70.7322311401, 14.7943487167, 8.60890674591, -3.62945079803, 4.53901767731, 0.238139227033, -5.90268468857], [47.2261772156, -2.26987099648, -5.03922843933, 1.57448256016, -12.0937976837, 0.1202641204, 14.7943487167, 61.8140220642, 17.1858768463, 2.29675841331, -3.50931143761, 1.24235129356, 4.38050270081], [16.2446861267, -29.5273590088, 0.418071120977, 2.49087524414, -8.1211681366, 3.24632620811, 8.60890674591, 17.1858768463, 54.5897789001, 8.39419269562, 4.53401851654, 2.94376754761, -0.550186812878], [1.48407924175, 59.1349716187, -40.4808998108, -18.3121089935, 14.3200979233, -14.4282712936, -3.62945079803, 2.29675841331, 8.39419269562, 73.243927002, 16.9093456268, 10.9098501205, -3.98048019409], [-69.338142395, 3.77625083923, 5.32755565643, -14.3537874222, -8.44962215424, 8.31067276001, 4.53901767731, -3.50931143761, 4.53401851654, 16.9093456268, 51.97397995, 8.24684906006, -2.25464344025], [20.6606063843, -6.77858114243, -3.61179828644, -0.800860524178, 6.08088111877, 2.45736694336, 0.238139227033, 1.24235129356, 2.94376754761, 10.9098501205, 8.24684906006, 44.1654815674, 9.66104888916], [15.7088947296, 0.224621728063, 4.40418195724, 7.50472688675, 6.27090454102, 0.110594250262, -5.90268468857, 4.38050270081, -0.550186812878, -3.98048019409, -2.25464344025, 9.66104888916, 47.1438827515]],
