{
"lowlevel": {
    "average_loudness": 0.456157803535,
    "barkbands_crest": {
        "dmean": 1.99168217182,
        "dmean2": 3.12180328369,
        "dvar": 3.29547381401,
        "dvar2": 7.63739824295,
        "max": 25.7419834137,
        "mean": 11.2479906082,
        "median": 10.2245187759,
        "min": 3.14278101921,
        "var": 21.2467384338
    },
    "barkbands_flatness_db": {
        "dmean": 0.0184714384377,
        "dmean2": 0.0285320021212,
        "dvar": 0.000295381702017,
        "dvar2": 0.000624167907517,
        "max": 0.540906667709,
        "mean": 0.230156511068,
        "median": 0.21410562098,
        "min": 0.0805699750781,
        "var": 0.00593047775328
    },
    "barkbands_kurtosis": {
        "dmean": 4.0209941864,
        "dmean2": 6.05184745789,
        "dvar": 99.4912490845,
        "dvar2": 197.175170898,
        "max": 414.146270752,
        "mean": 10.9828701019,
        "median": 5.15102863312,
        "min": -1.83395755291,
        "var": 465.068664551
    },
    "barkbands_skewness": {
        "dmean": 0.444025784731,
        "dmean2": 0.675391972065,
        "dvar": 0.278437763453,
        "dvar2": 0.580400586128,
        "max": 15.3135681152,
        "mean": 2.15473198891,
        "median": 1.83054828644,
        "min": -0.493653714657,
        "var": 2.2175924778
    },
    "barkbands_spread": {
        "dmean": 2.44217205048,
        "dmean2": 3.64615225792,
        "dvar": 18.6360702515,
        "dvar2": 33.7103805542,
        "max": 81.3395614624,
        "mean": 12.7537288666,
        "median": 9.38430595398,
        "min": 0.256110727787,
        "var": 137.568405151
    },
    "dissonance": {
        "dmean": 0.0215757824481,
        "dmean2": 0.0359841361642,
        "dvar": 0.000410657346947,
        "dvar2": 0.00107754860073,
        "max": 0.5,
        "mean": 0.443093210459,
        "median": 0.449903964996,
        "min": 0.274456858635,
        "var": 0.0014210047666
    },
    "dynamic_complexity": 3.27962613106,
    "erbbands_crest": {
        "dmean": 2.09961867332,
        "dmean2": 3.35019516945,
        "dvar": 4.06615066528,
        "dvar2": 9.81355857849,
        "max": 24.7064762115,
        "mean": 10.2439336777,
        "median": 9.51632213593,
        "min": 3.01236271858,
        "var": 17.4272823334
    },
    "erbbands_flatness_db": {
        "dmean": 0.0128083545715,
        "dmean2": 0.019003232941,
        "dvar": 0.000176794550498,
        "dvar2": 0.000342378305504,
        "max": 0.343105822802,
        "mean": 0.204903721809,
        "median": 0.20391510427,
        "min": 0.11108057946,
        "var": 0.00157579686493
    },
    "erbbands_kurtosis": {
        "dmean": 0.988168895245,
        "dmean2": 1.54885816574,
        "dvar": 1.69447779655,
        "dvar2": 4.02186250687,
        "max": 21.383934021,
        "mean": 1.68879902363,
        "median": 0.803144454956,
        "min": -1.80182647705,
        "var": 8.95206069946
    },
    "erbbands_skewness": {
        "dmean": 0.285269975662,
        "dmean2": 0.4351092875,
        "dvar": 0.0749862194061,
        "dvar2": 0.16345076263,
        "max": 3.9925365448,
        "mean": 0.761759638786,
        "median": 0.747181236744,
        "min": -2.23562693596,
        "var": 0.934474349022
    },
    "erbbands_spread": {
        "dmean": 5.60210180283,
        "dmean2": 8.53975868225,
        "dvar": 50.0722503662,
        "dvar2": 101.379722595,
        "max": 139.68913269,
        "mean": 31.654794693,
        "median": 27.734708786,
        "min": 6.01395654678,
        "var": 318.648925781
    },
    "hfc": {
        "dmean": 1.67273736,
        "dmean2": 2.59264087677,
        "dvar": 10.1445150375,
        "dvar2": 23.2573833466,
        "max": 96.8680496216,
        "mean": 9.91633796692,
        "median": 4.38862705231,
        "min": 6.02985201112e-05,
        "var": 197.283035278
    },
    "melbands_crest": {
        "dmean": 2.34546637535,
        "dmean2": 3.75522708893,
        "dvar": 4.7628288269,
        "dvar2": 11.6351451874,
        "max": 32.8164138794,
        "mean": 15.4653596878,
        "median": 14.1264610291,
        "min": 4.95652198792,
        "var": 32.0588111877
    },
    "melbands_flatness_db": {
        "dmean": 0.0201681125909,
        "dmean2": 0.0289660617709,
        "dvar": 0.000427856022725,
        "dvar2": 0.000832421064842,
        "max": 0.664609134197,
        "mean": 0.290858149529,
        "median": 0.272497445345,
        "min": 0.071419544518,
        "var": 0.0101952431723
    },
    "melbands_kurtosis": {
        "dmean": 6.2560749054,
        "dmean2": 9.60993671417,
        "dvar": 108.186203003,
        "dvar2": 229.795181274,
        "max": 254.062561035,
        "mean": 19.2235355377,
        "median": 10.8251991272,
        "min": -1.31621813774,
        "var": 611.532287598
    },
    "melbands_skewness": {
        "dmean": 0.535279929638,
        "dmean2": 0.831336557865,
        "dvar": 0.328669697046,
        "dvar2": 0.751160562038,
        "max": 11.0704069138,
        "mean": 2.88026332855,
        "median": 2.58783102036,
        "min": 0.248785808682,
        "var": 2.20284533501
    },
    "melbands_spread": {
        "dmean": 2.7584373951,
        "dmean2": 4.22251081467,
        "dvar": 21.2235050201,
        "dvar2": 50.2941398621,
        "max": 103.76966095,
        "mean": 12.8216648102,
        "median": 9.49123477936,
        "min": 0.357666999102,
        "var": 137.867370605
    },
    "pitch_salience": {
        "dmean": 0.0581710003316,
        "dmean2": 0.0949444621801,
        "dvar": 0.00262661161833,
        "dvar2": 0.0061927838251,
        "max": 0.814682066441,
        "mean": 0.518419325352,
        "median": 0.532123625278,
        "min": 0.0821518301964,
        "var": 0.0152921881527
    },
    "silence_rate_20dB": {
        "dmean": 0,
        "dmean2": 0,
        "dvar": 0,
        "dvar2": 0,
        "max": 1,
        "mean": 1,
        "median": 1,
        "min": 1,
        "var": 0
    },
    "silence_rate_30dB": {
        "dmean": 0.00309837330133,
        "dmean2": 0.00619914755225,
        "dvar": 0.00308876903728,
        "dvar2": 0.00848538335413,
        "max": 1,
        "mean": 0.998064279556,
        "median": 1,
        "min": 0,
        "var": 0.00193199072964
    },
    "silence_rate_60dB": {
        "dmean": 0.00464755995199,
        "dmean2": 0.00929872132838,
        "dvar": 0.00462618935853,
        "dvar2": 0.0107614975423,
        "max": 1,
        "mean": 0.0185830425471,
        "median": 0,
        "min": 0,
        "var": 0.018239043653
    },
    "spectral_centroid": {
        "dmean": 116.375190735,
        "dmean2": 173.984985352,
        "dvar": 27236.3808594,
        "dvar2": 53516.453125,
        "max": 3784.18334961,
        "mean": 789.52545166,
        "median": 636.410095215,
        "min": 142.962799072,
        "var": 290049.5
    },
    "spectral_complexity": {
        "dmean": 1.65220761299,
        "dmean2": 2.68229365349,
        "dvar": 3.64743518829,
        "dvar2": 8.28106975555,
        "max": 56,
        "mean": 12.0321331024,
        "median": 10,
        "min": 0,
        "var": 81.5820083618
    },
    "spectral_decrease": {
        "dmean": 1.06835507108e-09,
        "dmean2": 1.68279834512e-09,
        "dvar": 3.47555609437e-18,
        "dvar2": 8.7044513644e-18,
        "max": -2.57262039362e-13,
        "mean": -4.87322582288e-09,
        "median": -3.37300698483e-09,
        "min": -3.91329599836e-08,
        "var": 1.76018905831e-17
    },
    "spectral_energy": {
        "dmean": 0.00412082578987,
        "dmean2": 0.00649742176756,
        "dvar": 5.08580342284e-05,
        "dvar2": 0.000127108272864,
        "max": 0.152443811297,
        "mean": 0.019292127341,
        "median": 0.0133407032117,
        "min": 9.76429873845e-07,
        "var": 0.000281399406958
    },
    "spectral_energyband_high": {
        "dmean": 9.64774590102e-05,
        "dmean2": 0.000147388505866,
        "dvar": 1.00457619112e-07,
        "dvar2": 2.09141006735e-07,
        "max": 0.00739440368488,
        "mean": 0.000270955031738,
        "median": 3.67791035387e-05,
        "min": 3.77780272343e-11,
        "var": 5.31144507931e-07
    },
    "spectral_energyband_low": {
        "dmean": 0.00281127542257,
        "dmean2": 0.00440424028784,
        "dvar": 4.15472786699e-05,
        "dvar2": 0.000104575832665,
        "max": 0.126676559448,
        "mean": 0.00871247705072,
        "median": 0.00403872784227,
        "min": 8.9333127562e-07,
        "var": 0.00013618619414
    },
    "spectral_energyband_middle_high": {
        "dmean": 0.000599282037001,
        "dmean2": 0.000953029724769,
        "dvar": 1.87860280221e-06,
        "dvar2": 4.94612640978e-06,
        "max": 0.0375985056162,
        "mean": 0.00288795446977,
        "median": 0.000682799669448,
        "min": 2.13678533201e-10,
        "var": 2.59171574726e-05
    },
    "spectral_energyband_middle_low": {
        "dmean": 0.00228714477271,
        "dmean2": 0.00359991262667,
        "dvar": 1.31837750814e-05,
        "dvar2": 3.18619058817e-05,
        "max": 0.0624478012323,
        "mean": 0.00836853124201,
        "median": 0.00607047043741,
        "min": 3.00699944944e-08,
        "var": 5.53503850824e-05
    },
    "spectral_entropy": {
        "dmean": 0.1414809376,
        "dmean2": 0.211046889424,
        "dvar": 0.0236273705959,
        "dvar2": 0.0465882532299,
        "max": 8.37917232513,
        "mean": 6.95459508896,
        "median": 6.96683835983,
        "min": 5.26927995682,
        "var": 0.337495356798
    },
    "spectral_flux": {
        "dmean": 0.0133648477495,
        "dmean2": 0.0215406827629,
        "dvar": 0.000333055591909,
        "dvar2": 0.000705550599378,
        "max": 0.273182958364,
        "mean": 0.0480772852898,
        "median": 0.0407718643546,
        "min": 0.000988144660369,
        "var": 0.000943999330048
    },
    "spectral_kurtosis": {
        "dmean": 3.5959353447,
        "dmean2": 5.89429950714,
        "dvar": 24.411901474,
        "dvar2": 66.4274215698,
        "max": 77.1522521973,
        "mean": 8.43313980103,
        "median": 5.78858661652,
        "min": -1.38333821297,
        "var": 82.913848877
    },
    "spectral_rms": {
        "dmean": 0.000429616600741,
        "dmean2": 0.000672197551467,
        "dvar": 2.99547480154e-07,
        "dvar2": 7.05821207703e-07,
        "max": 0.0121953133494,
        "mean": 0.00402074307203,
        "median": 0.00360767520033,
        "min": 3.08644557663e-05,
        "var": 2.655197477e-06
    },
    "spectral_rolloff": {
        "dmean": 164.859512329,
        "dmean2": 279.055511475,
        "dvar": 250081.609375,
        "dvar2": 473311.53125,
        "max": 8161.08398438,
        "mean": 800.195251465,
        "median": 538.330078125,
        "min": 64.599609375,
        "var": 959700.5625
    },
    "spectral_skewness": {
        "dmean": 0.3386734128,
        "dmean2": 0.540320932865,
        "dvar": 0.12606023252,
        "dvar2": 0.325498014688,
        "max": 7.01361703873,
        "mean": 2.03386616707,
        "median": 1.86223483086,
        "min": -0.0130511270836,
        "var": 0.90117931366
    },
    "spectral_spread": {
        "dmean": 382801.59375,
        "dmean2": 575775.6875,
        "dvar": 256456704000,
        "dvar2": 487713898496,
        "max": 11666611,
        "mean": 3515813.75,
        "median": 3357952.25,
        "min": 863449.5,
        "var": 1.65339411251e+12
    },
    "spectral_strongpeak": {
        "dmean": 0.248365476727,
        "dmean2": 0.416281819344,
        "dvar": 0.247575029731,
        "dvar2": 0.619418978691,
        "max": 7.00706958771,
        "mean": 0.601284682751,
        "median": 0.364633709192,
        "min": 0,
        "var": 0.481423139572
    },
    "zerocrossingrate": {
        "dmean": 0.0049397344701,
        "dmean2": 0.00598347885534,
        "dvar": 5.11163561896e-05,
        "dvar2": 5.0169750466e-05,
        "max": 0.18603515625,
        "mean": 0.0324891358614,
        "median": 0.02783203125,
        "min": 0.001953125,
        "var": 0.000590548675973
    },
    "barkbands": {
        "dmean": [0.000101897661807, 0.00192914425861, 0.00122453295626, 0.000836702005472, 0.00111106573604, 0.000632284383755, 0.000374875875423, 0.000214532425161, 0.000252758676652, 0.000116803217679, 9.81881967164e-05, 0.000343931897078, 7.36710426281e-05, 0.00010955244943, 0.000173894586624, 7.24058481865e-05, 9.08936999622e-05, 7.02147954144e-05, 5.27228985447e-05, 4.7102013923e-05, 3.1347721233e-05, 2.06170261663e-05, 1.51494978127e-05, 2.06705226447e-05, 6.83582402417e-06, 6.80748701853e-09, 1.69925928883e-09],
        "dmean2": [0.000163315999089, 0.00274781347252, 0.00206292583607, 0.00140772503801, 0.00174451258499, 0.000987245002761, 0.00059025187511, 0.000348428555299, 0.000374172843294, 0.000178076457814, 0.000153848173795, 0.000554145313799, 0.000117417352158, 0.000172715343069, 0.000287972390652, 0.000119478754641, 0.000152595835971, 0.000114542068332, 8.62172310008e-05, 7.71605991758e-05, 4.99226553075e-05, 3.17946505675e-05, 2.28097305808e-05, 3.1114093872e-05, 1.03318789115e-05, 1.07240838432e-08, 3.10777936718e-09],
        "dvar": [6.0711009553e-08, 1.92933675862e-05, 1.03945067167e-05, 2.68322514785e-06, 4.21008735429e-06, 1.43359056892e-06, 8.35479511352e-07, 2.05829977062e-07, 3.34042567829e-07, 8.68824798772e-08, 7.5752950579e-08, 1.3717751699e-06, 3.10078398513e-08, 1.20770522472e-07, 2.73417896324e-07, 4.46959269595e-08, 9.85253336694e-08, 6.63474253315e-08, 1.9107506688e-08, 2.37144366366e-08, 1.74688601362e-08, 7.47255324285e-09, 4.27805968428e-09, 1.11772981981e-08, 6.95732915723e-10, 8.69107525832e-16, 1.8099148554e-16],
        "dvar2": [1.48511276166e-07, 4.14792666561e-05, 2.86991544272e-05, 7.30137071514e-06, 9.36350170377e-06, 3.41592635777e-06, 2.06640424949e-06, 5.18245826697e-07, 7.46299065213e-07, 1.79508091946e-07, 1.64457503615e-07, 3.91100456909e-06, 6.77124560866e-08, 2.79010379245e-07, 7.41947303595e-07, 1.2951433348e-07, 2.86128056359e-07, 1.83903040352e-07, 5.18969009988e-08, 6.85453258598e-08, 3.77141056163e-08, 1.72175376179e-08, 9.29861254662e-09, 2.12420037116e-08, 1.46496492714e-09, 1.88830071371e-15, 4.81639927407e-16],
        "max": [0.00520768715069, 0.0594554580748, 0.0778557360172, 0.0288041979074, 0.0369612649083, 0.0289555005729, 0.0178864020854, 0.00923045538366, 0.0109599754214, 0.00620112707838, 0.0105184242129, 0.0209028236568, 0.00338119035587, 0.0103736100718, 0.00797949451953, 0.00443550571799, 0.00679232971743, 0.00579760363325, 0.00447389157489, 0.00317951594479, 0.0049023446627, 0.00229200627655, 0.00189210602548, 0.00396898202598, 0.000795010419097, 1.05964318209e-06, 4.64657887278e-07],
        "mean": [0.000163496981259, 0.00503429118544, 0.00258416915312, 0.00179196475074, 0.00294942455366, 0.00162497127894, 0.000806280237157, 0.000492296821903, 0.000674119219184, 0.000258416723227, 0.000230552861467, 0.000756807799917, 0.000165964724147, 0.000290493713692, 0.000353101087967, 0.000175565364771, 0.000271152937785, 0.000176269473741, 0.000148190229083, 0.000140163640026, 6.94232003298e-05, 4.0260496462e-05, 3.28801907017e-05, 4.84458541905e-05, 1.34082083605e-05, 1.0903067782e-08, 1.22163645866e-09],
        "median": [4.06872313761e-05, 0.00147239246871, 0.00143382302485, 0.00102935696486, 0.00148137402721, 0.000722762371879, 0.000160304218298, 0.000254027574556, 0.000386985891964, 7.19094095984e-05, 5.60975095141e-05, 5.11233811267e-05, 2.86594258796e-05, 3.14763601637e-05, 4.47773236374e-05, 3.50643240381e-05, 2.45540832111e-05, 2.18944151129e-05, 2.66747720161e-05, 1.48135295603e-05, 1.02350204543e-05, 2.90135085379e-06, 1.99277178581e-06, 6.81955771142e-06, 2.25651274377e-06, 1.8658936618e-09, 2.77987161068e-10],
        "min": [5.65834028521e-08, 6.61398985358e-07, 8.64546336743e-08, 1.83507680163e-08, 8.95769858289e-09, 1.63204760817e-09, 2.53469412126e-10, 4.49077358633e-10, 3.86065568403e-10, 4.72798918072e-11, 2.34929610488e-11, 3.61795662873e-11, 1.42038785247e-11, 3.06642246317e-11, 4.62998424322e-11, 1.27897553659e-11, 5.05759670255e-12, 6.95296684811e-12, 6.33564251409e-12, 7.34170103184e-12, 4.14450418429e-12, 7.65609277364e-12, 4.99059777878e-12, 5.92245263248e-12, 4.86947071207e-12, 2.74462961039e-12, 4.02719654499e-12],
        "var": [1.09096973233e-07, 8.10489582364e-05, 2.15059008042e-05, 6.13523934589e-06, 2.15754935198e-05, 6.46784656055e-06, 3.06351512336e-06, 6.74440229886e-07, 9.53108326485e-07, 3.54954181603e-07, 3.43874432929e-07, 4.00858607463e-06, 1.35173124249e-07, 9.49220634539e-07, 8.05194531495e-07, 1.86579470096e-07, 6.6101046059e-07, 2.71522935691e-07, 1.00141377857e-07, 1.41155567235e-07, 5.49050476195e-08, 2.20517044625e-08, 1.86404172098e-08, 4.31832098968e-08, 1.82938963977e-09, 1.64791085745e-15, 1.27242917228e-16]
    },
    "erbbands": {
        "dmean": [0.0694358572364, 0.406153559685, 1.21785700321, 2.06012225151, 2.79343223572, 4.25372505188, 6.19592523575, 4.28598403931, 5.26322650909, 4.30675029755, 6.07312917709, 4.95828485489, 2.73573374748, 4.80618715286, 2.79223942757, 12.9867305756, 5.67934608459, 3.25576901436, 7.41798448563, 6.1251745224, 3.82550692558, 5.44348096848, 2.38351154327, 3.83272147179, 3.10564374924, 1.50479972363, 1.86165380478, 0.991407811642, 0.768101215363, 0.553275644779, 0.409182578325, 0.462745159864, 0.322504729033, 0.139439582825, 0.00934999063611, 0.000407762912801, 2.25259482249e-05, 3.55923566531e-06, 2.38772076955e-06, 4.65223411084e-06],
        "dmean2": [0.0918894037604, 0.644659161568, 2.11849069595, 3.43187475204, 4.64066743851, 6.70190382004, 9.3831205368, 6.79532575607, 8.17060565948, 6.94873666763, 9.5889377594, 7.4771566391, 4.19108724594, 7.60647916794, 4.48229646683, 20.8141155243, 9.18027496338, 5.01592206955, 12.0613861084, 10.1650390625, 6.48640441895, 9.19152355194, 3.89185929298, 6.26156282425, 5.0516076088, 2.4132361412, 3.03092432022, 1.57084035873, 1.19300758839, 0.860282123089, 0.612377941608, 0.697728037834, 0.492875427008, 0.208971351385, 0.0140607003123, 0.000607365858741, 3.31043484039e-05, 5.42372663404e-06, 3.69946542378e-06, 7.31500131224e-06],
        "dvar": [0.0288849528879, 0.988749980927, 11.791270256, 15.2312221527, 42.6120758057, 60.4988327026, 186.44708252, 62.786277771, 163.066711426, 97.4372787476, 174.180526733, 154.88848877, 34.0216560364, 139.10585022, 45.5387191772, 2043.90856934, 272.306152344, 80.7796020508, 384.579071045, 280.902801514, 135.683197021, 352.288360596, 60.5581970215, 161.736816406, 85.1165466309, 19.1887054443, 40.4199523926, 24.0353813171, 11.4678630829, 5.46672534943, 3.31312441826, 6.30287361145, 2.34066009521, 0.303369343281, 0.00107464578468, 2.09654899663e-06, 6.53410570095e-09, 1.79523840238e-10, 2.10160708281e-11, 6.16289450028e-11],
        "dvar2": [0.0468029417098, 2.54846000671, 33.5107536316, 41.2231483459, 102.079910278, 149.47303772, 414.323913574, 151.078552246, 375.464660645, 258.906799316, 421.810302734, 354.528442383, 67.6874465942, 307.499908447, 111.065574646, 5905.23095703, 740.741699219, 145.865859985, 969.878051758, 761.583557129, 413.874847412, 1041.60717773, 172.020904541, 426.607574463, 242.091079712, 50.6498641968, 106.833129883, 49.8404769897, 27.3013191223, 11.6280298233, 7.13248538971, 11.7222232819, 4.8875041008, 0.612071871758, 0.00205480004661, 3.92130687032e-06, 1.21408527676e-08, 3.63149454952e-10, 4.76071300437e-11, 1.53440843365e-10],
        "max": [2.73689413071, 15.6089134216, 74.0287475586, 82.4189910889, 107.521774292, 102.881324768, 332.630218506, 129.193664551, 204.275100708, 186.556671143, 245.677307129, 309.665313721, 155.373748779, 347.295501709, 146.009368896, 799.952941895, 318.523132324, 319.013000488, 433.161956787, 270.065490723, 266.663330078, 399.311859131, 202.356033325, 339.005889893, 256.262084961, 112.218994141, 165.452926636, 190.365066528, 94.2398529053, 56.4473800659, 49.1856384277, 92.1688461304, 51.3149185181, 17.2349319458, 1.04597389698, 0.0469927191734, 0.0023227611091, 0.000421861943323, 0.000146071397467, 0.000171688807313],
        "mean": [0.182110592723, 1.01353538036, 2.69256949425, 4.83865976334, 6.01640892029, 9.86770248413, 19.3744850159, 10.3271284103, 11.6496219635, 9.2864074707, 15.4485015869, 13.3488903046, 6.93278169632, 13.0131931305, 7.62811231613, 28.9666366577, 13.0085220337, 8.66517734528, 20.4820785522, 14.2457342148, 10.8172883987, 16.4403324127, 7.17663955688, 10.6282863617, 8.33642101288, 4.96545648575, 4.50199222565, 2.14459967613, 1.51110172272, 1.15067493916, 0.913258135319, 1.07311785221, 0.694081366062, 0.289446443319, 0.0193410310894, 0.000875824305695, 5.68892974115e-05, 9.1930387498e-06, 1.13007135951e-05, 2.25241710723e-05],
        "median": [0.0427525527775, 0.358655840158, 1.55523192883, 3.03600525856, 3.99210643768, 4.51357460022, 5.32533311844, 5.4528465271, 3.07814240456, 3.71753835678, 9.07574462891, 7.61731433868, 3.27188491821, 3.86374092102, 2.34768295288, 2.31403470039, 1.88967144489, 1.71688532829, 1.88220894337, 2.96506953239, 1.99070715904, 1.59950637817, 1.15453267097, 1.34372520447, 1.33224380016, 0.718209385872, 0.534900605679, 0.278161495924, 0.125205412507, 0.0611430704594, 0.0623574219644, 0.0907545760274, 0.129492476583, 0.0502876862884, 0.00339536252432, 0.000160849886015, 1.52853590407e-05, 2.49415302278e-06, 7.36783567845e-06, 1.56360711117e-05],
        "min": [2.61059358309e-05, 0.000119689713756, 0.000130911721499, 8.38056366774e-05, 2.44860675593e-05, 3.93452974095e-05, 2.63114652626e-05, 1.79735925485e-05, 6.21208482698e-06, 4.64848608317e-06, 1.25405267681e-05, 7.39856068321e-06, 3.46971455656e-06, 5.38339861578e-07, 1.63525476182e-06, 9.80786694527e-07, 5.87773683947e-07, 1.43089573612e-06, 1.48537276345e-06, 2.56365979112e-06, 4.99354541716e-07, 2.92477665198e-07, 4.1850464072e-07, 3.11467687197e-07, 3.27683096657e-07, 3.3919394582e-07, 2.01951422696e-07, 1.62913778468e-07, 2.20407798679e-07, 3.03969414972e-07, 1.11634221867e-07, 1.21092668337e-07, 1.02650737688e-07, 7.42679233667e-08, 2.32911183673e-08, 9.69244506877e-09, 5.74985525859e-09, 2.62170685161e-09, 9.53055523389e-10, 1.10480791182e-09],
        "var": [0.142902106047, 2.76347923279, 21.1102905273, 44.934967041, 61.3622894287, 199.74949646, 1899.62634277, 159.164108276, 615.121704102, 283.177368164, 517.61730957, 418.401916504, 141.522628784, 922.145263672, 200.409713745, 6024.33837891, 878.135986328, 426.347595215, 2488.31567383, 958.849487305, 752.805541992, 2397.24902344, 322.762664795, 806.485168457, 370.883117676, 135.490066528, 143.397918701, 71.2780532837, 31.0065517426, 20.9068336487, 14.1905670166, 26.4235115051, 6.89852046967, 0.849559009075, 0.00309205590747, 6.32613864582e-06, 2.24894876055e-08, 5.92986604264e-10, 1.36273270446e-10, 4.01461364152e-10]
    },
    "gfcc": {
        "mean": [-87.1984710693, 158.957366943, -116.134124756, 50.5367774963, -60.9138908386, 11.7275381088, -34.5118942261, 2.77977561951, -11.8298549652, -15.6721906662, 4.50737047195, -27.81939888, 10.5787572861],
        "cov": [[6858.01025391, -1940.65856934, -2178.57568359, 330.563018799, -522.226867676, 432.65234375, -641.757568359, 210.465789795, -463.723236084, -4.65409898758, 168.089645386, 68.9911804199, -19.0402545929], [-1940.65856934, 1068.4276123, 410.17980957, -371.987854004, 366.436004639, -202.728347778, 248.734970093, -111.956451416, 230.165298462, -30.436214447, -1.02034163475, -55.6713600159, 27.5881881714], [-2178.57568359, 410.17980957, 1206.45471191, 99.2505493164, 37.1157493591, -39.3101501465, 250.426605225, 9.48012924194, 127.459609985, 46.4630088806, -62.4882011414, 20.4099082947, 13.5117311478], [330.563018799, -371.987854004, 99.2505493164, 424.226135254, -84.4451675415, 17.6157932281, 14.2387695312, 24.0169029236, -48.8651542664, 15.248509407, 2.1412627697, 53.4563865662, -40.1650009155], [-522.226867676, 366.436004639, 37.1157493591, -84.4451675415, 365.249847412, -51.9258460999, 128.474136353, -26.8574085236, 72.8919372559, 10.311375618, 50.7597351074, -6.69080543518, -0.463486969471], [432.65234375, -202.728347778, -39.3101501465, 17.6157932281, -51.9258460999, 201.352493286, -11.5925521851, 26.3564605713, -0.743236422539, 24.2776489258, 21.1277885437, 2.435567379, 5.05323648453], [-641.757568359, 248.734970093, 250.426605225, 14.2387695312, 128.474136353, -11.5925521851, 198.105636597, 7.96859741211, 89.135635376, 28.6472911835, 19.0055084229, 19.8166255951, -13.0637588501], [210.465789795, -111.956451416, 9.48012924194, 24.0169029236, -26.8574085236, 26.3564605713, 7.96859741211, 169.235412598, -2.57189488411, 27.4870796204, 22.8551998138, 8.75940322876, 5.57600498199], [-463.723236084, 230.165298462, 127.459609985, -48.8651542664, 72.8919372559, -0.743236422539, 89.135635376, -2.57189488411, 176.639038086, -0.216743856668, -27.4921188354, 9.24099731445, -20.3314933777], [-4.65409898758, -30.436214447, 46.4630088806, 15.248509407, 10.311375618, 24.2776489258, 28.6472911835, 27.4870796204, -0.216743856668, 81.1115112305, 33.3547477722, 7.86066150665, 5.26225996017], [168.089645386, -1.02034163475, -62.4882011414, 2.1412627697, 50.7597351074, 21.1277885437, 19.0055084229, 22.8551998138, -27.4921188354, 33.3547477722, 119.972503662, 11.5954647064, 6.55290842056], [68.9911804199, -55.6713600159, 20.4099082947, 53.4563865662, -6.69080543518, 2.435567379, 19.8166255951, 8.75940322876, 9.24099731445, 7.86066150665, 11.5954647064, 68.5314102173, -0.687332808971], [-19.0402545929, 27.5881881714, 13.5117311478, -40.1650009155, -0.463486969471, 5.05323648453, -13.0637588501, 5.57600498199, -20.3314933777, 5.26225996017, 6.55290842056, -0.687332808971, 89.6984024048]],
        "icov": [[0.000858051003888, 0.000398296164349, 0.00128475378733, -0.00040383846499, 0.000230517456657, -0.000960855919402, 0.000420330878114, -0.000579792249482, 0.000357263546903, 1.91830658878e-05, -0.000268256873824, -0.000604314496741, -6.73214526614e-05], [0.000398296164349, 0.0120986383408, -0.00187593454029, 0.00757560366765, -0.00341782369651, 0.00831267610192, -0.00721745938063, 0.00459619611502, -0.00756658101454, 0.00471341237426, -0.00477660214528, 0.00620124069974, -0.00337977404706], [0.00128475378733, -0.00187593454029, 0.00378080434166, -0.00250956858508, 0.00155301019549, -0.00297961337492, 0.000206574914046, -0.00181470671669, 0.00191389548127, -0.00147427769843, 0.00141610123683, -0.00188581866678, -0.000122385623399], [-0.00040383846499, 0.00757560366765, -0.00250956858508, 0.00846815202385, -0.00185984908603, 0.00594068318605, -0.00557410530746, 0.00322963437065, -0.00369210797362, 0.00290003651753, -0.00265488843434, 0.00211930274963, -0.000399519311031], [0.000230517456657, -0.00341782369651, 0.00155301019549, -0.00185984908603, 0.00570572726429, -0.00174123980105, -0.000891094328836, -0.000834726146422, 0.00151906325482, -0.00110416440293, -0.000593372620642, -0.00100950105116, 0.000527796160895], [-0.000960855919402, 0.00831267610192, -0.00297961337492, 0.00594068318605, -0.00174123980105, 0.0131634986028, -0.00599782215431, 0.00388785917312, -0.00699844397604, 0.00205629179254, -0.00420802785084, 0.00596419069916, -0.00287131988443], [0.000420330878114, -0.00721745938063, 0.000206574914046, -0.00557410530746, -0.000891094328836, -0.00599782215431, 0.0166627392173, -0.0036876918748, 0.00155257293954, -0.0045459754765, 0.00107982184272, -0.00605840422213, 0.00326459342614], [-0.000579792249482, 0.00459619611502, -0.00181470671669, 0.00322963437065, -0.000834726146422, 0.00388785917312, -0.0036876918748, 0.00891961436719, -0.00373914767988, 0.000283964327537, -0.00272287707776, 0.00295978132635, -0.00177467765752], [0.000357263546903, -0.00756658101454, 0.00191389548127, -0.00369210797362, 0.00151906325482, -0.00699844397604, 0.00155257293954, -0.00373914767988, 0.0143064791337, -0.00267119635828, 0.0059581217356, -0.0063587478362, 0.00423767743632], [1.91830658878e-05, 0.00471341237426, -0.00147427769843, 0.00290003651753, -0.00110416440293, 0.00205629179254, -0.0045459754765, 0.000283964327537, -0.00267119635828, 0.0176569204777, -0.00567888095975, 0.00236029783264, -0.00193461717572], [-0.000268256873824, -0.00477660214528, 0.00141610123683, -0.00265488843434, -0.000593372620642, -0.00420802785084, 0.00107982184272, -0.00272287707776, 0.0059581217356, -0.00567888095975, 0.0140955811366, -0.00435871025547, 0.00119109498337], [-0.000604314496741, 0.00620124069974, -0.00188581866678, 0.00211930274963, -0.00100950105116, 0.00596419069916, -0.00605840422213, 0.00295978132635, -0.0063587478362, 0.00236029783264, -0.00435871025547, 0.0215003564954, -0.00330667733215], [-6.73214526614e-05, -0.00337977404706, -0.000122385623399, -0.000399519311031, 0.000527796160895, -0.00287131988443, 0.00326459342614, -0.00177467765752, 0.00423767743632, -0.00193461717572, 0.00119109498337, -0.00330667733215, 0.0137251652777]]
    },
    "melbands": {
        "dmean": [0.000566683651414, 0.000562931760214, 0.000372945010895, 0.000230553923757, 0.000209331556107, 0.000101204139355, 7.93318686192e-05, 4.57670284959e-05, 5.60695953027e-05, 2.9026201446e-05, 1.41146865644e-05, 1.99059777515e-05, 9.83608697425e-06, 2.15493473661e-05, 3.87293475796e-05, 6.83040252625e-06, 7.23158973415e-06, 1.17961208161e-05, 1.5807672753e-05, 5.51147331862e-06, 4.76922332382e-06, 7.29709972802e-06, 2.41317206928e-06, 2.8262863907e-06, 3.37546907758e-06, 2.11328142541e-06, 2.48173387263e-06, 1.08404174171e-06, 1.52366897055e-06, 8.08257425433e-07, 5.41228757811e-07, 4.77422815948e-07, 3.99806197038e-07, 3.21935686998e-07, 2.60071459479e-07, 2.73261605344e-07, 3.1482611007e-07, 2.43622764629e-07, 2.21681148105e-07, 9.24646172962e-08],
        "dmean2": [0.000757322355639, 0.000969676417299, 0.000614897115156, 0.00037850564695, 0.000314675678965, 0.000160095689353, 0.000123462450574, 7.3818526289e-05, 8.72114760568e-05, 4.35442671005e-05, 2.18276636588e-05, 3.13105410896e-05, 1.54220906552e-05, 3.50582304236e-05, 6.21057188255e-05, 1.07346440927e-05, 1.10901646622e-05, 1.88227495528e-05, 2.61728182522e-05, 8.97877725947e-06, 8.07889773569e-06, 1.24216994664e-05, 3.8752027649e-06, 4.63116066385e-06, 5.51807306692e-06, 3.41120335179e-06, 4.10497796111e-06, 1.77664594503e-06, 2.51288497566e-06, 1.27578607589e-06, 8.45365661917e-07, 7.50686979245e-07, 6.31574039289e-07, 5.0376110039e-07, 4.08871983382e-07, 4.07494042065e-07, 4.86073133743e-07, 3.7527212271e-07, 3.43463312902e-07, 1.37482459195e-07],
        "dvar": [1.64878690612e-06, 2.42571582021e-06, 5.17834564562e-07, 1.95965426997e-07, 1.86063914498e-07, 3.29737126492e-08, 3.51256872477e-08, 9.45291667165e-09, 1.60895012868e-08, 4.84288964486e-09, 1.00026797956e-09, 2.31459629241e-09, 7.12386427626e-10, 3.79790643379e-09, 2.2080918427e-08, 3.39392430826e-10, 4.88097839924e-10, 1.18281395789e-09, 2.56127519194e-09, 2.26342639076e-10, 2.13837017538e-10, 6.92061130625e-10, 5.26200263917e-11, 9.80784203852e-11, 1.24044607919e-10, 3.10024228511e-11, 6.39182595741e-11, 1.04964760841e-11, 2.62098745485e-11, 1.74607116959e-11, 6.91380806772e-12, 4.39403201324e-12, 2.80695280387e-12, 1.92216945485e-12, 1.48798887708e-12, 2.02929600207e-12, 3.01056640555e-12, 1.527446572e-12, 7.78860483053e-13, 1.35169829431e-13],
        "dvar2": [2.97644646707e-06, 6.94187838235e-06, 1.38595271437e-06, 4.51595639106e-07, 4.06917422424e-07, 7.87173561889e-08, 8.4100726383e-08, 2.48580942497e-08, 3.83319758157e-08, 1.11076099429e-08, 1.9501706916e-09, 5.09651165714e-09, 1.60548840888e-09, 1.07487210244e-08, 6.27472331871e-08, 7.57771456694e-10, 8.60816140591e-10, 2.84650125693e-09, 7.06498370917e-09, 6.14414963351e-10, 6.45839604019e-10, 2.05429606659e-09, 1.35748218222e-10, 2.73128603068e-10, 3.26255800154e-10, 8.10414443886e-11, 1.83079246208e-10, 2.83600105205e-11, 7.43763245437e-11, 4.27829507932e-11, 1.41705223944e-11, 1.04610634391e-11, 6.78204974819e-12, 4.23147541312e-12, 3.66257631862e-12, 4.03394331827e-12, 6.15239153026e-12, 3.28884901084e-12, 1.81416719754e-12, 2.54997791545e-13],
        "max": [0.0199062880129, 0.0311450380832, 0.0127766299993, 0.0095598930493, 0.0102700162679, 0.00279121729545, 0.00342913065106, 0.00167559261899, 0.00246679899283, 0.00179639353883, 0.000842227833346, 0.00128746882547, 0.000837334839161, 0.00131644727662, 0.00267078052275, 0.000418908457505, 0.000757066358346, 0.000981095479801, 0.000818161119241, 0.000306687230477, 0.000324302382069, 0.000565807684325, 0.000176152505446, 0.000208832323551, 0.000290773139568, 0.00018277890922, 0.000134659494506, 7.04244448571e-05, 8.28856937005e-05, 0.000142903096275, 9.36106589506e-05, 6.27855333732e-05, 3.03352189803e-05, 4.16252078139e-05, 3.11347102979e-05, 4.39054674644e-05, 6.90965971444e-05, 4.36294139945e-05, 1.72525633388e-05, 1.34067577164e-05],
        "mean": [0.00149778893683, 0.00136835954618, 0.000898008525837, 0.00050805893261, 0.000660032092128, 0.000250072276685, 0.000173822772922, 9.77437739493e-05, 0.000141634052852, 7.71862687543e-05, 3.30263719661e-05, 5.28235250385e-05, 2.37352269323e-05, 5.70224765397e-05, 7.40868053981e-05, 1.61331972777e-05, 1.65815290529e-05, 3.40680380759e-05, 3.02995213133e-05, 1.28137498905e-05, 1.1382363482e-05, 2.04112675419e-05, 6.50303945804e-06, 7.20215075489e-06, 8.86581256054e-06, 6.05685636401e-06, 5.46376941202e-06, 2.87881039185e-06, 3.46482238456e-06, 1.63493552918e-06, 1.06364450403e-06, 8.85177030341e-07, 7.15286716968e-07, 6.22073912382e-07, 4.99746306559e-07, 5.99009752023e-07, 6.74578586768e-07, 4.9458299145e-07, 4.18188164986e-07, 1.82038448315e-07],
        "median": [0.000395188748371, 0.00077810860239, 0.000612002215348, 0.000329956703354, 0.000218012079131, 0.000126103797811, 4.42754717369e-05, 3.91396715713e-05, 7.72037383285e-05, 4.38985589426e-05, 1.24038842841e-05, 1.4924480638e-05, 7.56836789151e-06, 4.49975323136e-06, 5.31034766027e-06, 2.65778999164e-06, 2.68644612333e-06, 2.46969125328e-06, 3.72799263459e-06, 2.79318601315e-06, 1.77408071522e-06, 1.54519511852e-06, 1.09094889922e-06, 1.01224384252e-06, 1.01668865682e-06, 9.78573552857e-07, 7.0293049248e-07, 3.8391419821e-07, 3.35569694698e-07, 2.30858617556e-07, 1.2291464202e-07, 7.06815157514e-08, 3.60985765724e-08, 2.61326338347e-08, 2.87561601198e-08, 4.27537649728e-08, 5.74414080745e-08, 8.92622793458e-08, 7.61325296139e-08, 2.68508983936e-08],
        "min": [2.17560625515e-07, 1.01767071214e-07, 1.28461259408e-08, 1.90419102708e-09, 1.27593224875e-09, 3.5067609927e-10, 8.6891688289e-11, 5.52419880673e-11, 1.12236983596e-10, 4.18509116251e-11, 1.62806036014e-11, 1.38968274822e-12, 4.7669585293e-12, 4.47367099962e-12, 1.27231298414e-12, 1.56623217e-12, 2.84239255396e-12, 2.0402024254e-12, 4.2596330109e-12, 1.82934808794e-12, 3.74822975392e-13, 2.32223447286e-13, 4.16783551031e-13, 3.61039648698e-13, 2.32343820832e-13, 2.30081009583e-13, 2.54086465409e-13, 2.20071519601e-13, 1.23645397306e-13, 1.25446690796e-13, 7.77367536661e-14, 9.94334145186e-14, 2.02252819527e-13, 1.48413169232e-13, 5.68762837392e-14, 6.3332443402e-14, 7.91451187357e-14, 6.57893132875e-14, 6.89196150237e-14, 6.45665433011e-14],
        "var": [8.18931130198e-06, 4.24596964876e-06, 1.26856582483e-06, 3.37902463343e-07, 1.99547253033e-06, 1.0009171092e-07, 1.30706482082e-07, 2.87738313176e-08, 4.31006270674e-08, 1.30671384824e-08, 4.23558965679e-09, 1.45949963226e-08, 2.48679299375e-09, 2.1072434464e-08, 5.465615871e-08, 1.67730662692e-09, 2.29029062382e-09, 9.55404289016e-09, 6.78338762938e-09, 8.60366944355e-10, 9.03908059513e-10, 4.11906686537e-09, 2.58141868992e-10, 4.19051848777e-10, 5.77786429812e-10, 1.65419317133e-10, 2.02117475534e-10, 5.25367666038e-11, 8.73247030242e-11, 4.18485454623e-11, 1.96288749144e-11, 1.12113165973e-11, 7.57205322749e-12, 7.06062769015e-12, 4.54240681527e-12, 7.3960507857e-12, 1.16422540011e-11, 4.15093653894e-12, 1.76771076076e-12, 3.68407371667e-13]
    },
    "mfcc": {
        "mean": [-718.233459473, 159.520767212, 17.9118595123, 30.2357959747, 13.1985998154, -3.03845238686, 8.00906658173, -3.65045905113, 2.69345569611, 5.46485328674, -4.2452878952, 0.32372802496, -5.14150953293],
        "cov": [[7974.39501953, -2208.40820312, -1838.93237305, -432.608306885, -159.903289795, -233.570266724, -30.6620540619, -5.83691263199, -370.048980713, -155.596115112, -359.078460693, 59.001537323, 65.0496139526], [-2208.40820312, 1363.09155273, 132.327529907, -79.6484832764, 116.019302368, -4.04903173447, 6.15868425369, -29.9418697357, 96.0251235962, 127.091888428, 21.122045517, 23.902929306, -2.34427022934], [-1838.93237305, 132.327529907, 971.19934082, 179.820419312, -64.8131713867, 122.33392334, 1.47238397598, 36.3566093445, 141.688537598, -31.4454917908, 162.138778687, -33.769493103, -12.3665018082], [-432.608306885, -79.6484832764, 179.820419312, 369.245849609, 4.04733705521, 33.2477989197, 43.295791626, 29.4426708221, 14.3699035645, -63.7194747925, 109.145561218, -11.4681081772, 15.0699148178], [-159.903289795, 116.019302368, -64.8131713867, 4.04733705521, 139.81892395, 12.9955596924, 32.202293396, 8.43426609039, -4.4386548996, 44.3370246887, -3.07617354393, 12.9881782532, -6.2326464653], [-233.570266724, -4.04903173447, 122.33392334, 33.2477989197, 12.9955596924, 203.214096069, -19.113483429, 30.7565059662, 4.37426376343, 20.9097499847, 21.8924007416, 0.986920118332, 19.5634269714], [-30.6620540619, 6.15868425369, 1.47238397598, 43.295791626, 32.202293396, -19.113483429, 182.985076904, -15.048456192, -13.6223392487, 8.04553794861, 18.6167106628, 31.0542087555, -0.0227836295962], [-5.83691263199, -29.9418697357, 36.3566093445, 29.4426708221, 8.43426609039, 30.7565059662, -15.048456192, 119.320114136, 21.2891101837, 8.85156059265, 34.319644928, 15.1025457382, 37.3756027222], [-370.048980713, 96.0251235962, 141.688537598, 14.3699035645, -4.4386548996, 4.37426376343, -13.6223392487, 21.2891101837, 135.225784302, 7.15247297287, 41.2772674561, -10.2995319366, 16.8419075012], [-155.596115112, 127.091888428, -31.4454917908, -63.7194747925, 44.3370246887, 20.9097499847, 8.04553794861, 8.85156059265, 7.15247297287, 109.368431091, -13.1863536835, 25.4476928711, 4.48094463348], [-359.078460693, 21.122045517, 162.138778687, 109.145561218, -3.07617354393, 21.8924007416, 18.6167106628, 34.319644928, 41.2772674561, -13.1863536835, 155.768051147, 11.0233793259, 31.8396720886], [59.001537323, 23.902929306, -33.769493103, -11.4681081772, 12.9881782532, 0.986920118332, 31.0542087555, 15.1025457382, -10.2995319366, 25.4476928711, 11.0233793259, 86.0756835938, 32.9395141602], [65.0496139526, -2.34427022934, -12.3665018082, 15.0699148178, -6.2326464653, 19.5634269714, -0.0227836295962, 37.3756027222, 16.8419075012, 4.48094463348, 31.8396720886, 32.9395141602, 102.478126526]],
