{
"lowlevel": {
    "average_loudness": 0.960784435272,
    "barkbands_crest": {
        "dmean": 3.21619391441,
        "dmean2": 5.00433778763,
        "dvar": 8.13976860046,
        "dvar2": 18.0037345886,
        "max": 25.9149036407,
        "mean": 11.9602127075,
        "median": 10.9939098358,
        "min": 2.39934563637,
        "var": 24.8533287048
    },
    "barkbands_flatness_db": {
        "dmean": 0.0311580784619,
        "dmean2": 0.0465893484652,
        "dvar": 0.000838463485707,
        "dvar2": 0.00188002677169,
        "max": 0.428733944893,
        "mean": 0.159008428454,
        "median": 0.15147715807,
        "min": 0.0459798686206,
        "var": 0.00290132011287
    },
    "barkbands_kurtosis": {
        "dmean": 5.21025896072,
        "dmean2": 7.95089197159,
        "dvar": 108.980499268,
        "dvar2": 274.846435547,
        "max": 236.118560791,
        "mean": 7.38102674484,
        "median": 3.60380172729,
        "min": -1.79780626297,
        "var": 156.529632568
    },
    "barkbands_skewness": {
        "dmean": 0.739745080471,
        "dmean2": 1.08735918999,
        "dvar": 0.574859023094,
        "dvar2": 1.29225158691,
        "max": 12.706697464,
        "mean": 2.03322792053,
        "median": 1.82540023327,
        "min": -2.07525324821,
        "var": 2.07437181473
    },
    "barkbands_spread": {
        "dmean": 6.36179018021,
        "dmean2": 9.77552604675,
        "dvar": 47.0824661255,
        "dvar2": 109.899040222,
        "max": 96.1508331299,
        "mean": 19.0689697266,
        "median": 17.2991352081,
        "min": 0.42685508728,
        "var": 132.509109497
    },
    "dissonance": {
        "dmean": 0.0230348184705,
        "dmean2": 0.0386090166867,
        "dvar": 0.000564764486626,
        "dvar2": 0.0015248816926,
        "max": 0.499907881021,
        "mean": 0.460104644299,
        "median": 0.469486147165,
        "min": 0.232486069202,
        "var": 0.00111161207315
    },
    "dynamic_complexity": 2.75805592537,
    "erbbands_crest": {
        "dmean": 3.0230743885,
        "dmean2": 4.91252994537,
        "dvar": 9.38209342957,
        "dvar2": 22.2699337006,
        "max": 33.6084747314,
        "mean": 9.05688095093,
        "median": 7.31330394745,
        "min": 2.32394838333,
        "var": 30.1814041138
    },
    "erbbands_flatness_db": {
        "dmean": 0.0213739089668,
        "dmean2": 0.031603038311,
        "dvar": 0.00041066337144,
        "dvar2": 0.000842619338073,
        "max": 0.334769129753,
        "mean": 0.137754067779,
        "median": 0.132250919938,
        "min": 0.0310335718095,
        "var": 0.00182714161929
    },
    "erbbands_kurtosis": {
        "dmean": 1.47411179543,
        "dmean2": 2.32342886925,
        "dvar": 9.34753704071,
        "dvar2": 21.4927825928,
        "max": 79.5525131226,
        "mean": 1.2247120142,
        "median": -0.15935087204,
        "min": -1.71968591213,
        "var": 18.6955833435
    },
    "erbbands_skewness": {
        "dmean": 0.419446527958,
        "dmean2": 0.647379040718,
        "dvar": 0.156244963408,
        "dvar2": 0.369268894196,
        "max": 4.68593263626,
        "mean": 0.380980461836,
        "median": 0.29948118329,
        "min": -2.42745256424,
        "var": 0.569223701954
    },
    "erbbands_spread": {
        "dmean": 10.0988988876,
        "dmean2": 15.3439779282,
        "dvar": 92.2997970581,
        "dvar2": 203.43649292,
        "max": 158.870254517,
        "mean": 40.7464103699,
        "median": 38.7297935486,
        "min": 1.79060602188,
        "var": 426.268890381
    },
    "hfc": {
        "dmean": 8.31840515137,
        "dmean2": 12.9109201431,
        "dvar": 104.628486633,
        "dvar2": 258.338317871,
        "max": 150.771591187,
        "mean": 22.0950679779,
        "median": 18.007232666,
        "min": 1.13375598218e-16,
        "var": 292.202270508
    },
    "melbands_crest": {
        "dmean": 3.6551990509,
        "dmean2": 5.73866701126,
        "dvar": 9.78278923035,
        "dvar2": 23.6918544769,
        "max": 31.3556118011,
        "mean": 15.3971443176,
        "median": 15.0541229248,
        "min": 2.04413080215,
        "var": 23.8015022278
    },
    "melbands_flatness_db": {
        "dmean": 0.0393004603684,
        "dmean2": 0.0580624230206,
        "dvar": 0.00141167500988,
        "dvar2": 0.00316058238968,
        "max": 0.555088460445,
        "mean": 0.229238316417,
        "median": 0.220424950123,
        "min": 0.00604213727638,
        "var": 0.00512308999896
    },
    "melbands_kurtosis": {
        "dmean": 11.4698047638,
        "dmean2": 17.3277549744,
        "dvar": 369.22177124,
        "dvar2": 855.835327148,
        "max": 400.587310791,
        "mean": 20.185503006,
        "median": 11.3305673599,
        "min": -1.74618887901,
        "var": 746.840332031
    },
    "melbands_skewness": {
        "dmean": 1.00565350056,
        "dmean2": 1.48224902153,
        "dvar": 0.933292090893,
        "dvar2": 2.00925755501,
        "max": 14.6704072952,
        "mean": 3.19478440285,
        "median": 2.91144680977,
        "min": -1.95020985603,
        "var": 4.15235424042
    },
    "melbands_spread": {
        "dmean": 6.472843647,
        "dmean2": 9.90852928162,
        "dvar": 63.7130432129,
        "dvar2": 128.426727295,
        "max": 200.948577881,
        "mean": 17.5995349884,
        "median": 15.0568790436,
        "min": 0.497420221567,
        "var": 193.838348389
    },
    "pitch_salience": {
        "dmean": 0.0936352014542,
        "dmean2": 0.145796209574,
        "dvar": 0.00692918617278,
        "dvar2": 0.0167374834418,
        "max": 0.976519882679,
        "mean": 0.503738284111,
        "median": 0.498473316431,
        "min": 0.125000417233,
        "var": 0.0161021947861
    },
    "silence_rate_20dB": {
        "dmean": 0,
        "dmean2": 0,
        "dvar": 0,
        "dvar2": 0,
        "max": 1,
        "mean": 1,
        "median": 1,
        "min": 1,
        "var": 0
    },
    "silence_rate_30dB": {
        "dmean": 0.0332302935421,
        "dmean2": 0.0664862766862,
        "dvar": 0.0321255996823,
        "dvar2": 0.0844860076904,
        "max": 1,
        "mean": 0.97682505846,
        "median": 1,
        "min": 0,
        "var": 0.022638335824
    },
    "silence_rate_60dB": {
        "dmean": 0.00850077252835,
        "dmean2": 0.0170081183314,
        "dvar": 0.00842865277082,
        "dvar2": 0.017492312938,
        "max": 1,
        "mean": 0.0424874462187,
        "median": 0,
        "min": 0,
        "var": 0.0406815186143
    },
    "spectral_centroid": {
        "dmean": 271.014221191,
        "dmean2": 416.984741211,
        "dvar": 125995.265625,
        "dvar2": 211360.90625,
        "max": 11223.8994141,
        "mean": 1141.41918945,
        "median": 1051.69873047,
        "min": 154.756362915,
        "var": 356079.75
    },
    "spectral_complexity": {
        "dmean": 4.86707878113,
        "dmean2": 7.26633167267,
        "dvar": 23.6536960602,
        "dvar2": 51.563709259,
        "max": 52,
        "mean": 19.5789871216,
        "median": 19,
        "min": 0,
        "var": 94.1796264648
    },
    "spectral_decrease": {
        "dmean": 3.83389675562e-09,
        "dmean2": 5.61732882431e-09,
        "dvar": 1.9030985712e-17,
        "dvar2": 4.03794337154e-17,
        "max": 6.72102365308e-29,
        "mean": -1.0878068224e-08,
        "median": -9.70805569267e-09,
        "min": -4.53002932943e-08,
        "var": 5.23951387027e-17
    },
    "spectral_energy": {
        "dmean": 0.0149221420288,
        "dmean2": 0.0218571908772,
        "dvar": 0.000283621222479,
        "dvar2": 0.000603237946052,
        "max": 0.173721283674,
        "mean": 0.0430604442954,
        "median": 0.0384978502989,
        "min": 1.00298258445e-20,
        "var": 0.000795052677859
    },
    "spectral_energyband_high": {
        "dmean": 0.000421793432906,
        "dmean2": 0.000652489601634,
        "dvar": 4.8285420462e-07,
        "dvar2": 1.19411026844e-06,
        "max": 0.0100848609582,
        "mean": 0.000699819007423,
        "median": 0.000301317631966,
        "min": 7.32190228311e-21,
        "var": 9.76372120931e-07
    },
    "spectral_energyband_low": {
        "dmean": 0.0115377800539,
        "dmean2": 0.0170880928636,
        "dvar": 0.000225274343393,
        "dvar2": 0.000482060801005,
        "max": 0.142585098743,
        "mean": 0.0241719000041,
        "median": 0.0193788837641,
        "min": 3.74331286487e-23,
        "var": 0.00050048425328
    },
    "spectral_energyband_middle_high": {
        "dmean": 0.00378817785531,
        "dmean2": 0.00592499831691,
        "dvar": 4.68069483759e-05,
        "dvar2": 0.000108006206574,
        "max": 0.152268841863,
        "mean": 0.00796640943736,
        "median": 0.00442166021094,
        "min": 1.37957428939e-21,
        "var": 0.000134990390507
    },
    "spectral_energyband_middle_low": {
        "dmean": 0.00695744622499,
        "dmean2": 0.0110500762239,
        "dvar": 9.79926262517e-05,
        "dvar2": 0.000240333363763,
        "max": 0.0999884605408,
        "mean": 0.0137148061767,
        "median": 0.0107411546633,
        "min": 3.30844376143e-22,
        "var": 0.0001502308005
    },
    "spectral_entropy": {
        "dmean": 0.232701539993,
        "dmean2": 0.347197502851,
        "dvar": 0.0568121932447,
        "dvar2": 0.128004580736,
        "max": 9.80393791199,
        "mean": 7.56422233582,
        "median": 7.59004688263,
        "min": 6.01484060287,
        "var": 0.186693832278
    },
    "spectral_flux": {
        "dmean": 0.0343376509845,
        "dmean2": 0.053375095129,
        "dvar": 0.00130724254996,
        "dvar2": 0.00266628083773,
        "max": 0.38159045577,
        "mean": 0.104064822197,
        "median": 0.091937892139,
        "min": 1.04071702645e-10,
        "var": 0.00300980126485
    },
    "spectral_kurtosis": {
        "dmean": 1.73955595493,
        "dmean2": 2.76995825768,
        "dvar": 4.21765804291,
        "dvar2": 10.4495506287,
        "max": 28.1735591888,
        "mean": 5.21140241623,
        "median": 4.6172208786,
        "min": -1.2060059309,
        "var": 9.41771793365
    },
    "spectral_rms": {
        "dmean": 0.00109208736103,
        "dmean2": 0.00156393274665,
        "dvar": 1.15411933166e-06,
        "dvar2": 2.27662735597e-06,
        "max": 0.0130186090246,
        "mean": 0.00607505766675,
        "median": 0.00612853001803,
        "min": 3.12812991655e-12,
        "var": 5.10396193931e-06
    },
    "spectral_rolloff": {
        "dmean": 419.242034912,
        "dmean2": 688.938842773,
        "dvar": 659641.9375,
        "dvar2": 1289470.5,
        "max": 19099.9511719,
        "mean": 963.078308105,
        "median": 818.26171875,
        "min": 86.1328125,
        "var": 1336873.875
    },
    "spectral_skewness": {
        "dmean": 0.267969250679,
        "dmean2": 0.411801666021,
        "dvar": 0.0857438370585,
        "dvar2": 0.202455505729,
        "max": 4.28743362427,
        "mean": 1.81591248512,
        "median": 1.74512708187,
        "min": -0.0085663087666,
        "var": 0.285907328129
    },
    "spectral_spread": {
        "dmean": 713408.4375,
        "dmean2": 1039657.25,
        "dvar": 1.21340087501e+12,
        "dvar2": 1.62478332314e+12,
        "max": 40737928,
        "mean": 5098656.5,
        "median": 5025035.5,
        "min": 1924426.75,
        "var": 3.13657366938e+12
    },
    "spectral_strongpeak": {
        "dmean": 0.538550376892,
        "dmean2": 0.898537158966,
        "dvar": 1.03725993633,
        "dvar2": 2.34189891815,
        "max": 13.0448598862,
        "mean": 0.99083507061,
        "median": 0.50685107708,
        "min": 0,
        "var": 2.28127098083
    },
    "zerocrossingrate": {
        "dmean": 0.0103435255587,
        "dmean2": 0.0124346567318,
        "dvar": 0.000270002376055,
        "dvar2": 0.000391409121221,
        "max": 0.51123046875,
        "mean": 0.0477921552956,
        "median": 0.04443359375,
        "min": 0.00341796875,
        "var": 0.000962792080827
    },
    "barkbands": {
        "dmean": [0.000124050100567, 0.00812874082476, 0.00409275013953, 0.00313327787444, 0.00260495115072, 0.00104390399065, 0.00172489834949, 0.000862659246195, 0.000643113686237, 0.00156903453171, 0.00174110638909, 0.000388808053685, 0.000305524183204, 0.000278488791082, 0.00030217753374, 0.000217135282583, 0.000168241022038, 0.000235355502809, 0.000159531729878, 0.000102102632809, 8.87988717295e-05, 6.83122416376e-05, 9.65020662989e-05, 7.96736640041e-05, 7.19582967577e-05, 2.74882349913e-05, 5.7693751998e-09],
        "dmean2": [0.000216695305426, 0.0118763027713, 0.00676027173176, 0.00506609724835, 0.00446083163843, 0.00171330187004, 0.00276424130425, 0.00137322803494, 0.00106689776294, 0.00245152646676, 0.00272121047601, 0.000631454342511, 0.000507226737682, 0.000463305535959, 0.000498345878441, 0.000361825572327, 0.00027125957422, 0.000389097083826, 0.000267592258751, 0.00016436506121, 0.00014424121764, 0.000110926994239, 0.000157370173838, 0.000121484787087, 0.00011723471107, 4.31025291618e-05, 9.71551106232e-09],
        "dvar": [3.37392016547e-08, 0.000141087992233, 4.99866291648e-05, 3.07136397169e-05, 2.07706343645e-05, 6.50128868074e-06, 1.08804979391e-05, 3.42510475093e-06, 1.31764659272e-06, 2.33174087043e-05, 2.96754406008e-05, 1.20383049307e-06, 3.21946288295e-07, 1.92209881789e-07, 3.48308020648e-07, 1.35013294766e-07, 5.70381786247e-08, 2.36333178805e-07, 5.77284247072e-08, 2.18165787658e-08, 1.91876825539e-08, 1.37755824525e-08, 3.98033996873e-08, 2.15266044989e-08, 1.78109385018e-08, 2.08839723292e-09, 1.38793918765e-16],
        "dvar2": [9.31033596885e-08, 0.0002801528899, 0.000135108144605, 7.69730904722e-05, 5.57984203624e-05, 1.75133609446e-05, 2.61953737208e-05, 7.81428479968e-06, 2.89584204438e-06, 5.72192329855e-05, 6.23168380116e-05, 2.7056989893e-06, 7.62952026889e-07, 4.87100805913e-07, 9.11555900984e-07, 3.5546938193e-07, 1.33314003392e-07, 6.47909246254e-07, 1.487027248e-07, 5.34496464866e-08, 4.86987232762e-08, 3.37632855008e-08, 9.77441629857e-08, 4.17150332055e-08, 4.37160991851e-08, 5.6531481718e-09, 3.71810988488e-16],
        "max": [0.00215226272121, 0.119471304119, 0.0733354538679, 0.0554980933666, 0.0484691560268, 0.0630618780851, 0.0565196722746, 0.0445728935301, 0.0325321219862, 0.139629051089, 0.116531729698, 0.0349583402276, 0.0146814528853, 0.00770340440795, 0.0116401631385, 0.00596381723881, 0.00411161733791, 0.00860304199159, 0.00321947433986, 0.00182153086644, 0.00137154990807, 0.00145986373536, 0.00357107608579, 0.00393447512761, 0.00254565686919, 0.000565843831282, 1.55959739345e-07],
        "mean": [0.000126168088173, 0.0150688393041, 0.00561608653516, 0.00444766040891, 0.00329298432916, 0.00136752426624, 0.00249336194247, 0.00112082716078, 0.000786389922723, 0.00215907092206, 0.00277321599424, 0.00049947941443, 0.000412515015341, 0.000418815703597, 0.000436838919995, 0.000343255436746, 0.000263966590865, 0.000375877862098, 0.000260112574324, 0.000172438769368, 0.00011638077558, 8.94241165952e-05, 0.000132816508994, 0.000129507752717, 0.000109072585474, 4.7851655836e-05, 5.80969317099e-09],
        "median": [6.4757776272e-05, 0.00941443350166, 0.00249434891157, 0.00191722775344, 0.00189884123392, 0.000644535408355, 0.000911534647457, 0.00043425228796, 0.000334164476953, 0.000485866854433, 0.000421912351158, 0.000165711680893, 0.000177904745215, 0.000228800839977, 0.000214901709114, 0.000199008543859, 0.000159750445164, 0.000173759850441, 0.000153272034368, 9.26828433876e-05, 4.34099820268e-05, 1.96858454728e-05, 4.29977480962e-05, 5.21986767126e-05, 5.84597692068e-05, 2.86511931336e-05, 2.17601758834e-09],
        "min": [6.15462454607e-24, 2.04667027297e-23, 2.14563618675e-24, 9.20649112453e-24, 9.81039664854e-23, 2.75896970298e-23, 2.71364427973e-23, 4.26614336713e-23, 2.55848401714e-23, 9.02434535032e-23, 7.3153823288e-23, 7.7859694132e-23, 9.93553207621e-23, 7.18109359027e-23, 1.21315523357e-22, 2.03077535682e-22, 1.07289361892e-22, 8.8832616795e-23, 1.81530866596e-22, 2.55060717789e-22, 3.28253100598e-22, 4.71973636815e-22, 4.59025311782e-22, 8.40614926391e-22, 1.14672224013e-21, 1.54527223799e-21, 2.40360288509e-21],
        "var": [3.14437720306e-08, 0.000315715820761, 6.23402520432e-05, 4.08822597819e-05, 1.92460156541e-05, 7.4305698945e-06, 2.05519554584e-05, 5.65737354918e-06, 2.58015597865e-06, 3.67030552297e-05, 7.98585242592e-05, 1.97558642867e-06, 6.10583072103e-07, 3.28969804286e-07, 4.85181658405e-07, 1.95166663275e-07, 1.0750959234e-07, 3.82215233685e-07, 9.80505205916e-08, 5.02974550898e-08, 2.76275109456e-08, 2.26462599784e-08, 6.3272061368e-08, 7.25399331714e-08, 3.56419285197e-08, 3.54031959304e-09, 1.3229163064e-16]
    },
    "erbbands": {
        "dmean": [0.214919105172, 1.93394696712, 3.70247149467, 9.49761486053, 7.55311870575, 8.57213592529, 9.83669471741, 9.06919002533, 23.7028903961, 21.0936527252, 17.6844577789, 14.193444252, 29.6422348022, 56.6099853516, 52.9651260376, 14.0887918472, 13.603468895, 11.3570718765, 13.5193109512, 15.9966487885, 10.9516363144, 9.49558162689, 10.8302211761, 9.53677463531, 7.21444749832, 4.74407291412, 3.86885499954, 3.08302760124, 2.51442289352, 2.6985514164, 2.74911260605, 1.91631698608, 1.28170704842, 1.01026618481, 0.391339302063, 0.155700013041, 0.0460563153028, 0.00531215919182, 9.97751485556e-05, 1.88069425349e-05],
        "dmean2": [0.322280526161, 2.82684278488, 6.18142747879, 14.7983264923, 12.9745359421, 14.8596773148, 15.8247728348, 14.9995365143, 38.6014480591, 33.3487701416, 28.1662731171, 23.7951889038, 47.3316345215, 89.1650161743, 82.0808792114, 22.7681941986, 22.5118904114, 18.5079841614, 22.5471725464, 26.3148822784, 18.1915245056, 15.0605535507, 17.7187709808, 16.0569553375, 12.1495923996, 7.62045669556, 6.16471004486, 5.03055763245, 4.06710863113, 4.44584369659, 4.46222734451, 3.10385107994, 1.90393519402, 1.66655218601, 0.622504651546, 0.249635130167, 0.0717353224754, 0.00843828171492, 0.000156183290528, 2.74708345387e-05],
        "dvar": [0.0894641876221, 8.50624847412, 41.8595657349, 249.804672241, 214.918304443, 229.810394287, 258.515869141, 687.204040527, 2542.84082031, 1952.6661377, 1553.77966309, 560.87902832, 5302.15527344, 27196.3710938, 26253.2421875, 1015.16241455, 723.706298828, 348.622741699, 444.318878174, 1353.30114746, 305.643157959, 197.502914429, 405.405822754, 272.584838867, 107.894355774, 48.6587257385, 35.0031967163, 27.5557403564, 20.84973526, 22.4896659851, 35.4276847839, 13.3099279404, 6.11586713791, 3.97466683388, 0.551234304905, 0.0853764116764, 0.00463573634624, 7.47029553168e-05, 2.37906334632e-08, 4.27464341701e-10],
        "dvar2": [0.178239688277, 17.4567871094, 113.787841797, 622.656433105, 565.488891602, 626.226318359, 639.859680176, 1872.72473145, 6233.10546875, 4707.89941406, 3517.97924805, 1376.2166748, 12981.1376953, 65445.5546875, 52702.953125, 2284.80078125, 1650.88134766, 876.016357422, 1164.51586914, 3507.31420898, 803.120849609, 461.165527344, 1081.28759766, 725.51550293, 281.429382324, 116.438964844, 85.6539611816, 71.762008667, 52.9591636658, 55.0755157471, 86.5654449463, 31.3822002411, 11.1316003799, 9.90873622894, 1.32232236862, 0.231139853597, 0.0118503384292, 0.000192268038518, 6.10745445329e-08, 9.20139076044e-10],
        "max": [3.14074516296, 28.3119773865, 58.7239608765, 159.882598877, 136.017028809, 145.826217651, 271.381378174, 681.473632812, 925.272155762, 758.614440918, 870.301269531, 479.168151855, 1313.8560791, 5312.58203125, 3335.34301758, 656.605041504, 808.117858887, 326.853424072, 336.50402832, 845.238464355, 298.870544434, 286.715332031, 367.335144043, 216.674682617, 110.95500946, 99.0217819214, 97.4125518799, 46.6550331116, 56.9395942688, 74.502571106, 110.999511719, 67.2282409668, 68.2223968506, 43.1916465759, 19.0749206543, 4.21224784851, 1.41792023182, 0.19201079011, 0.00328258355148, 0.000214332263567],
        "mean": [0.376754492521, 3.60075378418, 5.51763677597, 14.7318897247, 9.05266094208, 10.2552814484, 14.3738355637, 12.3195924759, 32.6966743469, 31.4282455444, 23.2298297882, 17.2789497375, 41.9588775635, 89.8522872925, 86.1268463135, 20.24974823, 19.7321987152, 18.180273056, 20.8868522644, 25.0329723358, 18.6641674042, 15.8276033401, 18.5545921326, 16.454454422, 11.9840774536, 8.22268009186, 5.68978452682, 3.78123688698, 3.23446750641, 3.61030220985, 3.80463814735, 2.79006814957, 2.14854121208, 1.46788012981, 0.625293672085, 0.24103063345, 0.0862760320306, 0.00909723807126, 0.000192719089682, 5.78444560233e-05],
        "median": [0.222887784243, 2.19468140602, 3.34295344353, 7.35632419586, 4.71109104156, 5.57797908783, 8.0196685791, 5.61751127243, 11.7636823654, 11.4565429688, 9.99325180054, 8.4556722641, 14.7011470795, 23.8122329712, 18.9585914612, 8.10951328278, 8.869972229, 9.84643745422, 13.4271450043, 12.6005048752, 11.3754825592, 10.2185544968, 9.80614376068, 8.80459117889, 7.41605329514, 4.32082509995, 2.4887406826, 1.21875631809, 0.732203900814, 0.930937349796, 1.30571651459, 1.05765902996, 0.881000578403, 0.743016123772, 0.336584985256, 0.128201156855, 0.0539114363492, 0.00543053867295, 0.000128404353745, 5.18577762705e-05],
        "min": [1.33265390297e-21, 1.65053379821e-21, 3.06665721241e-21, 3.67194908941e-20, 1.57062107881e-19, 3.98363643109e-19, 2.10655669681e-19, 2.64133658839e-19, 3.51750206134e-19, 4.61876147354e-19, 5.72585535249e-19, 6.49728088983e-19, 2.1768211145e-18, 2.15385651274e-18, 3.71316000301e-18, 3.68178049288e-18, 4.26146535744e-18, 4.36904557277e-18, 5.80090017619e-18, 7.92848646665e-18, 9.17655063694e-18, 7.00852265915e-18, 6.12231940117e-18, 6.6873879843e-18, 1.151223489e-17, 1.29160397989e-17, 1.23724828747e-17, 1.25018712933e-17, 1.40940210917e-17, 1.79549593927e-17, 1.43016004121e-17, 1.4748598889e-17, 1.35672666874e-17, 1.03624728637e-17, 9.76368260855e-18, 5.14034889418e-18, 3.00612530648e-18, 9.90429669524e-19, 3.45586392251e-19, 3.69603717046e-20],
        "var": [0.200040966272, 18.2716064453, 48.7524185181, 379.911682129, 193.025024414, 204.944961548, 413.989959717, 739.477355957, 4646.70019531, 3612.06640625, 2482.91186523, 854.856872559, 9574.93457031, 53134.0117188, 68765.6796875, 1690.91809082, 1477.88793945, 705.119567871, 632.262573242, 1976.81774902, 507.756958008, 383.254577637, 754.045654297, 465.876312256, 183.655517578, 121.718185425, 66.7476196289, 32.7105827332, 31.1218585968, 40.2163772583, 53.6712722778, 26.2236652374, 23.5848007202, 8.17796421051, 1.02895998955, 0.109666571021, 0.0125551754609, 0.000169142367668, 5.56480799219e-08, 1.30146360355e-09]
    },
    "gfcc": {
        "mean": [16.5808601379, 95.2853775024, -97.0961761475, 28.318857193, -47.2049674988, 23.0834083557, -38.7172088623, 23.3087043762, -27.3456897736, 2.84448361397, -14.1044139862, 3.14079332352, -10.2934522629],
        "cov": [[7211.85009766, -464.324768066, -411.083618164, 123.862976074, -341.296813965, 108.374649048, -123.63432312, 53.8266525269, -153.852523804, 39.1980400085, -176.511581421, 20.1549453735, -177.663192749], [-464.324768066, 805.848876953, 0.657937467098, -177.064819336, 235.515213013, -92.7202606201, 106.518341064, 31.4588756561, 30.6308994293, -57.0144042969, 108.866668701, -58.5840492249, 80.7283782959], [-411.083618164, 0.657937467098, 632.053344727, 52.5730361938, 42.708984375, 162.604660034, -2.50946331024, 49.8767127991, 38.2076416016, 10.503288269, -4.69920492172, -7.96883678436, -25.4221172333], [123.862976074, -177.064819336, 52.5730361938, 484.435424805, 18.4835834503, -22.6110610962, -4.30272483826, -73.0766372681, 51.7207298279, 8.64527797699, -58.9696311951, -12.4625616074, -18.8341503143], [-341.296813965, 235.515213013, 42.708984375, 18.4835834503, 249.925231934, 4.38500881195, 80.7788925171, 54.9135246277, 20.8413257599, -14.0926799774, 41.017074585, -17.5079154968, 37.2311477661], [108.374649048, -92.7202606201, 162.604660034, -22.6110610962, 4.38500881195, 226.702545166, 62.7516860962, 11.786866188, -5.62962770462, 7.91881990433, -3.79422879219, -2.755433321, -2.9508523941], [-123.63432312, 106.518341064, -2.50946331024, -4.30272483826, 80.7788925171, 62.7516860962, 171.818710327, 12.8280649185, 1.37174248695, 7.388671875, 20.7951145172, -1.92140126228, 21.7835273743], [53.8266525269, 31.4588756561, 49.8767127991, -73.0766372681, 54.9135246277, 11.786866188, 12.8280649185, 179.007720947, 35.1286277771, -8.56977558136, 50.4656028748, 5.48293113708, 14.7960329056], [-153.852523804, 30.6308994293, 38.2076416016, 51.7207298279, 20.8413257599, -5.62962770462, 1.37174248695, 35.1286277771, 91.6825790405, 24.2664432526, 19.4208545685, 4.0781006813, 7.77009963989], [39.1980400085, -57.0144042969, 10.503288269, 8.64527797699, -14.0926799774, 7.91881990433, 7.388671875, -8.56977558136, 24.2664432526, 82.3360977173, 9.21061420441, 10.2712697983, -7.02111101151], [-176.511581421, 108.866668701, -4.69920492172, -58.9696311951, 41.017074585, -3.79422879219, 20.7951145172, 50.4656028748, 19.4208545685, 9.21061420441, 105.082595825, 17.1824245453, 24.7392635345], [20.1549453735, -58.5840492249, -7.96883678436, -12.4625616074, -17.5079154968, -2.755433321, -1.92140126228, 5.48293113708, 4.0781006813, 10.2712697983, 17.1824245453, 73.800567627, 17.6799221039], [-177.663192749, 80.7283782959, -25.4221172333, -18.8341503143, 37.2311477661, -2.9508523941, 21.7835273743, 14.7960329056, 7.77009963989, -7.02111101151, 24.7392635345, 17.6799221039, 78.7815475464]],
        "icov": [[0.000223106646445, -0.000367168424418, 0.000333701405907, -0.000360440753866, 0.000384758401196, -0.000550338765606, 0.000331533548888, -0.0006882523885, 0.000694650574587, -0.000504008377902, 0.000522765563801, -0.000471881765407, 0.000564343004953], [-0.000367168424418, 0.00457717617974, -0.00142484134994, 0.00261454074644, -0.00296298251487, 0.00363624840975, -0.00253546796739, 0.00363118946552, -0.00364201841876, 0.00367766106501, -0.00357199460268, 0.00434978166595, -0.00296498136595], [0.000333701405907, -0.00142484134994, 0.00292317848653, -0.00123065675143, 0.000466491736006, -0.00327384518459, 0.00185411295388, -0.00202244264074, 0.000906817847863, -0.00143066095188, 0.00152030400932, -0.00162492657546, 0.00205605803058], [-0.000360440753866, 0.00261454074644, -0.00123065675143, 0.0043674246408, -0.00232883775607, 0.00267611863092, -0.00171448930632, 0.00374203221872, -0.00464619556442, 0.0025948442053, -0.000788725505117, 0.0024377903901, -0.00148281781003], [0.000384758401196, -0.00296298251487, 0.000466491736006, -0.00232883775607, 0.00804444495589, -0.00152085430454, -0.000981483375654, -0.00382658839226, 0.00253999209963, -0.00158510857727, 0.00105609477032, -0.000880007981323, 0.000103129561467], [-0.000550338765606, 0.00363624840975, -0.00327384518459, 0.00267611863092, -0.00152085430454, 0.00985411927104, -0.00511431694031, 0.0032291659154, -0.00260339700617, 0.00282430229709, -0.00260968739167, 0.00385231315158, -0.00302491220646], [0.000331533548888, -0.00253546796739, 0.00185411295388, -0.00171448930632, -0.000981483375654, -0.00511431694031, 0.00988645851612, -0.00206650490873, 0.00274257478304, -0.00333197182044, 0.00149859348312, -0.00247660395689, 0.000978683237918], [-0.0006882523885, 0.00363118946552, -0.00202244264074, 0.00374203221872, -0.00382658839226, 0.0032291659154, -0.00206650490873, 0.0116948774084, -0.00715446984395, 0.00524264015257, -0.00559076387435, 0.00335247721523, -0.00255058379844], [0.000694650574587, -0.00364201841876, 0.000906817847863, -0.00464619556442, 0.00253999209963, -0.00260339700617, 0.00274257478304, -0.00715446984395, 0.019352985546, -0.00813204515725, 0.00152647809591, -0.00328577565961, 0.00139242771547], [-0.000504008377902, 0.00367766106501, -0.00143066095188, 0.0025948442053, -0.00158510857727, 0.00282430229709, -0.00333197182044, 0.00524264015257, -0.00813204515725, 0.0177942253649, -0.00462768273428, 0.00176639040001, -0.000510207260959], [0.000522765563801, -0.00357199460268, 0.00152030400932, -0.000788725505117, 0.00105609477032, -0.00260968739167, 0.00149859348312, -0.00559076387435, 0.00152647809591, -0.00462768273428, 0.0165005307645, -0.00579829001799, 0.000736694608349], [-0.000471881765407, 0.00434978166595, -0.00162492657546, 0.0024377903901, -0.000880007981323, 0.00385231315158, -0.00247660395689, 0.00335247721523, -0.00328577565961, 0.00176639040001, -0.00579829001799, 0.0199580099434, -0.0070242700167], [0.000564343004953, -0.00296498136595, 0.00205605803058, -0.00148281781003, 0.000103129561467, -0.00302491220646, 0.000978683237918, -0.00255058379844, 0.00139242771547, -0.000510207260959, 0.000736694608349, -0.0070242700167, 0.0185218267143]]
    },
    "melbands": {
        "dmean": [0.00218197912909, 0.00202738633379, 0.00144520017784, 0.000563122041058, 0.000364783889381, 0.00021328155708, 0.000351302645868, 0.00022302911384, 0.000136873743031, 8.75850746525e-05, 0.000162538213772, 0.000241346671828, 0.000242885595071, 4.45045625384e-05, 3.8248817873e-05, 2.69033407676e-05, 2.21306218009e-05, 2.42191636062e-05, 2.27618238569e-05, 1.74083397724e-05, 1.33659959829e-05, 1.07190135168e-05, 8.46770944918e-06, 1.46295951708e-05, 7.41070061849e-06, 6.84430779074e-06, 4.23470100941e-06, 3.06625406665e-06, 2.50459902418e-06, 2.47815887633e-06, 1.59330511451e-06, 1.46706656778e-06, 1.39824544476e-06, 1.63617437465e-06, 1.71648457581e-06, 1.4207764707e-06, 1.13360647447e-06, 9.36333208301e-07, 9.74747308646e-07, 8.26416737709e-07],
        "dmean2": [0.00316182221286, 0.00318783870898, 0.00224685366265, 0.000981750898063, 0.000591746473219, 0.000350846268702, 0.000570946722291, 0.0003493464028, 0.000218842062168, 0.000147835948155, 0.000258823216427, 0.000378855795134, 0.000375704199541, 7.21164396964e-05, 6.43276362098e-05, 4.38301321992e-05, 3.63874860341e-05, 4.07649531553e-05, 3.7914247514e-05, 2.8675842259e-05, 2.23913393711e-05, 1.73823664227e-05, 1.37371716846e-05, 2.44372913585e-05, 1.25020515043e-05, 1.15421989904e-05, 7.02169563738e-06, 4.9752798077e-06, 4.04114098274e-06, 4.07566858485e-06, 2.64023901764e-06, 2.36003143073e-06, 2.29758779824e-06, 2.7092619348e-06, 2.78077072835e-06, 2.3443453756e-06, 1.83885015304e-06, 1.41179918955e-06, 1.55162661031e-06, 1.37591621296e-06],
        "dvar": [9.85090809991e-06, 9.62277499639e-06, 5.65477239434e-06, 1.09846428131e-06, 3.43842401662e-07, 3.31798872821e-07, 5.16018644703e-07, 1.97273166691e-07, 8.8658794084e-08, 2.09114379146e-08, 1.68022012303e-07, 5.11227483457e-07, 6.1188620748e-07, 1.996278165e-08, 6.0312896899e-09, 2.86829959784e-09, 1.28698818269e-09, 1.50191203918e-09, 2.06605466069e-09, 1.29964417006e-09, 5.30684329814e-10, 2.91922791495e-10, 1.41475747784e-10, 1.19352694394e-09, 1.62012667171e-10, 1.00037540751e-10, 3.45380633815e-11, 2.27694182953e-11, 1.64088100746e-11, 1.50694144663e-11, 8.98435319197e-12, 7.88589159251e-12, 5.89989558944e-12, 8.63098394838e-12, 1.46618741453e-11, 9.21794585107e-12, 4.57035104207e-12, 3.35411494586e-12, 4.27377491036e-12, 2.6265545728e-12],
        "dvar2": [1.91271919903e-05, 2.39065157075e-05, 1.39528929139e-05, 2.95475774692e-06, 8.72924658779e-07, 9.02757108179e-07, 1.26754957819e-06, 4.716686135e-07, 1.93569761109e-07, 5.05010184781e-08, 4.14824768313e-07, 1.24105395116e-06, 1.24340056118e-06, 4.43542589323e-08, 1.5194034475e-08, 6.84451206823e-09, 3.2423659313e-09, 3.89244725341e-09, 5.4213442624e-09, 3.34229133259e-09, 1.41690958966e-09, 6.96289803592e-10, 3.29457322534e-10, 3.30361848988e-09, 4.29166369109e-10, 2.64221949875e-10, 8.6800386323e-11, 5.55673909663e-11, 3.99947540364e-11, 3.89857833516e-11, 2.38944020819e-11, 2.05324004326e-11, 1.43074111586e-11, 2.15373222728e-11, 3.56600374229e-11, 2.28922991674e-11, 1.07527675999e-11, 6.34685923609e-12, 1.00763624875e-11, 6.76382777912e-12],
        "max": [0.0321487076581, 0.030062250793, 0.0222849994898, 0.00862786918879, 0.00892812665552, 0.0144907590002, 0.0133981173858, 0.0074748666957, 0.00759689230472, 0.00260406336747, 0.0074305832386, 0.0233628433198, 0.0160129368305, 0.00449143536389, 0.00139417208266, 0.0014603449963, 0.000599033257458, 0.000708021165337, 0.000792936829384, 0.000728817132767, 0.000380449782824, 0.00036298375926, 0.000142224744195, 0.00063465803396, 0.000171185136423, 0.000138368995977, 7.19050076441e-05, 6.65960396873e-05, 8.59062929521e-05, 3.17339327012e-05, 3.44898580806e-05, 4.11054206779e-05, 3.39549369528e-05, 4.52371605206e-05, 8.68817951414e-05, 6.09992130194e-05, 4.52350832347e-05, 4.73303007311e-05, 6.51581794955e-05, 3.32813797286e-05],
        "mean": [0.00403396924958, 0.00372295849957, 0.00227603758685, 0.000644581858069, 0.00052281061653, 0.000288490235107, 0.000489806639962, 0.000326560053509, 0.000173743770574, 0.000103460872197, 0.000223467548494, 0.000371378904674, 0.000389351596823, 5.86856658629e-05, 4.73079926451e-05, 3.87710715586e-05, 3.33906682499e-05, 3.50343361788e-05, 3.30847360601e-05, 2.69089905487e-05, 2.08781839319e-05, 1.6344278265e-05, 1.31431033878e-05, 2.18517070607e-05, 1.19231208373e-05, 1.06335637611e-05, 6.68111761115e-06, 4.9828927331e-06, 3.64034895028e-06, 2.97813357975e-06, 1.85031433375e-06, 1.7746190224e-06, 1.81310406333e-06, 2.11224460145e-06, 2.31240392168e-06, 1.88197464013e-06, 1.62344019827e-06, 1.49560128193e-06, 1.45128331042e-06, 1.15802367873e-06],
        "median": [0.00245532090776, 0.00273985601962, 0.00116427638568, 0.000330523733282, 0.000294760044198, 0.00012844298908, 0.000181886018254, 0.000115812130389, 6.93056790624e-05, 4.49586950708e-05, 7.00332093402e-05, 9.7771633591e-05, 6.54667601339e-05, 2.00537015189e-05, 1.92285060621e-05, 1.59914616233e-05, 1.73831340362e-05, 2.08678175113e-05, 1.56893129315e-05, 1.49822008098e-05, 1.15828461276e-05, 9.5725790743e-06, 7.80241043685e-06, 8.26329414849e-06, 6.37261246084e-06, 6.20256923867e-06, 3.75303943656e-06, 2.29193369705e-06, 1.56175951815e-06, 9.48570118453e-07, 5.6665652437e-07, 3.76150183001e-07, 3.9942798935e-07, 5.37382732091e-07, 7.6021666473e-07, 6.6461507231e-07, 6.11318284882e-07, 5.34411924491e-07, 6.56799272747e-07, 6.01708791237e-07],
        "min": [8.25210747987e-24, 1.33022212485e-24, 6.36325261752e-24, 2.24514057698e-23, 8.53923707215e-24, 5.83703940082e-24, 5.46112943011e-24, 5.34053823568e-24, 3.8518421394e-24, 4.29337113793e-24, 1.06528912601e-23, 8.88697563664e-24, 1.11511208195e-23, 7.44627423227e-24, 9.02869844257e-24, 1.0362550215e-23, 7.63472284733e-24, 8.49976878334e-24, 9.57892340193e-24, 1.18462800375e-23, 9.53382816829e-24, 5.75355977324e-24, 6.41718348773e-24, 3.69550213533e-24, 5.38730822103e-24, 7.29603488401e-24, 8.88323801367e-24, 7.83234512587e-24, 6.42987823185e-24, 9.03189096265e-24, 6.25138583027e-24, 6.52812257456e-24, 1.23100908067e-23, 7.01527455468e-24, 7.81718164155e-24, 6.22793338999e-24, 9.85817700694e-24, 8.82917974242e-24, 9.0463515719e-24, 9.32263196016e-24],
        "var": [2.26958527492e-05, 1.51641879711e-05, 8.56178394315e-06, 9.13227268029e-07, 5.13781799327e-07, 3.73928259023e-07, 9.47215028191e-07, 3.61826721473e-07, 1.58180853305e-07, 3.23353823717e-08, 2.97777006608e-07, 9.2367116622e-07, 1.62544154136e-06, 3.39840333652e-08, 9.07946251516e-09, 5.61629853735e-09, 2.46347675592e-09, 2.10951878188e-09, 2.89560109223e-09, 1.87950255359e-09, 8.12529876715e-10, 5.07286546103e-10, 2.55977489205e-10, 1.84261028657e-09, 2.56151932998e-10, 1.66698391202e-10, 6.50691514559e-11, 5.37618873031e-11, 3.33926671037e-11, 1.9498404627e-11, 9.24408292968e-12, 1.0550223889e-11, 9.90393010658e-12, 1.52251423274e-11, 2.2450930004e-11, 1.23907360067e-11, 9.62617052042e-12, 1.17386395743e-11, 1.13062831666e-11, 4.78440637802e-12]
    },
    "mfcc": {
        "mean": [-633.912414551, 130.579849243, 10.972284317, 16.8863258362, 17.9213294983, -0.757047355175, 10.2341527939, 10.4344730377, 1.22582447529, 7.68026590347, -3.98284292221, -2.15044951439, 2.74697113037],
        "cov": [[5499.38867188, -594.429626465, -240.991638184, 36.407459259, -252.023635864, 51.5923500061, -121.680137634, -40.6040611267, -27.417175293, -58.8607215881, 8.32707977295, -24.530670166, -56.2303466797], [-594.429626465, 1053.32849121, -142.088424683, -113.688331604, 116.512969971, -152.508972168, 170.206787109, 29.954372406, 6.27387666702, 64.7820968628, -16.2380428314, -2.88285183907, 30.4106082916], [-240.991638184, -142.088424683, 570.767272949, -38.5924491882, 94.3373413086, 102.322006226, 0.449282199144, 39.7632751465, 27.0951709747, 6.045835495, 33.8157310486, 19.1515903473, 18.8598632812], [36.407459259, -113.688331604, -38.5924491882, 387.182434082, 34.7329483032, 62.5042877197, -54.5485649109, -2.57103133202, 30.0296134949, -25.1229019165, 23.4188251495, 33.1683959961, -39.732673645], [-252.023635864, 116.512969971, 94.3373413086, 34.7329483032, 208.098007202, -40.029499054, 37.281791687, 49.5573234558, 14.6943626404, 51.4680786133, -4.49004173279, 5.88522768021, 22.6369304657], [51.5923500061, -152.508972168, 102.322006226, 62.5042877197, -40.029499054, 264.933105469, 15.8053483963, -10.8579072952, 27.3266334534, -20.618730545, 22.9333572388, -7.10306596756, -17.029050827], [-121.680137634, 170.206787109, 0.449282199144, -54.5485649109, 37.281791687, 15.8053483963, 175.991577148, 51.3623924255, 22.0483036041, 47.5507164001, -6.87995958328, -2.72194719315, 26.4396076202], [-40.6040611267, 29.954372406, 39.7632751465, -2.57103133202, 49.5573234558, -10.8579072952, 51.3623924255, 109.202484131, 28.6615924835, 26.6466140747, 2.38781738281, -1.87116491795, 20.1296787262], [-27.417175293, 6.27387666702, 27.0951709747, 30.0296134949, 14.6943626404, 27.3266334534, 22.0483036041, 28.6615924835, 92.8517303467, 20.1947174072, 2.00183105469, 6.81385326385, 3.19622421265], [-58.8607215881, 64.7820968628, 6.045835495, -25.1229019165, 51.4680786133, -20.618730545, 47.5507164001, 26.6466140747, 20.1947174072, 100.794662476, 10.9176054001, -3.06113576889, 24.7669086456], [8.32707977295, -16.2380428314, 33.8157310486, 23.4188251495, -4.49004173279, 22.9333572388, -6.87995958328, 2.38781738281, 2.00183105469, 10.9176054001, 72.5012130737, 30.0061340332, 1.48063385487], [-24.530670166, -2.88285183907, 19.1515903473, 33.1683959961, 5.88522768021, -7.10306596756, -2.72194719315, -1.87116491795, 6.81385326385, -3.06113576889, 30.0061340332, 79.0848083496, 13.238079071], [-56.2303466797, 30.4106082916, 18.8598632812, -39.732673645, 22.6369304657, -17.029050827, 26.4396076202, 20.1296787262, 3.19622421265, 24.7669086456, 1.48063385487, 13.238079071, 65.9340209961]],
