{
"lowlevel": {
    "average_loudness": 0.974060773849,
    "barkbands_crest": {
        "dmean": 3.09103965759,
        "dmean2": 5.21010875702,
        "dvar": 6.17527008057,
        "dvar2": 17.8618049622,
        "max": 19.2731266022,
        "mean": 8.16381549835,
        "median": 7.61646413803,
        "min": 2.64664030075,
        "var": 9.45662117004
    },
    "barkbands_flatness_db": {
        "dmean": 0.0226552616805,
        "dmean2": 0.0385502949357,
        "dvar": 0.000361579732271,
        "dvar2": 0.00104760355316,
        "max": 0.243812605739,
        "mean": 0.132062971592,
        "median": 0.128466069698,
        "min": 0.0549008585513,
        "var": 0.000728123995941
    },
    "barkbands_kurtosis": {
        "dmean": 0.958861351013,
        "dmean2": 1.70480978489,
        "dvar": 1.69054830074,
        "dvar2": 4.76306009293,
        "max": 10.3144884109,
        "mean": -0.684476971626,
        "median": -1.04716324806,
        "min": -1.77853405476,
        "var": 1.47688221931
    },
    "barkbands_skewness": {
        "dmean": 0.578268110752,
        "dmean2": 0.970456063747,
        "dvar": 0.239923194051,
        "dvar2": 0.669968366623,
        "max": 3.39110970497,
        "mean": 0.636927008629,
        "median": 0.564131438732,
        "min": -1.3835375309,
        "var": 0.396729648113
    },
    "barkbands_spread": {
        "dmean": 7.2208032608,
        "dmean2": 12.2993249893,
        "dvar": 40.9239807129,
        "dvar2": 115.805007935,
        "max": 80.8520431519,
        "mean": 41.6199531555,
        "median": 41.6744041443,
        "min": 15.654129982,
        "var": 82.7598876953
    },
    "dissonance": {
        "dmean": 0.00527143850923,
        "dmean2": 0.00908841006458,
        "dvar": 4.33402019553e-05,
        "dvar2": 0.000112759051262,
        "max": 0.499870151281,
        "mean": 0.492890238762,
        "median": 0.495206028223,
        "min": 0.399644941092,
        "var": 5.13017839694e-05
    },
    "dynamic_complexity": 1.16583740711,
    "erbbands_crest": {
        "dmean": 1.97721803188,
        "dmean2": 3.38786005974,
        "dvar": 2.75798559189,
        "dvar2": 7.55251598358,
        "max": 16.5648155212,
        "mean": 7.14167118073,
        "median": 6.7892575264,
        "min": 3.21430706978,
        "var": 4.06666183472
    },
    "erbbands_flatness_db": {
        "dmean": 0.0125108528882,
        "dmean2": 0.0205350723118,
        "dvar": 0.000120805270853,
        "dvar2": 0.000282019638689,
        "max": 0.254840672016,
        "mean": 0.188391432166,
        "median": 0.186165571213,
        "min": 0.109722331166,
        "var": 0.000351506634615
    },
    "erbbands_kurtosis": {
        "dmean": 1.1456079483,
        "dmean2": 1.92277407646,
        "dvar": 1.04076337814,
        "dvar2": 2.72782301903,
        "max": 9.29031658173,
        "mean": 2.15732693672,
        "median": 2.16617441177,
        "min": -1.13368427753,
        "var": 3.17389464378
    },
    "erbbands_skewness": {
        "dmean": 0.291859924793,
        "dmean2": 0.475516885519,
        "dvar": 0.0517156012356,
        "dvar2": 0.135203838348,
        "max": 0.735219419003,
        "mean": -0.916696965694,
        "median": -1.0502051115,
        "min": -2.46614646912,
        "var": 0.307326257229
    },
    "erbbands_spread": {
        "dmean": 7.28431606293,
        "dmean2": 12.0899381638,
        "dvar": 44.9841384888,
        "dvar2": 123.017227173,
        "max": 67.8932418823,
        "mean": 28.0099067688,
        "median": 26.3597221375,
        "min": 8.93923854828,
        "var": 74.0673599243
    },
    "hfc": {
        "dmean": 10.0104675293,
        "dmean2": 16.7115459442,
        "dvar": 95.0073013306,
        "dvar2": 253.077194214,
        "max": 93.6705322266,
        "mean": 38.1619529724,
        "median": 36.1324234009,
        "min": 6.57566547394,
        "var": 175.647491455
    },
    "melbands_crest": {
        "dmean": 4.4133682251,
        "dmean2": 7.46996736526,
        "dvar": 10.9564199448,
        "dvar2": 31.5466995239,
        "max": 27.6810264587,
        "mean": 16.6592388153,
        "median": 16.5746917725,
        "min": 5.28130912781,
        "var": 23.6122817993
    },
    "melbands_flatness_db": {
        "dmean": 0.0343081690371,
        "dmean2": 0.0577337481081,
        "dvar": 0.000790863472503,
        "dvar2": 0.00226443703286,
        "max": 0.297496706247,
        "mean": 0.154176995158,
        "median": 0.150523483753,
        "min": 0.0661135911942,
        "var": 0.00148698710836
    },
    "melbands_kurtosis": {
        "dmean": 5.03845930099,
        "dmean2": 8.69131183624,
        "dvar": 38.2975120544,
        "dvar2": 106.868408203,
        "max": 59.3634567261,
        "mean": 5.11853599548,
        "median": 2.98344945908,
        "min": -1.50896072388,
        "var": 42.3735809326
    },
    "melbands_skewness": {
        "dmean": 0.904246509075,
        "dmean2": 1.50682938099,
        "dvar": 0.645576119423,
        "dvar2": 1.8013625145,
        "max": 7.43096351624,
        "mean": 2.17754125595,
        "median": 1.98230481148,
        "min": -0.400018900633,
        "var": 1.1936186552
    },
    "melbands_spread": {
        "dmean": 15.9819993973,
        "dmean2": 26.8918762207,
        "dvar": 177.164154053,
        "dvar2": 498.856414795,
        "max": 109.748382568,
        "mean": 44.6121482849,
        "median": 44.0227394104,
        "min": 7.60243701935,
        "var": 272.005554199
    },
    "pitch_salience": {
        "dmean": 0.101090870798,
        "dmean2": 0.171762302518,
        "dvar": 0.00696819275618,
        "dvar2": 0.0197472646832,
        "max": 0.791774451733,
        "mean": 0.558807909489,
        "median": 0.572852492332,
        "min": 0.176454856992,
        "var": 0.0109470784664
    },
    "silence_rate_20dB": {
        "dmean": 0,
        "dmean2": 0,
        "dvar": 0,
        "dvar2": 0,
        "max": 1,
        "mean": 1,
        "median": 1,
        "min": 1,
        "var": 0
    },
    "silence_rate_30dB": {
        "dmean": 0,
        "dmean2": 0,
        "dvar": 0,
        "dvar2": 0,
        "max": 1,
        "mean": 1,
        "median": 1,
        "min": 1,
        "var": 0
    },
    "silence_rate_60dB": {
        "dmean": 0,
        "dmean2": 0,
        "dvar": 0,
        "dvar2": 0,
        "max": 0,
        "mean": 0,
        "median": 0,
        "min": 0,
        "var": 0
    },
    "spectral_centroid": {
        "dmean": 263.199645996,
        "dmean2": 442.641937256,
        "dvar": 48443.4726562,
        "dvar2": 135700.625,
        "max": 3549.3684082,
        "mean": 2314.48217773,
        "median": 2327.82324219,
        "min": 1258.75305176,
        "var": 116463.242188
    },
    "spectral_complexity": {
        "dmean": 5.23565912247,
        "dmean2": 8.55546951294,
        "dvar": 19.2669067383,
        "dvar2": 47.6232185364,
        "max": 61,
        "mean": 41.5383415222,
        "median": 42,
        "min": 10,
        "var": 45.6722640991
    },
    "spectral_decrease": {
        "dmean": 3.32266969494e-09,
        "dmean2": 5.52778711693e-09,
        "dvar": 1.02056146042e-17,
        "dvar2": 2.7104948433e-17,
        "max": -1.37217204266e-09,
        "mean": -8.6081115569e-09,
        "median": -7.9471353942e-09,
        "min": -2.30537953172e-08,
        "var": 1.21617908737e-17
    },
    "spectral_energy": {
        "dmean": 0.0129580916837,
        "dmean2": 0.0214690193534,
        "dvar": 0.000151918487973,
        "dvar2": 0.000400430522859,
        "max": 0.091773532331,
        "mean": 0.0359503701329,
        "median": 0.0334020033479,
        "min": 0.00577532034367,
        "var": 0.000188836711459
    },
    "spectral_energyband_high": {
        "dmean": 0.000856177008245,
        "dmean2": 0.00147278956138,
        "dvar": 9.53308301632e-07,
        "dvar2": 2.45008163802e-06,
        "max": 0.00844177883118,
        "mean": 0.00186331116129,
        "median": 0.00160794402473,
        "min": 0.000138095070724,
        "var": 1.26743964302e-06
    },
    "spectral_energyband_low": {
        "dmean": 0.011443153955,
        "dmean2": 0.0194761008024,
        "dvar": 0.000142966251587,
        "dvar2": 0.000391099369153,
        "max": 0.0816463902593,
        "mean": 0.0172049924731,
        "median": 0.0139302024618,
        "min": 0.00124721496832,
        "var": 0.000145813639392
    },
    "spectral_energyband_middle_high": {
        "dmean": 0.00296070403419,
        "dmean2": 0.00490814913064,
        "dvar": 7.85135307524e-06,
        "dvar2": 2.01107013709e-05,
        "max": 0.0294601414353,
        "mean": 0.0114253917709,
        "median": 0.0103502683342,
        "min": 0.00162030174397,
        "var": 2.33811260841e-05
    },
    "spectral_energyband_middle_low": {
        "dmean": 0.003848237684,
        "dmean2": 0.00649249181151,
        "dvar": 2.50484190474e-05,
        "dvar2": 6.46334156045e-05,
        "max": 0.0485372245312,
        "mean": 0.00692884810269,
        "median": 0.00497654266655,
        "min": 0.000439289782662,
        "var": 3.62635037163e-05
    },
    "spectral_entropy": {
        "dmean": 0.0780234634876,
        "dmean2": 0.126677632332,
        "dvar": 0.0043311715126,
        "dvar2": 0.0110638132319,
        "max": 8.43198776245,
        "mean": 7.88577461243,
        "median": 7.89231300354,
        "min": 7.35623121262,
        "var": 0.0151072815061
    },
    "spectral_flux": {
        "dmean": 0.0262008421123,
        "dmean2": 0.0419536605477,
        "dvar": 0.000543559202924,
        "dvar2": 0.0011884632986,
        "max": 0.232124760747,
        "mean": 0.117665924132,
        "median": 0.113425470889,
        "min": 0.0404846556485,
        "var": 0.00107109092642
    },
    "spectral_kurtosis": {
        "dmean": 1.32443928719,
        "dmean2": 2.32850813866,
        "dvar": 1.49125862122,
        "dvar2": 4.44467258453,
        "max": 10.3172998428,
        "mean": 2.59564042091,
        "median": 2.24615812302,
        "min": 0.0556952953339,
        "var": 2.19089770317
    },
    "spectral_rms": {
        "dmean": 0.00104227184784,
        "dmean2": 0.00170429015998,
        "dvar": 8.28552003895e-07,
        "dvar2": 2.18559671339e-06,
        "max": 0.00946230161935,
        "mean": 0.0058222161606,
        "median": 0.00570853054523,
        "min": 0.00237370142713,
        "var": 1.17534364108e-06
    },
    "spectral_rolloff": {
        "dmean": 585.719848633,
        "dmean2": 1025.35827637,
        "dvar": 404367.59375,
        "dvar2": 1121963.5,
        "max": 6589.16015625,
        "mean": 2442.34082031,
        "median": 2390.18554688,
        "min": 129.19921875,
        "var": 498266.90625
    },
    "spectral_skewness": {
        "dmean": 0.180371701717,
        "dmean2": 0.309913337231,
        "dvar": 0.0225397665054,
        "dvar2": 0.0637176558375,
        "max": 2.65416717529,
        "mean": 0.900202810764,
        "median": 0.879821181297,
        "min": 0.0180856734514,
        "var": 0.0480805970728
    },
    "spectral_spread": {
        "dmean": 258799.546875,
        "dmean2": 411465.78125,
        "dvar": 93759561728,
        "dvar2": 153212993536,
        "max": 11751904,
        "mean": 3264987.75,
        "median": 3268104.75,
        "min": 2055012.875,
        "var": 225784889344
    },
    "spectral_strongpeak": {
        "dmean": 0.332308381796,
        "dmean2": 0.592612802982,
        "dvar": 0.341736346483,
        "dvar2": 0.984026789665,
        "max": 6.46075582504,
        "mean": 0.441446095705,
        "median": 0.322947323322,
        "min": 0.0446776635945,
        "var": 0.265222549438
    },
    "zerocrossingrate": {
        "dmean": 0.00966759026051,
        "dmean2": 0.0132646579295,
        "dvar": 6.37023040326e-05,
        "dvar2": 0.000106878054794,
        "max": 0.171875,
        "mean": 0.0779793858528,
        "median": 0.0771484375,
        "min": 0.01708984375,
        "var": 0.000248663709499
    },
    "barkbands": {
        "dmean": [7.31828113203e-05, 0.0067006694153, 0.00636111479253, 0.00163976778276, 0.00195763958618, 0.000190753780771, 0.000209616904613, 0.000208689889405, 0.00100830779411, 0.00047254137462, 0.000238003820414, 0.000382385740522, 0.000593922275584, 0.000728739076294, 0.000705702463165, 0.000865970912855, 0.000940120953601, 0.000364427774912, 0.000477984169265, 0.000418528885348, 0.000309150665998, 0.000198170469957, 0.000134436355438, 7.45223733247e-05, 1.59466671903e-05, 5.14424591813e-08, 5.95573048656e-08],
        "dmean2": [0.000122597848531, 0.0115552814677, 0.0112369470298, 0.00287373783067, 0.00330544332974, 0.000327827001456, 0.000364511739463, 0.000357076962246, 0.00175170402508, 0.000789347395767, 0.000399104843382, 0.00065218063537, 0.000997416093014, 0.0012467923807, 0.0011573410593, 0.00146732758731, 0.00159733043984, 0.000616155797616, 0.000829140830319, 0.000716609181836, 0.000526209361851, 0.000328129797708, 0.000232194361161, 0.000122499812278, 2.66149563686e-05, 8.89713547281e-08, 1.05108192372e-07],
        "dvar": [8.59256399366e-09, 5.16347572557e-05, 4.75258239021e-05, 3.4990905533e-06, 1.82039348147e-05, 8.57579109947e-08, 7.77620130066e-07, 2.85050759885e-07, 3.51602761839e-06, 7.28336942757e-07, 1.6311400941e-07, 3.6227075384e-07, 7.35294577225e-07, 9.17315276183e-07, 6.39121708446e-07, 7.53206165882e-07, 7.54170741857e-07, 1.79238114129e-07, 2.98618374472e-07, 1.73065274112e-07, 1.21816043475e-07, 5.45871721158e-08, 2.79021374894e-08, 8.93138007996e-09, 1.0275204021e-09, 2.44197650518e-14, 3.17743132695e-14],
        "dvar2": [2.37552537641e-08, 0.000139913376188, 0.000131599284941, 9.85144743026e-06, 4.66534256702e-05, 2.23817806955e-07, 2.16563739741e-06, 7.36514209621e-07, 1.07302594188e-05, 2.00953013518e-06, 4.21120915917e-07, 9.80605591394e-07, 1.91774188352e-06, 2.47943330578e-06, 1.50270454924e-06, 2.02072965294e-06, 2.10743587559e-06, 4.85517944071e-07, 8.05078514077e-07, 4.87130137117e-07, 3.18435269264e-07, 1.35031058335e-07, 7.31468929871e-08, 1.93556033423e-08, 2.14671169729e-09, 3.65053581981e-14, 5.24021269628e-14],
        "max": [0.000741416704841, 0.0484342724085, 0.0516092777252, 0.0194028355181, 0.0416661016643, 0.00340921641327, 0.0139927621931, 0.00619522947818, 0.0163405463099, 0.0102026052773, 0.00624286290258, 0.00950278155506, 0.0111208325252, 0.01001348719, 0.0119006708264, 0.0143105024472, 0.00720904069021, 0.00594553351402, 0.00474595045671, 0.00355426804163, 0.00288589834236, 0.00426484411582, 0.00180441874545, 0.00141836761031, 0.000714185764082, 4.90485081173e-06, 5.22426535099e-06],
        "mean": [8.69075374794e-05, 0.00795583426952, 0.00783819053322, 0.00198387983255, 0.00223574787378, 0.000302109925542, 0.000243948437856, 0.000235339131905, 0.00157108309213, 0.000784644391388, 0.000360395759344, 0.000649687659461, 0.000943433609791, 0.00130727433134, 0.00151198334061, 0.00181936880108, 0.00216808076948, 0.000748292251956, 0.000910933886189, 0.000931960472371, 0.00053832976846, 0.000391629902879, 0.000250202370808, 0.00015690807777, 2.41578018176e-05, 5.08090778339e-08, 4.40078053998e-08],
        "median": [5.75725025556e-05, 0.00557572534308, 0.00599254667759, 0.00143638346344, 0.000975237227976, 0.000204355674214, 9.05467823031e-05, 8.05333984317e-05, 0.000169472303241, 0.000204211275559, 0.00020819879137, 0.000446248741355, 0.000659256475046, 0.000849284406286, 0.00122179160826, 0.00157505716197, 0.00196080724709, 0.000646608823445, 0.000782780232839, 0.00084083690308, 0.000444503268227, 0.000317784113577, 0.000208536454011, 0.000133097739308, 1.68328497239e-05, 2.41070772233e-08, 8.58843129947e-09],
        "min": [1.11205711306e-08, 4.59310140286e-05, 7.56307854317e-05, 1.32769055199e-05, 2.59601238213e-05, 7.69110647525e-06, 2.79429514194e-06, 2.93327116196e-06, 7.90151079855e-06, 7.62610034144e-06, 3.44621957993e-06, 2.46167201112e-05, 3.88932130591e-05, 3.97570984205e-05, 6.89546432113e-05, 6.53808820061e-05, 5.85233901802e-05, 5.98794649704e-05, 0.000115990580525, 6.70703157084e-05, 2.12617396755e-05, 8.70254734764e-06, 5.1865158639e-06, 3.06952802021e-06, 8.24710966185e-08, 1.6427614824e-10, 1.54281552811e-11],
        "var": [9.63454116487e-09, 4.95375534229e-05, 4.51071900898e-05, 3.77609535462e-06, 1.72845666384e-05, 1.05069098311e-07, 6.02793534199e-07, 3.05096477859e-07, 7.36213360142e-06, 1.67536961726e-06, 2.42003864059e-07, 5.79332947837e-07, 1.05173762677e-06, 1.70207351857e-06, 1.39722692438e-06, 1.18560342344e-06, 1.11848316919e-06, 2.09798699302e-07, 2.91193941848e-07, 2.07386591455e-07, 1.47772581727e-07, 1.06039863113e-07, 3.78748801211e-08, 1.87937612139e-08, 1.33517330525e-09, 2.39155314205e-14, 2.90978314577e-14]
    },
    "erbbands": {
        "dmean": [0.115766741335, 1.82893919945, 6.87349224091, 6.1629319191, 6.7962846756, 5.88942289352, 2.22635746002, 1.54044866562, 2.59824323654, 3.55270552635, 4.8519153595, 18.7619056702, 24.3664455414, 9.33870506287, 9.63327598572, 16.236831665, 23.0403175354, 36.3044586182, 39.7568054199, 27.8378715515, 54.7823867798, 45.7921447754, 21.0934238434, 24.9851341248, 19.0125007629, 21.5347251892, 14.2158460617, 11.363940239, 6.9839720726, 5.41553592682, 3.60106182098, 2.07168889046, 1.02076458931, 0.320682793856, 0.0103504369035, 0.000613923708443, 0.000116338305816, 3.92903966713e-05, 1.49337547555e-05, 1.55616417032e-05],
        "dmean2": [0.196117445827, 3.15891003609, 12.1081418991, 10.875670433, 11.2927865982, 10.5251846313, 3.82902288437, 2.6673541069, 4.45972633362, 5.89074659348, 7.94257545471, 31.9913063049, 42.6059837341, 15.7299642563, 15.8432912827, 27.6178474426, 38.7964935303, 62.3278808594, 65.9137268066, 46.5566520691, 93.0428771973, 77.3391876221, 35.0547561646, 43.4411201477, 32.2587432861, 37.0837173462, 24.5506591797, 19.2072906494, 11.5846176147, 9.0977602005, 6.2440867424, 3.46306371689, 1.69187450409, 0.530192732811, 0.0171811450273, 0.00101985316724, 0.000196659879293, 6.75137998769e-05, 2.50250923273e-05, 2.56153471128e-05],
        "dvar": [0.0171181745827, 3.89806818962, 58.1129646301, 44.1252288818, 143.557495117, 211.655578613, 16.8389225006, 5.16208600998, 117.438598633, 117.011375427, 141.813461304, 1323.375, 2318.63110352, 223.362548828, 247.83480835, 640.804138184, 1027.92907715, 2303.26074219, 2320.79785156, 1307.79699707, 2918.9831543, 1901.63525391, 566.313720703, 859.495056152, 361.376647949, 479.806396484, 289.520507812, 151.553634644, 77.1943283081, 48.2729263306, 18.5484085083, 6.84000110626, 1.94112098217, 0.368778586388, 0.000759794900659, 1.92175298253e-06, 8.97131755551e-08, 1.13290914427e-08, 7.2784273053e-10, 2.1130634742e-10],
        "dvar2": [0.0445106960833, 10.7053785324, 159.939361572, 122.049423218, 345.672363281, 589.16418457, 47.5653076172, 13.5905075073, 324.068939209, 281.534973145, 349.225036621, 3833.76416016, 7194.05029297, 563.676574707, 588.333984375, 1681.89587402, 2694.74584961, 6268.40136719, 5857.81787109, 2957.71191406, 7833.57177734, 5170.51318359, 1535.14758301, 2352.38696289, 973.645263672, 1359.88830566, 760.598388672, 397.029968262, 189.51940918, 124.043746948, 48.516002655, 14.9751348495, 4.1267209053, 0.734019875526, 0.00149459682871, 3.64742300007e-06, 1.35025629788e-07, 1.80792554261e-08, 1.32510413753e-09, 5.52745516025e-10],
        "max": [0.865834355354, 13.327419281, 53.5320739746, 59.5732536316, 121.115745544, 142.361953735, 57.0746536255, 25.3161296844, 165.378173828, 165.09274292, 249.802947998, 331.916473389, 493.246520996, 240.887496948, 270.257781982, 446.438293457, 477.662078857, 523.449157715, 803.533508301, 579.579162598, 667.623657227, 434.06741333, 372.246673584, 276.948760986, 198.289642334, 187.830673218, 111.397789001, 118.584220886, 169.449249268, 79.1048126221, 56.2619361877, 48.3938598633, 22.8490447998, 12.8158941269, 0.644429683685, 0.0291401334107, 0.00929652806371, 0.0032200566493, 0.00075899111107, 0.000113709000289],
        "mean": [0.129038155079, 2.18160510063, 8.9531288147, 8.01800441742, 8.31486797333, 5.84010601044, 2.99942207336, 2.42922878265, 3.09616708755, 4.27926063538, 6.96655797958, 30.1723976135, 40.9626808167, 16.4110889435, 16.9256839752, 29.52967453, 41.3849525452, 66.1915512085, 81.2161026001, 68.1315765381, 124.076454163, 114.912071228, 50.1946678162, 44.6552734375, 43.2099189758, 45.6638374329, 23.7929286957, 22.0879192352, 14.2121906281, 9.80051422119, 6.66895341873, 3.90975308418, 2.21095728874, 0.587337315083, 0.0184621363878, 0.00111861038022, 0.000178193251486, 5.11715916218e-05, 3.27542657033e-05, 4.7000223276e-05],
        "median": [0.0759424641728, 1.56488919258, 7.05576038361, 5.8140001297, 4.1749382019, 2.53681564331, 1.9606872797, 1.65274989605, 1.47161006927, 1.40171790123, 2.26720905304, 3.77755236626, 5.2074508667, 7.34600782394, 10.5767173767, 20.951505661, 30.1954574585, 41.4181060791, 63.7701950073, 57.4351196289, 109.910583496, 104.096992493, 45.5857620239, 37.6135520935, 38.4363174438, 40.8424453735, 18.7754173279, 19.0537815094, 11.5282945633, 7.6126332283, 5.56820058823, 3.24652576447, 1.84839189053, 0.448799461126, 0.0136696407571, 0.000849216419738, 0.000125373990159, 3.21119987348e-05, 2.73742116406e-05, 4.38383758592e-05],
        "min": [0.00266594416462, 0.0562371425331, 0.220392733812, 0.656071722507, 0.103113330901, 0.102920792997, 0.0777205079794, 0.103698700666, 0.0930806323886, 0.061287291348, 0.093702673912, 0.266602307558, 0.323339492083, 0.161609277129, 0.768215060234, 2.04870009422, 2.50509214401, 1.71135509014, 3.87906932831, 2.5333032608, 3.66907858849, 3.65709757805, 4.17465400696, 2.83096504211, 7.95479917526, 3.80949521065, 1.25242733955, 0.890190124512, 0.412246614695, 0.256452023983, 0.140070304275, 0.0817712247372, 0.0306255538017, 0.0036345992703, 0.000135235430207, 2.43770591624e-05, 1.06644183688e-05, 2.64694813268e-06, 9.9357439467e-06, 1.66997997439e-05],
        "var": [0.0178389064968, 3.63774108887, 54.4204330444, 48.9695549011, 167.082336426, 149.072097778, 13.8322811127, 6.39471673965, 84.5526504517, 139.734466553, 195.968414307, 2804.74633789, 5184.71728516, 514.032348633, 464.874847412, 1095.05358887, 1560.42114258, 4444.51025391, 4326.46923828, 2597.35302734, 4526.19628906, 2897.70678711, 730.702331543, 800.731079102, 429.861450195, 551.926696777, 297.643829346, 227.247268677, 147.819061279, 68.0374908447, 27.1671829224, 13.4129047394, 3.79336047173, 0.54827862978, 0.000958210439421, 2.48074638876e-06, 9.33538473191e-08, 1.09407549687e-08, 7.44798389629e-10, 2.8102362104e-10]
    },
    "gfcc": {
        "mean": [26.7186374664, 99.1023178101, -169.063278198, 90.891746521, -43.1928367615, 35.9309806824, -27.9053878784, -3.56436681747, -4.78275585175, -22.9042167664, -2.6548833847, -24.31016922, 2.94892287254],
        "cov": [[553.962036133, -69.7840576172, -28.9823799133, -173.537063599, -207.470855713, 35.6289291382, 31.5271339417, 50.2650489807, -7.27250623703, 3.62759613991, -63.8371620178, -15.0140991211, -49.1350097656], [-69.7840576172, 246.055618286, -70.346496582, -116.362205505, 30.1430530548, -57.1142311096, 68.747718811, 9.44960403442, 32.3308029175, -41.9454421997, -15.5226240158, -41.7810745239, 8.41877746582], [-28.9823799133, -70.346496582, 155.533355713, 139.756958008, 28.9569072723, 1.8687723875, -62.4168243408, -34.5335197449, -24.3730621338, 22.8705310822, 24.6016616821, 35.3560066223, 6.65377092361], [-173.537063599, -116.362205505, 139.756958008, 274.608428955, 116.806785583, 4.73158216476, -83.637260437, -76.2024078369, -26.907787323, 37.1766777039, 71.1008300781, 55.4375, 23.9663982391], [-207.470855713, 30.1430530548, 28.9569072723, 116.806785583, 177.354690552, 2.37448406219, 8.54161643982, -21.1806621552, 7.13681411743, 9.23086166382, 37.354927063, 6.63497686386, 16.7084560394], [35.6289291382, -57.1142311096, 1.8687723875, 4.73158216476, 2.37448406219, 75.4638824463, 38.1115608215, 28.083694458, -2.46747946739, -7.26425552368, -6.42762374878, 1.50238263607, 0.436194419861], [31.5271339417, 68.747718811, -62.4168243408, -83.637260437, 8.54161643982, 38.1115608215, 134.494018555, 57.3065223694, 23.4171504974, -36.0844268799, -29.3425559998, -26.8162097931, -10.1581468582], [50.2650489807, 9.44960403442, -34.5335197449, -76.2024078369, -21.1806621552, 28.083694458, 57.3065223694, 85.4477996826, 37.5642204285, 0.101866282523, -20.989112854, -21.332983017, -5.43476438522], [-7.27250623703, 32.3308029175, -24.3730621338, -26.907787323, 7.13681411743, -2.46747946739, 23.4171504974, 37.5642204285, 63.8171577454, 24.1436843872, 4.92707538605, -9.96531200409, -7.71839284897], [3.62759613991, -41.9454421997, 22.8705310822, 37.1766777039, 9.23086166382, -7.26425552368, -36.0844268799, 0.101866282523, 24.1436843872, 66.0022125244, 36.8093643188, 18.177280426, -1.3340357542], [-63.8371620178, -15.5226240158, 24.6016616821, 71.1008300781, 37.354927063, -6.42762374878, -29.3425559998, -20.989112854, 4.92707538605, 36.8093643188, 58.4787597656, 33.219581604, 10.6071224213], [-15.0140991211, -41.7810745239, 35.3560066223, 55.4375, 6.63497686386, 1.50238263607, -26.8162097931, -21.332983017, -9.96531200409, 18.177280426, 33.219581604, 50.5530014038, 19.1916389465], [-49.1350097656, 8.41877746582, 6.65377092361, 23.9663982391, 16.7084560394, 0.436194419861, -10.1581468582, -5.43476438522, -7.71839284897, -1.3340357542, 10.6071224213, 19.1916389465, 41.2572517395]],
        "icov": [[0.0044317743741, -0.00059997086646, -0.000457738206023, 0.000824717106298, 0.00389207806438, -0.00211788597517, -0.00107283552643, -5.21621986991e-05, 0.00231817900203, -0.00467865448445, 0.00432341964915, -0.00290675321594, 0.00369330495596], [-0.00059997086646, 0.0322795659304, -0.0162467621267, 0.0261714234948, -0.00961852632463, 0.0219588279724, -0.0149444034323, 0.0206665918231, -0.0218767095357, 0.0261110849679, -0.035531822592, 0.0297552663833, -0.0251326821744], [-0.000457738206023, -0.0162467621267, 0.0240370947868, -0.0229885112494, 0.00525480601937, -0.00915182288736, 0.0100453710184, -0.0155448066071, 0.0146240079775, -0.0154416002333, 0.0259258821607, -0.02158594504, 0.0162540767342], [0.000824717106298, 0.0261714234948, -0.0229885112494, 0.0380694419146, -0.0132289733738, 0.011586249806, -0.0090160081163, 0.024209363386, -0.0192294698209, 0.0217588078231, -0.0363735109568, 0.0232616737485, -0.0209241490811], [0.00389207806438, -0.00961852632463, 0.00525480601937, -0.0132289733738, 0.0173924639821, -0.00658797193319, -0.00134342827369, -0.00472425948828, 0.00630603730679, -0.0104628428817, 0.00830401200801, -0.00340815866366, 0.00579999107867], [-0.00211788597517, 0.0219588279724, -0.00915182288736, 0.011586249806, -0.00658797193319, 0.0363365896046, -0.0159307196736, 0.00419081840664, -0.00862342864275, 0.0171605572104, -0.0217621959746, 0.0171129908413, -0.0167679395527], [-0.00107283552643, -0.0149444034323, 0.0100453710184, -0.0090160081163, -0.00134342827369, -0.0159307196736, 0.0258069857955, -0.0160684064031, 0.00538126286119, -0.000317169848131, 0.0139852305874, -0.0160350352526, 0.0151989590377], [-5.21621986991e-05, 0.0206665918231, -0.0155448066071, 0.024209363386, -0.00472425948828, 0.00419081840664, -0.0160684064031, 0.0447339490056, -0.0275434032083, 0.0115851648152, -0.0211593937129, 0.0253369454294, -0.0231542997062], [0.00231817900203, -0.0218767095357, 0.0146240079775, -0.0192294698209, 0.00630603730679, -0.00862342864275, 0.00538126286119, -0.0275434032083, 0.0477641373873, -0.0331744626164, 0.0259795933962, -0.0198303703219, 0.021679084748], [-0.00467865448445, 0.0261110849679, -0.0154416002333, 0.0217588078231, -0.0104628428817, 0.0171605572104, -0.000317169848131, 0.0115851648152, -0.0331744626164, 0.0629248544574, -0.0536840446293, 0.0255893096328, -0.0178186427802], [0.00432341964915, -0.035531822592, 0.0259258821607, -0.0363735109568, 0.00830401200801, -0.0217621959746, 0.0139852305874, -0.0211593937129, 0.0259795933962, -0.0536840446293, 0.09732747823, -0.0603588372469, 0.0330497249961], [-0.00290675321594, 0.0297552663833, -0.02158594504, 0.0232616737485, -0.00340815866366, 0.0171129908413, -0.0160350352526, 0.0253369454294, -0.0198303703219, 0.0255893096328, -0.0603588372469, 0.0779477655888, -0.0425994358957], [0.00369330495596, -0.0251326821744, 0.0162540767342, -0.0209241490811, 0.00579999107867, -0.0167679395527, 0.0151989590377, -0.0231542997062, 0.021679084748, -0.0178186427802, 0.0330497249961, -0.0425994358957, 0.0566176921129]]
    },
    "melbands": {
        "dmean": [0.00144025101326, 0.00306988530792, 0.00101276952773, 0.000510413257871, 9.854806558e-05, 3.43547617376e-05, 4.06896833738e-05, 4.03095800721e-05, 4.37441922259e-05, 0.000140750213177, 0.000123001547763, 4.20907199441e-05, 3.26751578541e-05, 3.84519480576e-05, 4.77409084851e-05, 6.53348179185e-05, 7.25836071069e-05, 6.75019982737e-05, 4.56847410533e-05, 4.22741177317e-05, 7.92689606897e-05, 5.90787785768e-05, 3.26060071529e-05, 1.59910669026e-05, 2.26539159485e-05, 1.67261805473e-05, 1.32419136207e-05, 1.64585126186e-05, 9.51305901253e-06, 9.26390839595e-06, 6.39549534753e-06, 4.27704571848e-06, 3.52447477781e-06, 3.03156753034e-06, 2.3209227038e-06, 1.66566087501e-06, 1.22461199226e-06, 7.7554273048e-07, 6.69217968152e-07, 1.44353379028e-07],
        "dmean2": [0.00247112545185, 0.00535310432315, 0.00176147383172, 0.000870118383318, 0.000174064654857, 5.92078176851e-05, 6.97863142705e-05, 6.74709081068e-05, 7.23797784303e-05, 0.000242171910941, 0.000215286388993, 7.15646820026e-05, 5.45830880583e-05, 6.52879898553e-05, 8.00157577032e-05, 0.000109852167952, 0.000125195991131, 0.0001133025944, 7.6257121691e-05, 7.11401371518e-05, 0.000135036010761, 0.000101489160443, 5.5134332797e-05, 2.71927929134e-05, 3.94571106881e-05, 2.88973551505e-05, 2.23305560212e-05, 2.86799931928e-05, 1.64606935869e-05, 1.58877392096e-05, 1.07415653474e-05, 7.137459761e-06, 5.81266976951e-06, 5.15129659107e-06, 4.04061074732e-06, 2.80177278e-06, 2.04643401958e-06, 1.27989505927e-06, 1.10705786938e-06, 2.40679440822e-07],
        "dvar": [2.45703972723e-06, 1.17230329124e-05, 1.07855487386e-06, 1.24316841266e-06, 4.39478000658e-08, 2.6931927799e-09, 3.00355189609e-08, 1.31051258734e-08, 1.33330644303e-08, 7.12693832838e-08, 5.7202818482e-08, 4.91901452904e-09, 3.03669001056e-09, 3.7772247552e-09, 3.89299170678e-09, 9.75133307435e-09, 9.56018375575e-09, 7.5026491686e-09, 2.63911159593e-09, 2.56853027736e-09, 5.9863958235e-09, 3.23248161571e-09, 1.11370357381e-09, 3.63672258974e-10, 7.14082404318e-10, 3.52158746608e-10, 1.45975662114e-10, 2.90652307777e-10, 1.31955557592e-10, 1.09886579003e-10, 4.61780197414e-11, 3.17459114552e-11, 1.81279141004e-11, 1.59793654003e-11, 8.13248079989e-12, 3.71323848405e-12, 2.67273898326e-12, 1.02675333513e-12, 1.08162036185e-12, 1.23561791766e-13],
        "dvar2": [6.46479475108e-06, 3.23305248457e-05, 2.96028269986e-06, 3.22490450344e-06, 1.26838685333e-07, 7.02448321732e-09, 8.3267160278e-08, 3.05855891725e-08, 3.2903063385e-08, 2.12974342162e-07, 1.77732502493e-07, 1.26212489349e-08, 7.42292582956e-09, 1.00612247422e-08, 1.01744621617e-08, 2.48722660245e-08, 2.62807002827e-08, 1.92638314189e-08, 5.95242921619e-09, 6.41298347759e-09, 1.64359743593e-08, 8.81738149161e-09, 2.89190316138e-09, 1.01083430515e-09, 1.96851090983e-09, 9.47995126843e-10, 3.97639116079e-10, 8.19604106805e-10, 3.50964396434e-10, 2.94416629965e-10, 1.20358015221e-10, 7.87057988227e-11, 4.55137941224e-11, 4.23715056097e-11, 2.18405449975e-11, 8.71070923725e-12, 5.77802259163e-12, 2.3168869167e-12, 2.25284829854e-12, 2.48329243453e-13],
        "max": [0.00894678942859, 0.0235096439719, 0.00988116115332, 0.0106958588585, 0.0026283627376, 0.000562946777791, 0.0027734793257, 0.00149819464423, 0.00243446277454, 0.00236571044661, 0.00241249473765, 0.00120168202557, 0.000861560169142, 0.000773118517827, 0.000943754625041, 0.00144730287138, 0.00119204074144, 0.00140784832183, 0.000783695955761, 0.00102972867899, 0.000822862901259, 0.000533265527338, 0.000406047533033, 0.000260505534243, 0.000256825995166, 0.000180554474355, 0.000132117507746, 0.000145476064063, 8.18705593701e-05, 8.19250271888e-05, 6.88513318892e-05, 0.000100788514828, 8.18069383968e-05, 4.74380321975e-05, 3.20939216181e-05, 3.4470562241e-05, 2.9829221603e-05, 1.57357353601e-05, 2.16844146053e-05, 6.09843436905e-06],
        "mean": [0.0016780475853, 0.00417998759076, 0.00141728017479, 0.000560201646294, 0.000119963144243, 5.54800753889e-05, 4.81972347188e-05, 4.81120987388e-05, 6.05040222581e-05, 0.000225061041419, 0.000204363299417, 6.56012052787e-05, 5.20991416124e-05, 6.38999190414e-05, 8.80840452737e-05, 0.000100084522273, 0.000124101759866, 0.000128430212499, 0.000101676749182, 8.91599192983e-05, 0.000163091506693, 0.000132025379571, 6.78979777149e-05, 3.07102673105e-05, 3.72727663489e-05, 3.12169649987e-05, 3.17175872624e-05, 3.08068993036e-05, 1.45236544995e-05, 1.41713335324e-05, 1.24936832435e-05, 8.30595581647e-06, 6.29224268778e-06, 5.13849045092e-06, 4.08613868785e-06, 2.92159916171e-06, 2.23358847506e-06, 1.63831134614e-06, 1.20094489375e-06, 2.24291298423e-07],
        "median": [0.00107212201692, 0.00333529384807, 0.00108096154872, 0.000233003913308, 7.39703464205e-05, 3.79714183509e-05, 2.15137679334e-05, 1.50911455421e-05, 1.83533375093e-05, 2.41080670094e-05, 2.66294573521e-05, 2.86976755888e-05, 2.97470887745e-05, 4.31207226939e-05, 6.2373583205e-05, 6.51523805573e-05, 7.51205370761e-05, 9.89210093394e-05, 8.24859307613e-05, 7.61377232266e-05, 0.000142456687172, 0.000118139570986, 5.95928577241e-05, 2.62723096967e-05, 3.08127819153e-05, 2.6261428502e-05, 2.9064309274e-05, 2.69756692433e-05, 1.10659657366e-05, 1.10963937914e-05, 1.04513483166e-05, 6.6995630732e-06, 4.89844205731e-06, 3.93072650695e-06, 3.40500128004e-06, 2.3673276246e-06, 1.82628730272e-06, 1.37060783345e-06, 9.40173208619e-07, 1.51807881821e-07],
        "min": [2.2064177756e-05, 0.000138328468893, 0.000139190116897, 7.11039410817e-06, 3.48693970409e-06, 2.01145144274e-06, 1.27192197397e-06, 3.43074020748e-07, 8.1208111169e-07, 1.12739542146e-06, 1.53905898514e-06, 6.67469237214e-07, 6.70297197303e-07, 4.36033860751e-06, 3.14406884172e-06, 3.55925703843e-06, 2.4838122954e-06, 5.31586329089e-06, 4.21376444137e-06, 2.69871793535e-06, 4.7025114327e-06, 3.42050725521e-06, 5.27964766661e-06, 2.11138376471e-06, 1.5945765881e-06, 4.29444844485e-06, 3.1868808037e-06, 2.1322507564e-06, 6.52496567e-07, 6.36318532088e-07, 1.32739714331e-07, 1.63097766404e-07, 2.009344513e-07, 7.92676289052e-08, 5.24923677858e-08, 6.26777065804e-08, 4.70301202427e-08, 2.56998013981e-08, 4.70058303392e-09, 8.07033107009e-10],
        "var": [2.44478815148e-06, 1.083845018e-05, 1.22814446968e-06, 1.13218686693e-06, 3.02151157427e-08, 3.3743210448e-09, 2.1942090811e-08, 1.63754911853e-08, 1.77402696977e-08, 1.55834314342e-07, 1.28774345853e-07, 9.78484671066e-09, 5.12602227332e-09, 5.69713876075e-09, 7.4336989897e-09, 1.40296663176e-08, 1.76187970879e-08, 1.28684103373e-08, 6.22735951694e-09, 4.09280609404e-09, 8.51302583982e-09, 4.55474191696e-09, 1.57838020431e-09, 3.81001757921e-10, 6.51503795357e-10, 3.58785195997e-10, 2.06043210271e-10, 3.18475107397e-10, 1.33965699645e-10, 1.19989768121e-10, 8.04400782095e-11, 5.85465911862e-11, 3.10022771344e-11, 1.95288611671e-11, 1.06218402129e-11, 7.05482026964e-12, 5.03385180761e-12, 2.01140037785e-12, 1.74180461721e-12, 1.5753456211e-13]
    },
    "mfcc": {
        "mean": [-578.482177734, 81.8274002075, -28.2400302887, 42.1143188477, 23.3997859955, 29.1419830322, 7.05069112778, 15.3612613678, 6.21558713913, 9.32909965515, -6.06894683838, 2.39308643341, -5.59564447403],
        "cov": [[588.221679688, -34.8480796814, 42.630115509, -210.208724976, -201.92666626, -65.7649307251, -31.7184371948, 18.8807086945, 25.1439304352, 12.737827301, 50.3416023254, -20.7173519135, -56.2375297546], [-34.8480796814, 327.632995605, -133.046600342, -81.4427032471, -85.9159317017, -65.2766799927, 3.32307076454, 36.8660240173, 48.853729248, 54.1561279297, 23.1426181793, -33.6610031128, -50.2390365601], [42.630115509, -133.046600342, 168.074371338, 52.4171447754, 33.8544425964, 19.0716743469, -21.4845256805, -28.6642799377, -33.1614303589, -46.3054504395, -16.2688369751, 10.9959878922, 26.1230583191], [-210.208724976, -81.4427032471, 52.4171447754, 215.095077515, 147.795120239, 70.9913711548, 4.35818433762, -46.3250732422, -55.7036743164, -38.0043678284, -40.1969108582, 34.8826942444, 55.8368225098], [-201.92666626, -85.9159317017, 33.8544425964, 147.795120239, 176.424179077, 57.6366462708, 5.31695699692, -46.1871833801, -36.4522361755, -25.5574131012, -27.8386688232, 28.3840084076, 55.1352119446], [-65.7649307251, -65.2766799927, 19.0716743469, 70.9913711548, 57.6366462708, 78.0861740112, 26.6212539673, 1.45253777504, -23.1461410522, -17.2537345886, -18.2015380859, 14.0526952744, 14.5914001465], [-31.7184371948, 3.32307076454, -21.4845256805, 4.35818433762, 5.31695699692, 26.6212539673, 72.3363952637, 41.0256347656, 15.9300174713, 6.79827451706, -5.96783542633, -5.88060379028, -11.6967449188], [18.8807086945, 36.8660240173, -28.6642799377, -46.3250732422, -46.1871833801, 1.45253777504, 41.0256347656, 87.6197357178, 42.9497413635, 28.3778190613, 7.35207653046, -14.682138443, -28.6863861084], [25.1439304352, 48.853729248, -33.1614303589, -55.7036743164, -36.4522361755, -23.1461410522, 15.9300174713, 42.9497413635, 69.9071121216, 40.5770759583, 22.4794597626, -12.7795162201, -23.4755249023], [12.737827301, 54.1561279297, -46.3054504395, -38.0043678284, -25.5574131012, -17.2537345886, 6.79827451706, 28.3778190613, 40.5770759583, 64.7915344238, 29.2540817261, -2.6135892868, -19.6899299622], [50.3416023254, 23.1426181793, -16.2688369751, -40.1969108582, -27.8386688232, -18.2015380859, -5.96783542633, 7.35207653046, 22.4794597626, 29.2540817261, 56.4594764709, 13.4664669037, -1.25724494457], [-20.7173519135, -33.6610031128, 10.9959878922, 34.8826942444, 28.3840084076, 14.0526952744, -5.88060379028, -14.682138443, -12.7795162201, -2.6135892868, 13.4664669037, 48.0908203125, 34.3787651062], [-56.2375297546, -50.2390365601, 26.1230583191, 55.8368225098, 55.1352119446, 14.5914001465, -11.6967449188, -28.6863861084, -23.4755249023, -19.6899299622, -1.25724494457, 34.3787651062, 67.3303451538]],
