{
"lowlevel": {
    "average_loudness": 0.410132735968,
    "barkbands_crest": {
        "dmean": 2.01707196236,
        "dmean2": 3.14316773415,
        "dvar": 4.07587862015,
        "dvar2": 9.01298904419,
        "max": 26.1787014008,
        "mean": 12.4839792252,
        "median": 11.5958042145,
        "min": 2.95328950882,
        "var": 24.6527748108
    },
    "barkbands_flatness_db": {
        "dmean": 0.017154822126,
        "dmean2": 0.0255561694503,
        "dvar": 0.000304715096718,
        "dvar2": 0.000666613050271,
        "max": 0.426937013865,
        "mean": 0.203955501318,
        "median": 0.197601541877,
        "min": 0.0801790952682,
        "var": 0.00269700190984
    },
    "barkbands_kurtosis": {
        "dmean": 3.10178589821,
        "dmean2": 4.60788822174,
        "dvar": 25.1052818298,
        "dvar2": 54.2641792297,
        "max": 87.5857467651,
        "mean": 8.81965351105,
        "median": 4.50084733963,
        "min": -1.93028998375,
        "var": 121.384269714
    },
    "barkbands_skewness": {
        "dmean": 0.426303088665,
        "dmean2": 0.616647064686,
        "dvar": 0.226392254233,
        "dvar2": 0.452039897442,
        "max": 8.20025348663,
        "mean": 2.08853554726,
        "median": 1.8772778511,
        "min": -1.71081602573,
        "var": 2.00253891945
    },
    "barkbands_spread": {
        "dmean": 3.80574655533,
        "dmean2": 5.65320301056,
        "dvar": 39.0775947571,
        "dvar2": 74.4466400146,
        "max": 105.093788147,
        "mean": 16.2091999054,
        "median": 13.5004501343,
        "min": 0.978676736355,
        "var": 155.901779175
    },
    "dissonance": {
        "dmean": 0.0229421611875,
        "dmean2": 0.0380365401506,
        "dvar": 0.000506892509293,
        "dvar2": 0.00134657369927,
        "max": 0.499592959881,
        "mean": 0.442265570164,
        "median": 0.450436770916,
        "min": 0.206852525473,
        "var": 0.00137765158433
    },
    "dynamic_complexity": 5.58887672424,
    "erbbands_crest": {
        "dmean": 2.53625607491,
        "dmean2": 3.95593690872,
        "dvar": 6.26680660248,
        "dvar2": 13.8461561203,
        "max": 33.6074295044,
        "mean": 11.2070426941,
        "median": 9.6095790863,
        "min": 3.11763930321,
        "var": 32.6093635559
    },
    "erbbands_flatness_db": {
        "dmean": 0.0147002786398,
        "dmean2": 0.0215583108366,
        "dvar": 0.000212353043025,
        "dvar2": 0.00040772833745,
        "max": 0.412147939205,
        "mean": 0.194966137409,
        "median": 0.189558103681,
        "min": 0.0976010337472,
        "var": 0.00179726665374
    },
    "erbbands_kurtosis": {
        "dmean": 1.26181054115,
        "dmean2": 1.86593127251,
        "dvar": 5.7934422493,
        "dvar2": 11.6986484528,
        "max": 82.7246017456,
        "mean": 1.90669512749,
        "median": 0.126035451889,
        "min": -1.68873023987,
        "var": 29.9355316162
    },
    "erbbands_skewness": {
        "dmean": 0.345740109682,
        "dmean2": 0.496160566807,
        "dvar": 0.131623342633,
        "dvar2": 0.239890769124,
        "max": 7.38416910172,
        "mean": 0.731168687344,
        "median": 0.621577501297,
        "min": -3.23507618904,
        "var": 1.11166012287
    },
    "erbbands_spread": {
        "dmean": 6.70383930206,
        "dmean2": 10.129535675,
        "dvar": 65.1641082764,
        "dvar2": 138.744277954,
        "max": 121.14238739,
        "mean": 38.8325004578,
        "median": 38.2661437988,
        "min": 1.3021736145,
        "var": 391.406646729
    },
    "hfc": {
        "dmean": 3.31855726242,
        "dmean2": 4.46585083008,
        "dvar": 55.427646637,
        "dvar2": 109.403419495,
        "max": 209.557418823,
        "mean": 12.5002498627,
        "median": 4.21847772598,
        "min": 7.62765057516e-06,
        "var": 509.253479004
    },
    "melbands_crest": {
        "dmean": 2.27622461319,
        "dmean2": 3.51293206215,
        "dvar": 5.57403850555,
        "dvar2": 12.7439260483,
        "max": 35.0850448608,
        "mean": 15.2629785538,
        "median": 14.1241025925,
        "min": 4.01053142548,
        "var": 30.7297706604
    },
    "melbands_flatness_db": {
        "dmean": 0.0186069328338,
        "dmean2": 0.0266290809959,
        "dvar": 0.000448879029136,
        "dvar2": 0.000891087460332,
        "max": 0.531075298786,
        "mean": 0.237701192498,
        "median": 0.230094492435,
        "min": 0.0357760898769,
        "var": 0.00515088345855
    },
    "melbands_kurtosis": {
        "dmean": 6.54234170914,
        "dmean2": 9.96393203735,
        "dvar": 122.866577148,
        "dvar2": 280.827484131,
        "max": 222.452987671,
        "mean": 21.2119064331,
        "median": 12.6538705826,
        "min": -1.62336480618,
        "var": 589.819885254
    },
    "melbands_skewness": {
        "dmean": 0.550201714039,
        "dmean2": 0.815246343613,
        "dvar": 0.390667289495,
        "dvar2": 0.813285887241,
        "max": 12.2420625687,
        "mean": 3.03188943863,
        "median": 2.80440330505,
        "min": -2.19551134109,
        "var": 3.78150224686
    },
    "melbands_spread": {
        "dmean": 4.17283964157,
        "dmean2": 5.94251966476,
        "dvar": 63.1928749084,
        "dvar2": 95.9466400146,
        "max": 195.050262451,
        "mean": 16.9664916992,
        "median": 13.6449766159,
        "min": 0.94569259882,
        "var": 271.716186523
    },
    "pitch_salience": {
        "dmean": 0.0515874028206,
        "dmean2": 0.0825302526355,
        "dvar": 0.00251139327884,
        "dvar2": 0.00576701294631,
        "max": 0.824503839016,
        "mean": 0.477019131184,
        "median": 0.480571627617,
        "min": 0.129512503743,
        "var": 0.0136198867112
    },
    "silence_rate_20dB": {
        "dmean": 0,
        "dmean2": 0,
        "dvar": 0,
        "dvar2": 0,
        "max": 1,
        "mean": 1,
        "median": 1,
        "min": 1,
        "var": 0
    },
    "silence_rate_30dB": {
        "dmean": 0.00464755995199,
        "dmean2": 0.00929872132838,
        "dvar": 0.00462596397847,
        "dvar2": 0.0099871493876,
        "max": 1,
        "mean": 0.984901249409,
        "median": 1,
        "min": 0,
        "var": 0.014870909974
    },
    "silence_rate_60dB": {
        "dmean": 0.0364058874547,
        "dmean2": 0.0728399828076,
        "dvar": 0.0350808352232,
        "dvar2": 0.0760588347912,
        "max": 1,
        "mean": 0.21060782671,
        "median": 0,
        "min": 0,
        "var": 0.166245594621
    },
    "spectral_centroid": {
        "dmean": 177.639068604,
        "dmean2": 263.277862549,
        "dvar": 65516.9882812,
        "dvar2": 115912.929688,
        "max": 4569.11132812,
        "mean": 1036.12451172,
        "median": 957.405761719,
        "min": 177.015518188,
        "var": 338690.5625
    },
    "spectral_complexity": {
        "dmean": 1.66227734089,
        "dmean2": 2.61487793922,
        "dvar": 3.98817491531,
        "dvar2": 8.08958911896,
        "max": 43,
        "mean": 9.71893119812,
        "median": 9,
        "min": 0,
        "var": 35.4757423401
    },
    "spectral_decrease": {
        "dmean": 9.56846601952e-10,
        "dmean2": 1.34090705206e-09,
        "dvar": 3.09674025425e-18,
        "dvar2": 6.10057282286e-18,
        "max": -8.96217355293e-15,
        "mean": -4.42381242749e-09,
        "median": -2.44846165565e-09,
        "min": -5.37906466036e-08,
        "var": 3.27436533803e-17
    },
    "spectral_energy": {
        "dmean": 0.00387648073956,
        "dmean2": 0.00541284168139,
        "dvar": 5.14658422617e-05,
        "dvar2": 0.000101493249531,
        "max": 0.221647441387,
        "mean": 0.017830312252,
        "median": 0.00976901873946,
        "min": 3.45172104232e-08,
        "var": 0.000550456345081
    },
    "spectral_energyband_high": {
        "dmean": 0.000123393459944,
        "dmean2": 0.00017114446382,
        "dvar": 2.14910073737e-07,
        "dvar2": 4.10549205299e-07,
        "max": 0.0148494867608,
        "mean": 0.000282044085907,
        "median": 0.000105360777525,
        "min": 2.5903118539e-10,
        "var": 4.60493765786e-07
    },
    "spectral_energyband_low": {
        "dmean": 0.00077681086259,
        "dmean2": 0.00118062400725,
        "dvar": 5.35894423592e-06,
        "dvar2": 1.19265614558e-05,
        "max": 0.0515628755093,
        "mean": 0.00436301715672,
        "median": 0.00183586683124,
        "min": 2.92675679248e-08,
        "var": 3.73857801605e-05
    },
    "spectral_energyband_middle_high": {
        "dmean": 0.00199247221462,
        "dmean2": 0.00277036800981,
        "dvar": 4.42535965703e-05,
        "dvar2": 8.52089651744e-05,
        "max": 0.218979850411,
        "mean": 0.00590743776411,
        "median": 0.000610292947385,
        "min": 2.04580752339e-09,
        "var": 0.000353368988726
    },
    "spectral_energyband_middle_low": {
        "dmean": 0.00262910989113,
        "dmean2": 0.00371576263569,
        "dvar": 2.05256346817e-05,
        "dvar2": 4.04644961236e-05,
        "max": 0.0979202017188,
        "mean": 0.00866641663015,
        "median": 0.00426007201895,
        "min": 2.9923952205e-09,
        "var": 0.000126941900817
    },
    "spectral_entropy": {
        "dmean": 0.167459711432,
        "dmean2": 0.245697677135,
        "dvar": 0.0340989045799,
        "dvar2": 0.073542535305,
        "max": 8.38405704498,
        "mean": 7.12695837021,
        "median": 7.10701656342,
        "min": 5.51561069489,
        "var": 0.183808878064
    },
    "spectral_flux": {
        "dmean": 0.0169523041695,
        "dmean2": 0.0276488792151,
        "dvar": 0.000606204965152,
        "dvar2": 0.00154909293633,
        "max": 0.436735808849,
        "mean": 0.0471103079617,
        "median": 0.0341889820993,
        "min": 0.000185788085219,
        "var": 0.00195377878845
    },
    "spectral_kurtosis": {
        "dmean": 1.71426510811,
        "dmean2": 2.94043326378,
        "dvar": 3.36306715012,
        "dvar2": 9.5137796402,
        "max": 32.8789787292,
        "mean": 3.77891945839,
        "median": 3.14734220505,
        "min": -1.15059447289,
        "var": 9.42995166779
    },
    "spectral_rms": {
        "dmean": 0.000399134674808,
        "dmean2": 0.000544140813872,
        "dvar": 2.85317980797e-07,
        "dvar2": 4.89036267481e-07,
        "max": 0.0147051485255,
        "mean": 0.0035632813815,
        "median": 0.003087191144,
        "min": 5.80304458708e-06,
        "var": 4.69851238449e-06
    },
    "spectral_rolloff": {
        "dmean": 269.398773193,
        "dmean2": 441.144897461,
        "dvar": 451517.71875,
        "dvar2": 885335.875,
        "max": 8484.08203125,
        "mean": 1004.89953613,
        "median": 732.12890625,
        "min": 64.599609375,
        "var": 1279943.75
    },
    "spectral_skewness": {
        "dmean": 0.218742907047,
        "dmean2": 0.353469491005,
        "dvar": 0.042430754751,
        "dvar2": 0.100896909833,
        "max": 4.4184794426,
        "mean": 1.50593924522,
        "median": 1.4678965807,
        "min": -0.17561930418,
        "var": 0.264377593994
    },
    "spectral_spread": {
        "dmean": 439095.96875,
        "dmean2": 668080.375,
        "dvar": 351336923136,
        "dvar2": 667033796608,
        "max": 18849088,
        "mean": 4279444.5,
        "median": 4007457.75,
        "min": 1615663.625,
        "var": 1.5385142231e+12
    },
    "spectral_strongpeak": {
        "dmean": 0.395489603281,
        "dmean2": 0.617504298687,
        "dvar": 0.694448590279,
        "dvar2": 1.43309164047,
        "max": 17.3457641602,
        "mean": 1.12556874752,
        "median": 0.384862333536,
        "min": 0.000149641782627,
        "var": 4.14380407333
    },
    "zerocrossingrate": {
        "dmean": 0.00715761305764,
        "dmean2": 0.00829056557268,
        "dvar": 0.000102319936559,
        "dvar2": 9.57833690336e-05,
        "max": 0.2548828125,
        "mean": 0.0447704568505,
        "median": 0.04052734375,
        "min": 0.0029296875,
        "var": 0.000846310111228
    },
    "barkbands": {
        "dmean": [1.53192086145e-05, 0.000461165211163, 0.000268450676231, 0.000390834815335, 0.00106678029988, 0.000670315232128, 0.000251353572821, 0.000263028457994, 0.000540761859156, 0.00136054831091, 0.000650675327051, 0.000308625836624, 9.89189502434e-05, 0.000265297217993, 0.000196115157451, 8.70676740305e-05, 4.81874703837e-05, 7.93655999587e-05, 7.2250746598e-05, 4.60717783426e-05, 2.72595971182e-05, 2.96360431093e-05, 3.04043624055e-05, 4.03603771701e-05, 1.03597367342e-05, 9.51948830874e-09, 5.99702842941e-10],
        "dmean2": [2.5155250114e-05, 0.000701404467691, 0.000425860664109, 0.000581293075811, 0.00156692939345, 0.000939429155551, 0.000376734911697, 0.000381279183784, 0.000776740198489, 0.00189940223936, 0.000888392620254, 0.00047346111387, 0.000143379278597, 0.000399510056013, 0.00029954398633, 0.000134913454531, 6.99073352735e-05, 0.000116859060654, 0.00010849503451, 6.90531524015e-05, 4.07107254432e-05, 4.29298888776e-05, 4.27550476161e-05, 6.00457206019e-05, 1.61172047228e-05, 1.53151837878e-08, 1.09678643945e-09],
        "dvar": [6.12844175407e-09, 3.07042091663e-06, 6.8503646844e-07, 5.83409814681e-07, 3.92408355765e-06, 3.94819016947e-06, 6.02393242843e-07, 6.48135198844e-07, 2.83908934762e-06, 3.39100406563e-05, 2.44877610385e-05, 2.29254601436e-06, 1.71380278857e-07, 1.43504121297e-06, 8.45848035169e-07, 1.14357462166e-07, 8.24947790079e-08, 1.71624037648e-07, 4.54609683231e-08, 1.94723135394e-08, 9.74024416678e-09, 1.13613847219e-08, 9.37997857164e-09, 5.8436782524e-08, 6.52608411755e-10, 6.4977326752e-16, 1.61727871825e-18],
        "dvar2": [1.1856266191e-08, 6.91139712217e-06, 1.8059129161e-06, 1.14297779419e-06, 8.08727054391e-06, 7.46541309127e-06, 1.34376853111e-06, 1.07501364255e-06, 5.76438151256e-06, 5.86332680541e-05, 4.20830474468e-05, 4.69487531518e-06, 3.38047527748e-07, 3.39897042068e-06, 1.77545211955e-06, 2.47941386533e-07, 1.50817712097e-07, 3.49161894064e-07, 9.49589775701e-08, 4.21455652599e-08, 2.21963212255e-08, 2.16977511514e-08, 1.69967311336e-08, 1.32436056788e-07, 1.5074940185e-09, 1.60575402767e-15, 4.66683721074e-18],
        "max": [0.00331413792446, 0.0446535497904, 0.0237191524357, 0.015343984589, 0.0312056448311, 0.0426438339055, 0.021214665845, 0.0221883505583, 0.033600974828, 0.15919496119, 0.202179282904, 0.035951256752, 0.0136691695079, 0.0365089662373, 0.0314569324255, 0.00722648622468, 0.0124258985743, 0.015283386223, 0.00430627772585, 0.00426354538649, 0.00280649331398, 0.00243530701846, 0.00271023251116, 0.00963968690485, 0.000619433645625, 4.42667698053e-07, 1.94992324509e-08],
        "mean": [1.85290755326e-05, 0.00296093802899, 0.000898430240341, 0.000964425038546, 0.00254485220648, 0.00153593823779, 0.000453942891909, 0.000541479035746, 0.000974733149633, 0.00311283976771, 0.00149223895278, 0.000524474366102, 0.000165465200553, 0.000434428220615, 0.000357885408448, 0.000139980737003, 9.09126465558e-05, 0.000140474308864, 0.000141166165122, 8.5300358478e-05, 5.16897525813e-05, 5.23838643858e-05, 6.09699091001e-05, 6.91283421475e-05, 1.77100337169e-05, 1.35926763178e-08, 5.34896960058e-10],
        "median": [4.67734207632e-06, 0.00103728077374, 0.000289486953989, 0.000258763524471, 0.000951745023485, 0.000236034902628, 0.000154489694978, 0.000155339046614, 0.000151399464812, 7.68925747252e-05, 2.35185907513e-05, 2.10681027966e-05, 1.63977420016e-05, 1.74448832695e-05, 7.0608643e-05, 4.08832456742e-05, 2.2820844606e-05, 2.22023863898e-05, 3.13088457915e-05, 2.58445052168e-05, 1.62409614859e-05, 1.34235915539e-05, 1.4503060811e-05, 1.63457170856e-05, 3.22401979247e-06, 2.21546980761e-09, 1.41726630432e-10],
        "min": [4.42057990213e-09, 2.22673239847e-08, 8.49230297195e-10, 4.49314807582e-10, 1.69893166202e-09, 4.86830908919e-10, 2.27863162366e-11, 1.32538313657e-10, 1.64332214503e-10, 6.56366405671e-10, 4.32636808323e-11, 7.17548728768e-11, 1.90223448104e-10, 7.1085075326e-11, 3.07042224978e-10, 6.06963479477e-10, 3.77788737793e-11, 5.71675658201e-11, 2.43555627055e-11, 2.25452989611e-11, 6.94020327319e-11, 5.85279116838e-11, 3.08176643926e-11, 5.13416982539e-11, 1.87296879395e-11, 6.74171482529e-12, 9.30774814861e-12],
        "var": [1.18426575213e-08, 2.30566347454e-05, 3.52683059646e-06, 2.94505252896e-06, 1.504885131e-05, 1.56880705617e-05, 1.03554918951e-06, 2.06210097531e-06, 7.42494330552e-06, 0.000177650261321, 0.000128362531541, 5.5911191339e-06, 4.29475363717e-07, 3.64661718777e-06, 2.14917690755e-06, 1.81045962222e-07, 2.31005117257e-07, 3.96486910859e-07, 1.15984320814e-07, 3.78451936456e-08, 1.72207599292e-08, 2.2361758667e-08, 2.59381156553e-08, 7.90700767084e-08, 1.32615218806e-09, 1.04279464922e-15, 1.57328170525e-18]
    },
    "erbbands": {
        "dmean": [0.0126687251031, 0.109631620347, 0.263305962086, 0.882169723511, 1.82847177982, 4.34894514084, 5.57926702499, 4.46193504333, 3.44034719467, 4.74228191376, 4.96723842621, 9.67244052887, 39.2299690247, 31.1309223175, 17.7838134766, 13.2484912872, 4.78920316696, 12.053404808, 9.24296092987, 8.35760211945, 3.77020835876, 2.45821166039, 4.07931375504, 3.39659810066, 3.70673775673, 1.86955952644, 1.03628444672, 1.23320627213, 1.07326757908, 0.753770291805, 0.93494784832, 0.891968727112, 0.639398038387, 0.216697901487, 0.0159256923944, 0.000693946669344, 3.63510771422e-05, 5.16828413311e-06, 2.76942114397e-06, 4.71842531624e-06],
        "dmean2": [0.0200871936977, 0.166164696217, 0.431128710508, 1.31059730053, 2.6561999321, 6.67001581192, 8.16967487335, 6.30793190002, 5.07594203949, 7.18108463287, 7.29798650742, 12.9700059891, 54.490901947, 40.1496238708, 25.0381355286, 19.7304801941, 6.94754123688, 18.2150382996, 13.7847080231, 12.9756851196, 5.50603294373, 3.36134552956, 5.81340122223, 5.24037361145, 5.32967948914, 2.74056196213, 1.52298462391, 1.8350276947, 1.56012427807, 1.07479178905, 1.37386965752, 1.31200230122, 0.982775449753, 0.335315704346, 0.0246435124427, 0.00106798077468, 5.45443253941e-05, 7.62094896345e-06, 3.7955735479e-06, 6.53307688481e-06],
        "dvar": [0.00366856600158, 0.16032409668, 0.71679764986, 3.20159053802, 13.3842725754, 80.1218490601, 244.45010376, 174.174789429, 146.273712158, 217.339202881, 260.650726318, 871.659484863, 20671.8691406, 31047.8457031, 13263.2041016, 3566.95239258, 289.485412598, 3268.59985352, 1911.89733887, 1122.40576172, 177.129302979, 181.578735352, 736.679199219, 194.962158203, 99.8476104736, 25.3925533295, 8.16137504578, 28.7146873474, 13.4660949707, 7.9463095665, 9.22888660431, 35.035484314, 9.43292713165, 0.325582057238, 0.00197336589918, 3.81634936275e-06, 1.30293988931e-08, 3.38170463854e-10, 3.73333204629e-11, 7.49832695934e-11],
        "dvar2": [0.00859835091978, 0.365520894527, 1.94783771038, 7.07999706268, 25.2188453674, 183.827545166, 530.59387207, 322.220916748, 326.202789307, 391.485992432, 494.462188721, 1439.82006836, 44748.734375, 48612.453125, 22411.8769531, 7370.07226562, 562.130187988, 8383.05566406, 3552.09106445, 2564.48632812, 280.585540771, 304.177856445, 1433.28027344, 453.646942139, 182.759094238, 51.0571289062, 16.438419342, 66.7638931274, 24.9806442261, 15.6449728012, 18.3352355957, 78.3948822021, 21.8889369965, 0.730449855328, 0.00447914144024, 8.48363379191e-06, 2.81550587289e-08, 7.25439097682e-10, 7.79525541339e-11, 1.49064913191e-10],
        "max": [1.47163915634, 10.5943260193, 24.6683731079, 40.8887062073, 107.848968506, 151.256118774, 423.859405518, 285.353240967, 379.22442627, 584.47265625, 523.347839355, 988.80871582, 3705.77075195, 8997.13183594, 5558.84863281, 1414.67138672, 490.797332764, 1811.19677734, 1562.14990234, 979.584777832, 580.781311035, 599.55456543, 1091.14147949, 360.493011475, 245.265899658, 92.9867324829, 64.8791809082, 164.26322937, 83.7358169556, 64.8009567261, 79.2006378174, 245.586715698, 115.682228088, 16.8841457367, 0.998560965061, 0.0488516427577, 0.00392840476707, 0.000695735448971, 0.000195937303943, 0.000262346060481],
        "mean": [0.0633266046643, 0.73688262701, 1.04712200165, 2.49168157578, 4.81117963791, 9.34231948853, 14.4129724503, 10.3067378998, 6.60249471664, 10.0782327652, 11.2435731888, 20.0688419342, 98.2724075317, 72.7514419556, 43.8543891907, 23.9643058777, 9.37569141388, 20.0921592712, 18.4634075165, 16.3488140106, 7.72141027451, 5.15421152115, 7.07897567749, 6.40934467316, 7.8158159256, 3.90621447563, 2.08560109138, 2.19937372208, 1.98288178444, 1.39237940311, 1.82883536816, 1.50788938999, 1.12283456326, 0.397473096848, 0.0255494862795, 0.00116400700063, 7.44740609662e-05, 1.18530424515e-05, 1.14493259389e-05, 2.14350930037e-05],
        "median": [0.0209652557969, 0.256677269936, 0.434109300375, 0.968490421772, 1.64622890949, 3.03529143333, 3.19003105164, 1.63059270382, 2.20344352722, 3.22828507423, 3.44930362701, 3.39010715485, 5.02311372757, 2.14755725861, 1.38290798664, 1.04880595207, 0.860872030258, 0.944272100925, 1.93590402603, 3.89882493019, 2.66218471527, 1.55637872219, 1.2521020174, 1.11925542355, 1.90370500088, 1.19126629829, 0.705230891705, 0.556471288204, 0.546438634396, 0.340047121048, 0.42846930027, 0.320628702641, 0.279804676771, 0.0826610550284, 0.00359524367377, 0.000198839639779, 2.03153704206e-05, 3.81636664315e-06, 5.89714227317e-06, 1.18491379908e-05],
        "min": [1.08166545942e-06, 3.72621957467e-06, 1.96081668946e-06, 1.2576510926e-06, 4.53908296549e-06, 5.24885354025e-06, 5.38629319635e-06, 2.49228492066e-06, 3.35270271989e-07, 8.57506108787e-07, 3.39862867804e-06, 2.57984424934e-06, 9.2701657195e-06, 2.15274540096e-05, 3.66524477613e-06, 2.86719182441e-06, 9.43153099797e-06, 4.69884207632e-06, 3.57431235898e-06, 2.61900349869e-05, 3.66477470379e-05, 4.20975447923e-06, 2.7180080906e-06, 1.65360461324e-06, 1.34199785862e-06, 1.15873285722e-06, 2.25839858103e-06, 2.92606796393e-06, 2.33557739193e-06, 1.11013105197e-06, 8.81082939941e-07, 9.7495785667e-07, 7.87127419244e-07, 2.97992272635e-07, 1.02972926186e-07, 3.12292840476e-08, 1.14078417823e-08, 3.98243305e-09, 1.46122169919e-09, 1.77009004676e-10],
        "var": [0.0145452637225, 1.36514925957, 2.91667318344, 16.9140071869, 69.4396438599, 260.174987793, 1602.73620605, 767.274841309, 241.365280151, 852.106872559, 999.178649902, 3053.52050781, 142644.09375, 201827.96875, 84323.765625, 9893.35644531, 879.575500488, 7157.68505859, 5901.71044922, 3059.59960938, 526.36907959, 476.151031494, 1432.35302734, 319.822265625, 343.573425293, 66.1312789917, 20.7157077789, 43.8196640015, 28.0367889404, 16.3831443787, 22.6820697784, 50.6009559631, 12.5777587891, 0.661046981812, 0.00380540615879, 7.46548403185e-06, 2.45741151872e-08, 6.17996209762e-10, 2.21218168783e-10, 7.94111609803e-10]
    },
    "gfcc": {
        "mean": [-85.3883361816, 131.978118896, -132.647598267, 57.5748291016, -75.0533447266, 17.0613918304, -37.1946868896, 0.573684751987, -5.28362846375, -22.498752594, -0.0932238548994, -23.533323288, 12.2391939163],
        "cov": [[6003.796875, -1086.91723633, -521.302307129, -705.471618652, -711.162353516, 477.204284668, -237.247329712, 254.655456543, -654.252441406, -100.264472961, 131.963485718, -185.004425049, -192.837219238], [-1086.91723633, 900.201599121, 230.423965454, 25.5449390411, 360.529327393, -142.325561523, 228.750793457, -80.3696289062, 221.802383423, -18.5810699463, 61.9160728455, 3.48471498489, 45.0744056702], [-521.302307129, 230.423965454, 1011.78479004, 218.385406494, 150.320541382, 131.313110352, -49.289932251, 255.169387817, 55.159198761, 120.374107361, 115.69278717, 75.7903137207, 66.2054977417], [-705.471618652, 25.5449390411, 218.385406494, 488.333312988, 164.007888794, -89.4091567993, -11.2880458832, -17.1368637085, 194.650970459, 73.1709213257, -36.4215164185, 56.9204711914, 35.1224479675], [-711.162353516, 360.529327393, 150.320541382, 164.007888794, 352.474487305, -41.7667808533, 98.8748703003, -28.9065284729, 139.273971558, 35.3708381653, 27.5604572296, 22.5870552063, 18.1845111847], [477.204284668, -142.325561523, 131.313110352, -89.4091567993, -41.7667808533, 282.387451172, 75.3542404175, 118.143310547, -102.074165344, 35.9376869202, 64.0344314575, 1.70498776436, -2.50093221664], [-237.247329712, 228.750793457, -49.289932251, -11.2880458832, 98.8748703003, 75.3542404175, 322.01361084, -9.13342666626, 65.0214920044, -6.24052238464, 23.7207489014, -1.95862090588, 13.5239868164], [254.655456543, -80.3696289062, 255.169387817, -17.1368637085, -28.9065284729, 118.143310547, -9.13342666626, 233.170028687, -27.8672275543, 40.6061019897, 47.7954597473, 25.3116188049, 31.9033641815], [-654.252441406, 221.802383423, 55.159198761, 194.650970459, 139.273971558, -102.074165344, 65.0214920044, -27.8672275543, 234.779815674, 40.3438796997, -17.7410335541, 28.2169036865, 26.3881988525], [-100.264472961, -18.5810699463, 120.374107361, 73.1709213257, 35.3708381653, 35.9376869202, -6.24052238464, 40.6061019897, 40.3438796997, 119.368522644, 39.2028274536, 22.9690685272, 19.19480896], [131.963485718, 61.9160728455, 115.69278717, -36.4215164185, 27.5604572296, 64.0344314575, 23.7207489014, 47.7954597473, -17.7410335541, 39.2028274536, 149.795822144, 46.6863555908, 6.77851867676], [-185.004425049, 3.48471498489, 75.7903137207, 56.9204711914, 22.5870552063, 1.70498776436, -1.95862090588, 25.3116188049, 28.2169036865, 22.9690685272, 46.6863555908, 102.28263092, 45.3359413147], [-192.837219238, 45.0744056702, 66.2054977417, 35.1224479675, 18.1845111847, -2.50093221664, 13.5239868164, 31.9033641815, 26.3881988525, 19.19480896, 6.77851867676, 45.3359413147, 92.6332321167]],
        "icov": [[0.000355226336978, 1.86096531252e-05, 0.000284434267087, -7.95968371676e-05, 0.000309138209559, -0.000342364044627, 0.000222035509069, -0.00044183479622, 0.000368538865587, 0.000145588972373, -0.00053314154502, 0.000522218819242, 0.000255426886724], [1.86096531252e-05, 0.00612473301589, -0.00270749558695, 0.00375556456856, -0.00390396849252, 0.00338989961892, -0.00299284141511, 0.00267881574109, -0.00391993578523, 0.00251263286918, -0.00247374060564, 0.00260606221855, -0.00255654985085], [0.000284434267087, -0.00270749558695, 0.0033803882543, -0.00254880450666, 0.00123479601461, -0.00224847439677, 0.00214661005884, -0.00331755145453, 0.00210632779635, -0.0011579078855, -0.000259971042397, -0.000435568828834, 0.000858157349285], [-7.95968371676e-05, 0.00375556456856, -0.00254880450666, 0.00649451185018, -0.0031486293301, 0.0021679752972, -0.00139242759906, 0.00256200553849, -0.00483167404309, 0.000110798573587, 0.000741789932363, -0.00055784516735, -0.00106419611257], [0.000309138209559, -0.00390396849252, 0.00123479601461, -0.0031486293301, 0.00737246545032, -0.00209856429137, 0.000901594758034, -0.00101979274768, 0.00133453169838, -0.00143892155029, -3.56051623385e-06, -0.000634895404801, 0.00179913814645], [-0.000342364044627, 0.00338989961892, -0.00224847439677, 0.0021679752972, -0.00209856429137, 0.00970864482224, -0.00473937066272, -0.000561615102924, 0.00134426809382, -0.00125534529798, -0.0014215062838, 0.000831076642498, -0.000443312630523], [0.000222035509069, -0.00299284141511, 0.00214661005884, -0.00139242759906, 0.000901594758034, -0.00473937066272, 0.00658313930035, -0.00111647241283, -0.00053420488257, 0.000449752609711, 5.05129646626e-05, -5.70906959183e-05, 0.000113954964036], [-0.00044183479622, 0.00267881574109, -0.00331755145453, 0.00256200553849, -0.00101979274768, -0.000561615102924, -0.00111647241283, 0.009646599181, -0.00311730243266, 0.000614126445726, -0.000490715436172, 0.000312047020998, -0.0031539502088], [0.000368538865587, -0.00391993578523, 0.00210632779635, -0.00483167404309, 0.00133453169838, 0.00134426809382, -0.00053420488257, -0.00311730243266, 0.0129535086453, -0.00416366290301, 0.00191179453395, -0.00199763569981, 0.00193757866509], [0.000145588972373, 0.00251263286918, -0.0011579078855, 0.000110798573587, -0.00143892155029, -0.00125534529798, 0.000449752609711, 0.000614126445726, -0.00416366290301, 0.0133986547589, -0.00436178222299, 0.00247173244134, -0.00264338892885], [-0.00053314154502, -0.00247374060564, -0.000259971042397, 0.000741789932363, -3.56051623385e-06, -0.0014215062838, 5.05129646626e-05, -0.000490715436172, 0.00191179453395, -0.00436178222299, 0.0129968374968, -0.00795006752014, 0.00342136551626], [0.000522218819242, 0.00260606221855, -0.000435568828834, -0.00055784516735, -0.000634895404801, 0.000831076642498, -5.70906959183e-05, 0.000312047020998, -0.00199763569981, 0.00247173244134, -0.00795006752014, 0.0184948537499, -0.00802320521325], [0.000255426886724, -0.00255654985085, 0.000858157349285, -0.00106419611257, 0.00179913814645, -0.000443312630523, 0.000113954964036, -0.0031539502088, 0.00193757866509, -0.00264338892885, 0.00342136551626, -0.00802320521325, 0.0167376920581]]
    },
    "melbands": {
        "dmean": [0.000122290104628, 0.00013574618788, 0.000163902222994, 0.000209324425668, 0.000196371911443, 0.000105667517346, 5.23140806763e-05, 5.26232433913e-05, 4.13541893067e-05, 7.59163012845e-05, 0.00020142304129, 0.00013359633158, 7.36198344384e-05, 3.85760176869e-05, 2.24900413741e-05, 9.48904107645e-06, 2.65723683697e-05, 1.74684118974e-05, 1.32894610942e-05, 7.79918536864e-06, 4.77240791952e-06, 2.86366503133e-06, 3.13115083372e-06, 3.77399896934e-06, 2.98958957501e-06, 2.84123643723e-06, 2.60010756392e-06, 1.12341172098e-06, 7.58350779506e-07, 5.89450735333e-07, 8.45173076414e-07, 7.12569203642e-07, 4.97909240949e-07, 4.28162309163e-07, 5.45995817447e-07, 6.1199062884e-07, 5.9013768805e-07, 5.01744182202e-07, 3.41791206893e-07, 1.45778003002e-07],
        "dmean2": [0.000184253920452, 0.000214737170609, 0.00024096245761, 0.000319127429975, 0.000290115538519, 0.000149167521158, 7.72369021433e-05, 7.76893284637e-05, 6.01755637035e-05, 0.000104575599835, 0.000280431529973, 0.000172252082848, 0.000105767598143, 5.77575883653e-05, 3.37479796144e-05, 1.38671039167e-05, 4.046340473e-05, 2.63921210717e-05, 2.12133090827e-05, 1.18098078019e-05, 6.99532211001e-06, 4.0867057578e-06, 4.64799904876e-06, 5.59112459086e-06, 4.70046234113e-06, 4.31707485404e-06, 3.76382445211e-06, 1.6456153844e-06, 1.15220825592e-06, 8.75093860486e-07, 1.27688031171e-06, 1.05772096504e-06, 7.12119458512e-07, 6.28700092875e-07, 8.16565545847e-07, 8.86650468601e-07, 8.72698592502e-07, 7.73944918819e-07, 5.37697417258e-07, 2.24120981329e-07],
        "dvar": [2.5012622018e-07, 2.04439260187e-07, 9.78583400979e-08, 1.67503344528e-07, 2.09896285241e-07, 9.29356431811e-08, 2.86033401409e-08, 2.60117083428e-08, 1.9505311144e-08, 5.00370127554e-08, 5.56282202524e-07, 5.49970934571e-07, 3.19228917078e-07, 3.36529062395e-08, 9.20517351233e-09, 1.74831937816e-09, 1.6580848694e-08, 6.46482378741e-09, 4.48067938308e-09, 8.33218494201e-10, 4.69578764761e-10, 3.48555267982e-10, 2.71828587417e-10, 4.43066527911e-10, 1.61891791639e-10, 7.02870955882e-11, 6.51219841941e-11, 1.0239869716e-11, 4.05346459523e-12, 4.47545386167e-12, 1.61601131782e-11, 5.85587264443e-12, 3.6274420967e-12, 2.1571882735e-12, 2.89189375571e-12, 4.82127402238e-12, 2.22392729232e-11, 6.99786626215e-12, 1.07236474475e-12, 1.3221634074e-13],
        "dvar2": [5.65576044664e-07, 5.20130583936e-07, 1.98328521606e-07, 3.73715181468e-07, 4.58838655959e-07, 1.7435878874e-07, 6.41615613972e-08, 4.40282370562e-08, 3.64021950361e-08, 8.82186625972e-08, 1.1959261883e-06, 8.4819470203e-07, 5.42635291367e-07, 6.59777583678e-08, 1.89770315018e-08, 3.26352034286e-09, 4.27441300133e-08, 1.19703384982e-08, 9.9406527454e-09, 1.78564008024e-09, 7.10251080172e-10, 6.18705309208e-10, 4.63542454421e-10, 9.69086810798e-10, 3.85448672979e-10, 1.36484643032e-10, 1.32544641929e-10, 2.05115525259e-11, 8.43162605707e-12, 8.9907066167e-12, 4.02363489749e-11, 1.17192418964e-11, 7.20979873026e-12, 4.16652649882e-12, 6.09025156695e-12, 9.40467582283e-12, 5.09141062643e-11, 1.65380348305e-11, 2.58752134302e-12, 2.9104981771e-13],
        "max": [0.0125247715041, 0.0119589148089, 0.00639502704144, 0.00727531174198, 0.0111075099558, 0.00692522479221, 0.00504124118015, 0.00657207705081, 0.00417771376669, 0.00540625164285, 0.0185335148126, 0.0359124019742, 0.0275069773197, 0.00511013204232, 0.00227040774189, 0.0007580947713, 0.00417837500572, 0.00202291249298, 0.00199246336706, 0.00103057862725, 0.000977579271421, 0.000818019383587, 0.000709509418812, 0.000661520985886, 0.000338982586982, 0.000195771077415, 0.000278636958683, 6.63778482703e-05, 5.16409745615e-05, 4.72939755127e-05, 0.000134702364448, 5.8556212025e-05, 4.30696782132e-05, 2.92601398542e-05, 3.85676248698e-05, 8.13401929918e-05, 0.000193301471882, 9.26483917283e-05, 3.60898957297e-05, 6.45760019324e-06],
        "mean": [0.000745608471334, 0.000739227281883, 0.000490410486236, 0.000494924024679, 0.000503291899804, 0.000242521360633, 9.87489984254e-05, 0.000110898909043, 8.84684050106e-05, 0.000143993733218, 0.000492685183417, 0.000289406161755, 0.000186370656593, 6.45015752525e-05, 3.6803437979e-05, 1.59317296493e-05, 4.20745382144e-05, 3.09449860652e-05, 2.4143317205e-05, 1.44241639646e-05, 8.72597684065e-06, 5.24380311617e-06, 6.45471800453e-06, 5.74945579501e-06, 5.03797537021e-06, 5.56128907192e-06, 4.82582072436e-06, 2.07259336094e-06, 1.42065641739e-06, 9.89814679997e-07, 1.40797669701e-06, 1.23208155856e-06, 8.18733326469e-07, 7.57021211939e-07, 1.02443539163e-06, 1.0916392057e-06, 8.77011984812e-07, 8.19828585463e-07, 6.17981754658e-07, 2.38519788809e-07],
        "median": [0.000259688793449, 0.000300959392916, 0.000190918333828, 0.000185464901733, 0.00012381603301, 3.53102477675e-05, 3.21919142152e-05, 3.39962134603e-05, 2.00963477255e-05, 2.14016145037e-05, 2.34848885157e-05, 7.19028594176e-06, 4.12511917602e-06, 2.93503921966e-06, 2.3217303351e-06, 1.44452985751e-06, 1.56951898589e-06, 2.71498402071e-06, 4.52470976597e-06, 4.31665785072e-06, 2.80614199255e-06, 1.29993850351e-06, 1.55574207383e-06, 7.02081365489e-07, 8.17140062281e-07, 1.18350556022e-06, 1.29141892558e-06, 5.92439334923e-07, 4.61244752614e-07, 2.17202980934e-07, 3.28998368104e-07, 3.22670189234e-07, 1.89075464618e-07, 1.54919860051e-07, 2.32025129776e-07, 2.14581405089e-07, 1.49660380089e-07, 1.84340819942e-07, 1.42219391819e-07, 3.30152261085e-08],
        "min": [6.21774898235e-09, 2.34205610461e-09, 2.92209034747e-10, 4.06987943347e-10, 1.7794163365e-10, 6.23603321759e-11, 4.59014857374e-12, 1.24589687525e-11, 2.54852198373e-11, 2.00344237727e-11, 5.10780862051e-11, 9.62169441343e-11, 8.9127342659e-12, 9.490995663e-12, 1.70149814377e-11, 1.33340274586e-11, 8.82346626319e-12, 3.08642824839e-12, 2.22497992253e-11, 3.98602886809e-11, 3.82433737456e-11, 1.90863297389e-12, 4.28243855308e-12, 1.4662714402e-12, 1.25479325281e-12, 1.19300283628e-12, 5.26968551261e-13, 7.39222864778e-13, 2.02168750491e-12, 6.76701099669e-13, 2.13283362326e-12, 1.32699764805e-12, 1.00829717839e-12, 4.97368422489e-13, 5.6288068824e-13, 3.21253630252e-13, 8.0736535079e-13, 6.24620580952e-13, 3.824874716e-13, 2.07254650724e-13],
        "var": [1.59775163411e-06, 1.15136060685e-06, 5.6761103906e-07, 5.65153015941e-07, 1.40230167744e-06, 3.95577274048e-07, 4.90262763719e-08, 9.99370470822e-08, 7.56820810466e-08, 1.47035237319e-07, 3.69432223124e-06, 3.36545190294e-06, 2.01600551009e-06, 8.23976620268e-08, 2.01800460786e-08, 4.04553501809e-09, 3.64694621169e-08, 1.72756493555e-08, 1.0614327195e-08, 2.16694884259e-09, 1.23724275269e-09, 7.93870191806e-10, 9.23825571597e-10, 6.74652500532e-10, 2.30520602607e-10, 2.15932716152e-10, 1.36682595797e-10, 2.32938772438e-11, 9.54641400652e-12, 9.08078213319e-12, 2.05906975498e-11, 1.11202115224e-11, 6.65722425103e-12, 4.82559608592e-12, 6.69684750362e-12, 1.10351805818e-11, 2.87387544318e-11, 8.44439795866e-12, 1.74409510272e-12, 2.859444181e-13]
    },
    "mfcc": {
        "mean": [-708.320068359, 126.350646973, 14.4089355469, 25.4811000824, 6.86960887909, 0.593369543552, -4.96886587143, 4.56175947189, 3.20436406136, 8.19604110718, -9.48265743256, -7.92476415634, -3.38274717331],
        "cov": [[5939.42041016, -914.989135742, -391.427825928, -979.472717285, -456.498840332, -277.405944824, 266.848754883, 6.1777806282, -491.528717041, 108.424728394, -125.980392456, -269.230255127, -188.362182617], [-914.989135742, 966.315368652, 41.1052742004, 108.301498413, 120.920059204, 48.3283615112, 84.897857666, 50.5698661804, 90.4492645264, 16.1872768402, 65.2918701172, 60.1872444153, 73.1103286743], [-391.427825928, 41.1052742004, 767.215942383, 60.8723182678, 224.321166992, -65.1883773804, 137.454360962, 56.4675712585, 67.3678741455, 42.3800239563, 49.2605514526, 119.932380676, 78.5220947266], [-979.472717285, 108.301498413, 60.8723182678, 551.878479004, 174.91293335, 119.536407471, -173.811233521, -3.58812999725, 141.563781738, -3.85060787201, 54.5010185242, 84.9202194214, 29.2320575714], [-456.498840332, 120.920059204, 224.321166992, 174.91293335, 319.26071167, -8.7230463028, -1.72063434124, -1.80255281925, 37.2743186951, 0.272004067898, 50.2729034424, 68.9629745483, 35.3925743103], [-277.405944824, 48.3283615112, -65.1883773804, 119.536407471, -8.7230463028, 223.598983765, 13.6570549011, 12.6542882919, 41.0724105835, 27.501001358, 31.2629165649, 19.6964473724, 14.84856987], [266.848754883, 84.897857666, 137.454360962, -173.811233521, -1.72063434124, 13.6570549011, 298.02142334, 74.700088501, -21.6842975616, 51.0701255798, 25.8872394562, 3.40866947174, 35.7954711914], [6.1777806282, 50.5698661804, 56.4675712585, -3.58812999725, -1.80255281925, 12.6542882919, 74.700088501, 139.334518433, 34.7882652283, 20.3582229614, 7.53641891479, 19.0781898499, 23.3949012756], [-491.528717041, 90.4492645264, 67.3678741455, 141.563781738, 37.2743186951, 41.0724105835, -21.6842975616, 34.7882652283, 190.536087036, 30.2135429382, 19.3234577179, 25.5759067535, 19.1787834167], [108.424728394, 16.1872768402, 42.3800239563, -3.85060787201, 0.272004067898, 27.501001358, 51.0701255798, 20.3582229614, 30.2135429382, 126.655799866, 36.655506134, -4.98028850555, -0.547021329403], [-125.980392456, 65.2918701172, 49.2605514526, 54.5010185242, 50.2729034424, 31.2629165649, 25.8872394562, 7.53641891479, 19.3234577179, 36.655506134, 113.605995178, 41.2751464844, 9.03270053864], [-269.230255127, 60.1872444153, 119.932380676, 84.9202194214, 68.9629745483, 19.6964473724, 3.40866947174, 19.0781898499, 25.5759067535, -4.98028850555, 41.2751464844, 130.062652588, 45.8407592773], [-188.362182617, 73.1103286743, 78.5220947266, 29.2320575714, 35.3925743103, 14.84856987, 35.7954711914, 23.3949012756, 19.1787834167, -0.547021329403, 9.03270053864, 45.8407592773, 107.774391174]],
