{
"lowlevel": {
    "average_loudness": 0.873036801815,
    "barkbands_crest": {
        "dmean": 1.82278382778,
        "dmean2": 2.85410714149,
        "dvar": 2.50638103485,
        "dvar2": 5.81182098389,
        "max": 20.0162982941,
        "mean": 8.51925182343,
        "median": 7.91682577133,
        "min": 2.89782977104,
        "var": 11.1858272552
    },
    "barkbands_flatness_db": {
        "dmean": 0.0133575098589,
        "dmean2": 0.0218949858099,
        "dvar": 0.000122539830045,
        "dvar2": 0.000309660739731,
        "max": 0.253875792027,
        "mean": 0.156757891178,
        "median": 0.157701745629,
        "min": 0.0735381618142,
        "var": 0.000731589214411
    },
    "barkbands_kurtosis": {
        "dmean": 0.763921141624,
        "dmean2": 1.21610927582,
        "dvar": 1.05819153786,
        "dvar2": 2.61643075943,
        "max": 14.0038642883,
        "mean": 0.316911280155,
        "median": 0.0176198482513,
        "min": -1.8429287672,
        "var": 2.68278169632
    },
    "barkbands_skewness": {
        "dmean": 0.294729173183,
        "dmean2": 0.447477281094,
        "dvar": 0.0822760611773,
        "dvar2": 0.186534136534,
        "max": 3.84157061577,
        "mean": 0.113157652318,
        "median": -0.116184704006,
        "min": -2.03574514389,
        "var": 0.901447415352
    },
    "barkbands_spread": {
        "dmean": 4.11250114441,
        "dmean2": 6.30512332916,
        "dvar": 23.9496994019,
        "dvar2": 49.0977096558,
        "max": 72.4024276733,
        "mean": 25.7205867767,
        "median": 22.5629081726,
        "min": 4.73441982269,
        "var": 184.394805908
    },
    "dissonance": {
        "dmean": 0.00638166256249,
        "dmean2": 0.011080449447,
        "dvar": 4.76952518511e-05,
        "dvar2": 0.000128411658807,
        "max": 0.499999821186,
        "mean": 0.490374207497,
        "median": 0.493092000484,
        "min": 0.435960054398,
        "var": 7.57579473429e-05
    },
    "dynamic_complexity": 1.2249802351,
    "erbbands_crest": {
        "dmean": 2.16553115845,
        "dmean2": 3.59266829491,
        "dvar": 3.69137454033,
        "dvar2": 9.53545856476,
        "max": 21.8871765137,
        "mean": 9.19216346741,
        "median": 8.58094501495,
        "min": 3.62633085251,
        "var": 9.09233665466
    },
    "erbbands_flatness_db": {
        "dmean": 0.0124624529853,
        "dmean2": 0.019355578348,
        "dvar": 0.000119510012155,
        "dvar2": 0.000263517227722,
        "max": 0.327620923519,
        "mean": 0.233469188213,
        "median": 0.232923954725,
        "min": 0.140814125538,
        "var": 0.00118483323604
    },
    "erbbands_kurtosis": {
        "dmean": 0.84221470356,
        "dmean2": 1.33618187904,
        "dvar": 1.04611265659,
        "dvar2": 2.56623530388,
        "max": 13.2648715973,
        "mean": 1.57745862007,
        "median": 1.13459920883,
        "min": -1.15856087208,
        "var": 3.57885694504
    },
    "erbbands_skewness": {
        "dmean": 0.253964096308,
        "dmean2": 0.394252181053,
        "dvar": 0.0514233708382,
        "dvar2": 0.115613251925,
        "max": 1.58130836487,
        "mean": -0.357786566019,
        "median": -0.314560294151,
        "min": -2.52286601067,
        "var": 0.419530510902
    },
    "erbbands_spread": {
        "dmean": 2.93728971481,
        "dmean2": 4.61039924622,
        "dvar": 9.77039146423,
        "dvar2": 22.7544898987,
        "max": 56.585849762,
        "mean": 17.7643642426,
        "median": 16.4956378937,
        "min": 4.45881128311,
        "var": 40.386932373
    },
    "hfc": {
        "dmean": 6.89621257782,
        "dmean2": 10.6636066437,
        "dvar": 51.1862487793,
        "dvar2": 106.774978638,
        "max": 108.721420288,
        "mean": 40.7331314087,
        "median": 39.4273490906,
        "min": 0.000398787902668,
        "var": 254.815811157
    },
    "melbands_crest": {
        "dmean": 2.34827280045,
        "dmean2": 3.71971750259,
        "dvar": 5.77533102036,
        "dvar2": 12.8713302612,
        "max": 34.9579582214,
        "mean": 14.2499799728,
        "median": 10.4775152206,
        "min": 2.83148670197,
        "var": 85.0959091187
    },
    "melbands_flatness_db": {
        "dmean": 0.0139232724905,
        "dmean2": 0.020530289039,
        "dvar": 0.000194392487174,
        "dvar2": 0.000354619376594,
        "max": 0.316949367523,
        "mean": 0.132166147232,
        "median": 0.1183745116,
        "min": 0.0197019912302,
        "var": 0.00316929561086
    },
    "melbands_kurtosis": {
        "dmean": 1.58815836906,
        "dmean2": 2.45074248314,
        "dvar": 8.49571895599,
        "dvar2": 20.7853145599,
        "max": 49.8345298767,
        "mean": 2.37628507614,
        "median": 0.444532871246,
        "min": -1.79708814621,
        "var": 27.6324653625
    },
    "melbands_skewness": {
        "dmean": 0.379828870296,
        "dmean2": 0.566533744335,
        "dvar": 0.169312447309,
        "dvar2": 0.371864885092,
        "max": 6.80939865112,
        "mean": 0.964097499847,
        "median": 0.485191822052,
        "min": -1.72520458698,
        "var": 1.82056713104
    },
    "melbands_spread": {
        "dmean": 7.31626558304,
        "dmean2": 11.177362442,
        "dvar": 57.7153320312,
        "dvar2": 125.211074829,
        "max": 155.581726074,
        "mean": 43.3416862488,
        "median": 39.7396736145,
        "min": 6.65792655945,
        "var": 384.30355835
    },
    "pitch_salience": {
        "dmean": 0.0509380437434,
        "dmean2": 0.0809172093868,
        "dvar": 0.00214847642928,
        "dvar2": 0.00485362950712,
        "max": 0.860277414322,
        "mean": 0.578561425209,
        "median": 0.624003827572,
        "min": 0.159059137106,
        "var": 0.0263130515814
    },
    "silence_rate_20dB": {
        "dmean": 0,
        "dmean2": 0,
        "dvar": 0,
        "dvar2": 0,
        "max": 1,
        "mean": 1,
        "median": 1,
        "min": 1,
        "var": 0
    },
    "silence_rate_30dB": {
        "dmean": 0.00464755995199,
        "dmean2": 0.00929872132838,
        "dvar": 0.0046259444207,
        "dvar2": 0.0130863711238,
        "max": 1,
        "mean": 0.997289955616,
        "median": 1,
        "min": 0,
        "var": 0.00270268134773
    },
    "silence_rate_60dB": {
        "dmean": 0.00154918665066,
        "dmean2": 0.00309957377613,
        "dvar": 0.00154677091632,
        "dvar2": 0.00386479496956,
        "max": 1,
        "mean": 0.00774293439463,
        "median": 0,
        "min": 0,
        "var": 0.0076831090264
    },
    "spectral_centroid": {
        "dmean": 119.999961853,
        "dmean2": 186.869110107,
        "dvar": 12875.3154297,
        "dvar2": 28834.1699219,
        "max": 3848.44067383,
        "mean": 2483.64526367,
        "median": 2459.03662109,
        "min": 1472.43481445,
        "var": 80241.0390625
    },
    "spectral_complexity": {
        "dmean": 4.07126235962,
        "dmean2": 6.36652469635,
        "dvar": 11.2933359146,
        "dvar2": 26.1739521027,
        "max": 60,
        "mean": 36.3999214172,
        "median": 38,
        "min": 0,
        "var": 79.1381454468
    },
    "spectral_decrease": {
        "dmean": 1.36752298374e-09,
        "dmean2": 1.99931382561e-09,
        "dvar": 3.35400190335e-18,
        "dvar2": 6.94606555982e-18,
        "max": -2.85808404938e-13,
        "mean": -7.81330822264e-09,
        "median": -5.13747977493e-09,
        "min": -3.39846266684e-08,
        "var": 3.73205231189e-17
    },
    "spectral_energy": {
        "dmean": 0.00559483189136,
        "dmean2": 0.00819931086153,
        "dvar": 4.89698213642e-05,
        "dvar2": 0.000101309618913,
        "max": 0.131133362651,
        "mean": 0.0331838726997,
        "median": 0.0238366629928,
        "min": 1.11487190679e-06,
        "var": 0.000542236608453
    },
    "spectral_energyband_high": {
        "dmean": 0.000395628856495,
        "dmean2": 0.00058753148187,
        "dvar": 4.573718968e-07,
        "dvar2": 9.5677819445e-07,
        "max": 0.0107678901404,
        "mean": 0.00154256587848,
        "median": 0.00105504039675,
        "min": 3.14196988427e-08,
        "var": 2.18209697778e-06
    },
    "spectral_energyband_low": {
        "dmean": 0.00371720059775,
        "dmean2": 0.00512178055942,
        "dvar": 5.22219852428e-05,
        "dvar2": 0.00010890327394,
        "max": 0.117441423237,
        "mean": 0.013792722486,
        "median": 0.000623443163931,
        "min": 8.67272774485e-07,
        "var": 0.000473390566185
    },
    "spectral_energyband_middle_high": {
        "dmean": 0.00278442515992,
        "dmean2": 0.00445260480046,
        "dvar": 7.21166588846e-06,
        "dvar2": 1.65487599588e-05,
        "max": 0.0429388955235,
        "mean": 0.0153927570209,
        "median": 0.0149233937263,
        "min": 9.11576663043e-08,
        "var": 4.27767590736e-05
    },
    "spectral_energyband_middle_low": {
        "dmean": 0.000746259407606,
        "dmean2": 0.00121465162374,
        "dvar": 9.41071334637e-07,
        "dvar2": 2.48036872108e-06,
        "max": 0.0142722213641,
        "mean": 0.00222956179641,
        "median": 0.00177640479524,
        "min": 2.80065979297e-08,
        "var": 2.88134742732e-06
    },
    "spectral_entropy": {
        "dmean": 0.0659688562155,
        "dmean2": 0.100492350757,
        "dvar": 0.00358446920291,
        "dvar2": 0.0073345513083,
        "max": 8.44146251678,
        "mean": 7.82823991776,
        "median": 7.81481170654,
        "min": 7.34974765778,
        "var": 0.0246628541499
    },
    "spectral_flux": {
        "dmean": 0.0140517419204,
        "dmean2": 0.022314876318,
        "dvar": 0.000187125435332,
        "dvar2": 0.000456972949905,
        "max": 0.224713429809,
        "mean": 0.0893930196762,
        "median": 0.0884739011526,
        "min": 0.00105587497819,
        "var": 0.000718968687579
    },
    "spectral_kurtosis": {
        "dmean": 1.72139561176,
        "dmean2": 3.02790856361,
        "dvar": 2.40680527687,
        "dvar2": 7.36928081512,
        "max": 16.8288345337,
        "mean": 3.47557353973,
        "median": 3.08550167084,
        "min": -0.719633579254,
        "var": 3.92099666595
    },
    "spectral_rms": {
        "dmean": 0.000454066786915,
        "dmean2": 0.000669762201142,
        "dvar": 2.12544932765e-07,
        "dvar2": 4.12434644659e-07,
        "max": 0.0113108344376,
        "mean": 0.00537946820259,
        "median": 0.00482237292454,
        "min": 3.29799913743e-05,
        "var": 3.43582883033e-06
    },
    "spectral_rolloff": {
        "dmean": 341.121032715,
        "dmean2": 545.747924805,
        "dvar": 190761.6875,
        "dvar2": 372418.96875,
        "max": 8376.41601562,
        "mean": 2730.76635742,
        "median": 2605.51757812,
        "min": 64.599609375,
        "var": 1451457.875
    },
    "spectral_skewness": {
        "dmean": 0.193412035704,
        "dmean2": 0.334246367216,
        "dvar": 0.0270095728338,
        "dvar2": 0.0778936371207,
        "max": 2.80432868004,
        "mean": 1.04871869087,
        "median": 1.03751504421,
        "min": 0.0112563474104,
        "var": 0.0611284561455
    },
    "spectral_spread": {
        "dmean": 234619.71875,
        "dmean2": 355417.9375,
        "dvar": 96361340928,
        "dvar2": 144656924672,
        "max": 13474018,
        "mean": 2880079.25,
        "median": 2728347.5,
        "min": 1761826.25,
        "var": 395895570432
    },
    "spectral_strongpeak": {
        "dmean": 0.836109697819,
        "dmean2": 1.41845238209,
        "dvar": 1.33281123638,
        "dvar2": 3.34093356133,
        "max": 10.5524425507,
        "mean": 1.84754300117,
        "median": 1.15216672421,
        "min": 0,
        "var": 3.77059102058
    },
    "zerocrossingrate": {
        "dmean": 0.00689966743812,
        "dmean2": 0.00794398225844,
        "dvar": 5.39490829397e-05,
        "dvar2": 4.92333892907e-05,
        "max": 0.23779296875,
        "mean": 0.0923422425985,
        "median": 0.09326171875,
        "min": 0.01318359375,
        "var": 0.00128526438493
    },
    "barkbands": {
        "dmean": [0.0010377233848, 0.00333604286425, 0.000532416044734, 0.000227272350457, 0.000237010550336, 0.000159482646268, 0.000258676969679, 0.000154037494212, 0.000221443347982, 0.000283075933112, 0.000370436726371, 0.000810988072772, 0.000885615299921, 0.000643585983198, 0.000622209510766, 0.00112107803579, 0.00125076516997, 0.000455812725704, 0.000355224183295, 0.000229870696785, 0.000197272587684, 0.000143118770211, 9.15387354326e-05, 4.34887879237e-05, 6.3620614128e-06, 6.64190524802e-09, 2.33903429958e-09],
        "dmean2": [0.00183723750524, 0.00449732830748, 0.000904376909602, 0.000395804294385, 0.00039872227353, 0.000262847373961, 0.000418680749135, 0.000254562095506, 0.000354411866283, 0.000443628116045, 0.000600289553404, 0.00130243762396, 0.00145438185427, 0.00104811589699, 0.00101396534592, 0.00184693594929, 0.00203293608502, 0.000743187207263, 0.000583074463066, 0.000374174007447, 0.000323414249578, 0.00022867397638, 0.00013967815903, 6.33495365037e-05, 9.31699651119e-06, 1.06059587779e-08, 4.3182035725e-09],
        "dvar": [5.84751933275e-06, 4.24382851634e-05, 1.4987601844e-06, 2.75125671578e-07, 2.32135008105e-07, 6.10770669596e-08, 2.58314173607e-07, 5.56109149841e-08, 1.33152227022e-07, 1.94671642362e-07, 3.71965427348e-07, 1.7082670638e-06, 1.66744609942e-06, 9.43691986777e-07, 6.89818818955e-07, 1.534352009e-06, 2.10234998121e-06, 3.41654299518e-07, 2.15020833139e-07, 1.01191304225e-07, 1.0560536623e-07, 7.09132663701e-08, 4.08295335319e-08, 9.32137211862e-09, 2.01616071061e-10, 1.98154874446e-16, 6.17572979158e-17],
        "dvar2": [1.70293969859e-05, 8.65421025082e-05, 4.20237483922e-06, 7.57001430429e-07, 6.30296256077e-07, 1.61582988767e-07, 6.77844582242e-07, 1.27393377625e-07, 3.07365013441e-07, 4.15273490262e-07, 8.31725628814e-07, 4.09704216509e-06, 4.34088906331e-06, 2.34799858845e-06, 1.62958099281e-06, 3.9462784116e-06, 5.25091945747e-06, 8.44377666454e-07, 5.54570988243e-07, 2.38055875457e-07, 2.63226411334e-07, 1.74195520231e-07, 9.31712662577e-08, 1.74897056837e-08, 3.72760017298e-10, 4.51754593325e-16, 1.70665492169e-16],
        "max": [0.0369034036994, 0.094496563077, 0.0129751069471, 0.0100245308131, 0.00930838938802, 0.00541745405644, 0.0100572817028, 0.00510457204655, 0.00624025240541, 0.00766071630642, 0.0106105394661, 0.0164392627776, 0.015598796308, 0.0127195063978, 0.0140851233155, 0.0157797615975, 0.0226617027074, 0.0101661030203, 0.00971972662956, 0.00701779825613, 0.00554409157485, 0.00466642249376, 0.00342673994601, 0.00217912252992, 0.000300421030261, 3.20275660215e-07, 2.41616419316e-07],
        "mean": [0.00436649704352, 0.00901243463159, 0.000739468436223, 0.000267045514192, 0.000348553614458, 0.000280927604763, 0.000480009737657, 0.000283235742245, 0.000410606735386, 0.000595922174398, 0.000736746587791, 0.00182913092431, 0.00182786630467, 0.00136149942409, 0.00138577551115, 0.00256003183313, 0.00280863558874, 0.00106614839751, 0.000934839714319, 0.000607314577792, 0.000535608734936, 0.000386140134651, 0.000234151739278, 0.000111334149551, 1.39230023706e-05, 1.07512052594e-08, 1.85919202256e-09],
        "median": [2.72302113444e-05, 0.000207416829653, 8.64531830302e-05, 5.42828638572e-05, 0.000179049820872, 0.00015800948313, 0.000227648604778, 0.000138494098792, 0.000225653406233, 0.000304904941004, 0.000373212795239, 0.000608945440035, 0.000987849896774, 0.000770766870119, 0.0010576506611, 0.0020733026322, 0.00233387388289, 0.000884289271198, 0.000784387229942, 0.000502550916281, 0.000419289513957, 0.000203266536118, 9.30243550101e-05, 4.4131604227e-05, 6.30390559309e-06, 5.43426548205e-09, 4.88416251887e-10],
        "min": [8.22053713989e-09, 5.53655922886e-07, 2.12338857608e-08, 5.74852343505e-09, 6.92994195362e-09, 2.48983811346e-09, 6.70757049903e-09, 2.49784504192e-09, 2.03598427007e-09, 2.70979461092e-09, 1.83270074672e-08, 3.39674599559e-09, 1.90380138321e-08, 4.39516423256e-09, 9.89325599221e-09, 9.17634501718e-09, 1.18715801634e-08, 7.08171610242e-09, 4.79889772365e-09, 4.27484891929e-09, 7.24585547118e-09, 1.12302931399e-08, 7.51831485957e-09, 2.25971041878e-09, 2.93712942856e-10, 2.57168136612e-12, 2.97429268714e-12],
        "var": [6.78130600136e-05, 0.000213103267015, 2.23941196964e-06, 3.12518210421e-07, 2.67981249635e-07, 1.75381600798e-07, 6.36742186089e-07, 1.96817140363e-07, 3.21937250192e-07, 8.6167574409e-07, 1.53239500378e-06, 6.51081381875e-06, 4.74489024782e-06, 2.55834379459e-06, 1.67604480339e-06, 3.69809345102e-06, 4.19040770794e-06, 6.66122502935e-07, 4.85866507915e-07, 3.01192756069e-07, 2.3886963163e-07, 2.62113331928e-07, 1.37893991337e-07, 3.54196600938e-08, 5.63318836022e-10, 3.46021138115e-16, 4.75462754351e-17]
    },
    "erbbands": {
        "dmean": [0.169268161058, 0.505929648876, 0.596910476685, 0.762550711632, 0.653182983398, 0.861911892891, 1.0171380043, 1.42973434925, 2.67125201225, 4.39012384415, 3.2428021431, 4.89377737045, 6.99425649643, 10.0801839828, 16.92162323, 32.2886505127, 36.9617958069, 31.9910430908, 28.337677002, 41.0660247803, 64.3832702637, 65.5969238281, 26.4917793274, 19.706281662, 16.174156189, 9.84548282623, 8.68634223938, 6.96364307404, 5.43543767929, 4.02999162674, 2.22422480583, 1.25581586361, 0.530229389668, 0.141716107726, 0.00972932204604, 0.000441729964223, 2.81609554804e-05, 5.75456306251e-06, 3.98469364882e-06, 6.94450955052e-06],
        "dmean2": [0.233404532075, 0.682205200195, 1.00750458241, 1.2913030386, 1.13028347492, 1.45954751968, 1.72089779377, 2.38444519043, 4.34374427795, 7.24081850052, 5.39381408691, 7.86734247208, 11.0301990509, 16.4197273254, 26.6842365265, 52.0379447937, 60.7185440063, 51.5618476868, 45.8721008301, 67.4827270508, 106.109550476, 106.857803345, 43.4401397705, 32.6138877869, 26.7167396545, 15.9662818909, 14.2077217102, 11.2623472214, 8.71551513672, 6.48013114929, 3.29652762413, 1.85424077511, 0.76022785902, 0.20428031683, 0.0144337713718, 0.000647352368105, 3.97670628445e-05, 8.07251944934e-06, 5.65013169762e-06, 1.01538462332e-05],
        "dvar": [0.132358416915, 0.896950125694, 1.76556241512, 2.92699146271, 2.21086645126, 3.1213247776, 2.65881919861, 5.54122972488, 16.0805339813, 95.2088165283, 24.8689956665, 65.6107940674, 153.764678955, 247.948181152, 878.091796875, 2794.91088867, 3068.10498047, 2416.19506836, 1548.48718262, 2533.17919922, 5430.26708984, 5279.30615234, 1158.59912109, 667.522583008, 493.121459961, 190.26651001, 208.872772217, 144.441589355, 105.97631073, 86.1215591431, 23.7747116089, 8.89332199097, 1.22957110405, 0.0958864837885, 0.000402174657211, 8.35549087697e-07, 2.99197866482e-09, 9.61844701108e-11, 1.88451719507e-11, 6.19713169669e-11],
        "dvar2": [0.303119748831, 1.65603768826, 4.89714336395, 7.63356018066, 6.14591646194, 8.54979038239, 7.45006465912, 14.0845737457, 41.519367218, 254.709121704, 60.4355430603, 156.367446899, 334.020233154, 595.120788574, 2022.70300293, 7064.03173828, 7978.31054688, 5985.35498047, 3713.02978516, 6020.68505859, 13508.3486328, 13152.1142578, 2817.31494141, 1778.61645508, 1278.52185059, 429.568908691, 527.950866699, 371.439361572, 260.265075684, 224.987960815, 48.6767311096, 17.7021102905, 1.97355425358, 0.171210899949, 0.000810809666291, 1.61759055572e-06, 4.82288742276e-09, 1.60793378612e-10, 3.53718859758e-11, 1.27603483335e-10],
        "max": [5.47183942795, 14.7157707214, 15.2641382217, 23.524023056, 19.674407959, 36.2007789612, 34.7054862976, 57.8477516174, 55.7856636047, 186.587875366, 88.4343643188, 159.355514526, 215.27180481, 317.03717041, 538.098388672, 718.751831055, 718.785400391, 732.511962891, 707.743469238, 820.810424805, 955.163391113, 862.315246582, 577.756347656, 675.302062988, 432.271179199, 320.928405762, 276.211791992, 232.086959839, 202.027053833, 144.171234131, 102.294273376, 66.863243103, 23.5138778687, 6.33136749268, 0.40615773201, 0.0179453790188, 0.00108727440238, 0.000177164925844, 8.56974947965e-05, 0.000145691170474],
        "mean": [0.481104999781, 1.16965532303, 1.01943933964, 1.11874008179, 0.8307030797, 1.22156906128, 1.67870056629, 2.41751146317, 5.03590726852, 8.39298439026, 6.20400238037, 9.28388786316, 15.6739406586, 23.4603538513, 40.8473243713, 77.9741897583, 85.5715255737, 73.9652023315, 68.3862609863, 103.043373108, 154.586074829, 153.191040039, 66.4415664673, 51.2505607605, 43.5074005127, 27.5641822815, 23.0565662384, 19.1340656281, 14.2147712708, 10.2911100388, 5.99139595032, 3.23232460022, 1.31194937229, 0.330898165703, 0.0213608983904, 0.00107349432074, 9.91068882286e-05, 2.40207173192e-05, 2.49342356256e-05, 4.33952664025e-05],
        "median": [0.00604416476563, 0.048987403512, 0.117682561278, 0.204201057553, 0.279540479183, 0.636805653572, 0.914883494377, 1.30084764957, 2.75344419479, 3.37866020203, 3.85236263275, 5.45339727402, 7.55027198792, 14.3476810455, 18.9364261627, 28.7702503204, 47.4729385376, 43.2734451294, 51.2029457092, 77.0230331421, 128.304321289, 128.957702637, 56.020450592, 44.5068283081, 36.8455734253, 22.6071128845, 18.5203475952, 14.504240036, 7.84766054153, 4.3108997345, 2.35313844681, 1.23779904842, 0.572051644325, 0.151171848178, 0.00988549459726, 0.00052412453806, 6.23975356575e-05, 1.70063012774e-05, 2.24479881581e-05, 3.59390105586e-05],
        "min": [1.32406785269e-05, 5.8597230236e-05, 2.81501597783e-05, 3.79286357202e-05, 9.12202176551e-06, 2.40032786678e-05, 4.3098203605e-05, 1.40005895446e-05, 3.95120296162e-05, 0.000152471911861, 3.82486796298e-05, 4.4886561227e-05, 9.71770714386e-05, 0.00045889095054, 0.000434391287854, 0.000292050448479, 0.000828034011647, 0.000253859441727, 0.000293708348181, 0.000515265157446, 0.000598170387093, 0.000623865926173, 0.00036373428884, 0.000355039053829, 0.000201792834559, 0.000179943832336, 0.000209132151213, 0.000385548017221, 0.000455975794466, 0.000293565506581, 0.000177740730578, 7.48762467992e-05, 2.26830488828e-05, 5.97832558924e-06, 3.862906226e-07, 2.96564532931e-08, 5.93221960443e-09, 1.6777869094e-09, 1.02340991237e-09, 1.34226008086e-09],
        "var": [0.723430156708, 4.02746868134, 2.828104496, 5.10635900497, 2.30489635468, 3.36027479172, 6.61399030685, 14.6638040543, 40.0850334167, 278.625396729, 59.790512085, 144.251663208, 672.92175293, 1032.50256348, 4469.36425781, 11076.3525391, 9590.57519531, 7165.83251953, 3990.83007812, 8207.22460938, 11273.2226562, 11077.2246094, 2371.98022461, 1324.81298828, 1128.42468262, 629.59161377, 454.867553711, 346.973175049, 349.059906006, 248.594848633, 96.489112854, 31.6196365356, 4.9375295639, 0.297908872366, 0.00110752717592, 2.51922551797e-06, 1.2828903273e-08, 4.8321358026e-10, 1.54458570933e-10, 6.48061937447e-10]
    },
    "gfcc": {
        "mean": [-1.111743927, 81.6102905273, -205.162063599, 61.9290542603, -57.7314834595, 23.8382263184, -28.2331047058, -2.0456829071, 1.45180583, -13.726896286, 7.42123508453, -11.2613124847, 7.47313928604],
        "cov": [[1262.78674316, 172.581604004, 377.239685059, 294.698455811, 138.762084961, 179.942520142, 75.4198379517, 94.2906188965, 52.9582824707, 18.6090278625, 29.3215923309, 20.1550331116, 13.2207050323], [172.581604004, 991.429992676, 494.236450195, 316.428039551, 502.059295654, 78.2364578247, 301.771881104, 77.2710800171, 139.498703003, 32.3088264465, 118.311347961, 13.3876399994, 45.554649353], [377.239685059, 494.236450195, 706.388305664, 425.284179688, 284.378936768, 227.64263916, 147.639175415, 169.434783936, 157.091552734, 45.3305206299, 58.5952072144, 38.6422843933, 30.1989555359], [294.698455811, 316.428039551, 425.284179688, 371.61541748, 274.546936035, 165.381286621, 142.747741699, 89.1423568726, 107.767913818, 28.6388454437, 35.4525642395, 21.0888957977, 15.0748071671], [138.762084961, 502.059295654, 284.378936768, 274.546936035, 484.665100098, 186.29498291, 246.132751465, 67.6790008545, 80.9889678955, 52.5589103699, 102.6276474, 16.1464729309, 34.9753189087], [179.942520142, 78.2364578247, 227.64263916, 165.381286621, 186.29498291, 261.817840576, 123.321647644, 70.9144515991, 36.8911247253, 34.7742576599, 55.1986122131, 26.3102302551, 1.58570408821], [75.4198379517, 301.771881104, 147.639175415, 142.747741699, 246.132751465, 123.321647644, 224.673019409, 67.622177124, 60.2970695496, 19.9888324738, 57.5790405273, 19.7758197784, 26.4981422424], [94.2906188965, 77.2710800171, 169.434783936, 89.1423568726, 67.6790008545, 70.9144515991, 67.622177124, 139.200698853, 72.530708313, 19.1783370972, 6.82450389862, 11.8893795013, 30.2262687683], [52.9582824707, 139.498703003, 157.091552734, 107.767913818, 80.9889678955, 36.8911247253, 60.2970695496, 72.530708313, 132.456863403, 48.4995536804, 16.4919185638, 10.1656360626, 15.7925329208], [18.6090278625, 32.3088264465, 45.3305206299, 28.6388454437, 52.5589103699, 34.7742576599, 19.9888324738, 19.1783370972, 48.4995536804, 76.6945419312, 49.7890701294, 5.23077535629, 3.73044633865], [29.3215923309, 118.311347961, 58.5952072144, 35.4525642395, 102.6276474, 55.1986122131, 57.5790405273, 6.82450389862, 16.4919185638, 49.7890701294, 95.6860580444, 31.3357982635, 3.55419421196], [20.1550331116, 13.3876399994, 38.6422843933, 21.0888957977, 16.1464729309, 26.3102302551, 19.7758197784, 11.8893795013, 10.1656360626, 5.23077535629, 31.3357982635, 55.3216819763, 28.1346092224], [13.2207050323, 45.554649353, 30.1989555359, 15.0748071671, 34.9753189087, 1.58570408821, 26.4981422424, 30.2262687683, 15.7925329208, 3.73044633865, 3.55419421196, 28.1346092224, 62.2652854919]],
        "icov": [[0.00107756920625, -0.000552516197786, 0.000618229736574, -0.00159763242118, 0.00095263926778, -0.000910396513063, 0.000608043919783, -0.00064961327007, 0.000613017182332, -0.000197233021026, -0.000345242908224, 0.000335268472554, -0.000468402897241], [-0.000552516197786, 0.0118300393224, -0.0131590245292, 0.0102922627702, -0.00936651509255, 0.0114421946928, -0.0104244733229, 0.00840081553906, -0.00462929718196, 0.00742404768243, -0.00603812374175, 0.00583752151579, -0.000882985652424], [0.000618229736574, -0.0131590245292, 0.0213497281075, -0.0184227656573, 0.0113964965567, -0.014431626536, 0.0140874190256, -0.012678119354, 0.00279388460331, -0.00470317155123, 0.00178762502037, -0.0043637463823, -0.000830115342978], [-0.00159763242118, 0.0102922627702, -0.0184227656573, 0.0243882965297, -0.0137804355472, 0.0101865148172, -0.0103392070159, 0.0101657463238, -0.00582807604223, 0.0040904530324, 0.00350319058634, -0.00115692801774, 0.00434206519276], [0.00095263926778, -0.00936651509255, 0.0113964965567, -0.0137804355472, 0.0166029315442, -0.0107418401167, 0.0033926460892, -0.00485547166318, 0.00338649516925, -0.00385026424192, -0.00359697919339, 0.00411786790937, -0.00596343586221], [-0.000910396513063, 0.0114421946928, -0.014431626536, 0.0101865148172, -0.0107418401167, 0.019554939121, -0.0128812817857, 0.00559714995325, 0.00018314216868, 0.00164528412279, -0.00213625468314, -0.000439151510363, 0.00483109196648], [0.000608043919783, -0.0104244733229, 0.0140874190256, -0.0103392070159, 0.0033926460892, -0.0128812817857, 0.0226952470839, -0.0105519164354, -0.000446871534223, 0.00086773338262, -0.000418376701418, -0.00339539186098, -0.00132584176026], [-0.00064961327007, 0.00840081553906, -0.012678119354, 0.0101657463238, -0.00485547166318, 0.00559714995325, -0.0105519164354, 0.021309459582, -0.00883132126182, 0.00600630324334, -0.00318888318725, 0.00751336524263, -0.00692248577252], [0.000613017182332, -0.00462929718196, 0.00279388460331, -0.00582807604223, 0.00338649516925, 0.00018314216868, -0.000446871534223, -0.00883132126182, 0.0222527571023, -0.0194939803332, 0.0124555164948, -0.00974502880126, 0.00509928353131], [-0.000197233021026, 0.00742404768243, -0.00470317155123, 0.0040904530324, -0.00385026424192, 0.00164528412279, 0.00086773338262, 0.00600630324334, -0.0194939803332, 0.0429753102362, -0.0311239529401, 0.0213678944856, -0.0107720531523], [-0.000345242908224, -0.00603812374175, 0.00178762502037, 0.00350319058634, -0.00359697919339, -0.00213625468314, -0.000418376701418, -0.00318888318725, 0.0124555164948, -0.0311239529401, 0.0449412241578, -0.0315242186189, 0.0169612262398], [0.000335268472554, 0.00583752151579, -0.0043637463823, -0.00115692801774, 0.00411786790937, -0.000439151510363, -0.00339539186098, 0.00751336524263, -0.00974502880126, 0.0213678944856, -0.0315242186189, 0.049366068095, -0.0257649105042], [-0.000468402897241, -0.000882985652424, -0.000830115342978, 0.00434206519276, -0.00596343586221, 0.00483109196648, -0.00132584176026, -0.00692248577252, 0.00509928353131, -0.0107720531523, 0.0169612262398, -0.0257649105042, 0.033334325999]]
    },
    "melbands": {
        "dmean": [0.00114143663086, 0.000382597965654, 0.000117364434118, 5.59291001991e-05, 3.39900107065e-05, 3.21821389662e-05, 4.41884076281e-05, 4.41331721959e-05, 2.77276940324e-05, 3.19877763104e-05, 3.61981110473e-05, 4.14235473727e-05, 5.27636220795e-05, 8.68524221005e-05, 8.60481450218e-05, 8.67625058163e-05, 6.35302203591e-05, 4.97468572576e-05, 5.01030590385e-05, 6.86560015311e-05, 8.39013155201e-05, 8.35943064885e-05, 3.63653853128e-05, 1.98623474716e-05, 1.78839709406e-05, 1.43521538121e-05, 1.18070393e-05, 6.481287528e-06, 5.76539787289e-06, 5.93202366872e-06, 4.23529127147e-06, 3.58677357326e-06, 2.88721003017e-06, 2.51250344263e-06, 1.52786981289e-06, 1.03291779396e-06, 7.46241084926e-07, 4.52341367918e-07, 2.38878357095e-07, 9.49607468215e-08],
        "dmean2": [0.00155248981901, 0.000570358417463, 0.00019694508228, 9.49726963881e-05, 5.759337364e-05, 5.35520375706e-05, 7.15500355e-05, 7.2539136454e-05, 4.58692920802e-05, 5.122444054e-05, 5.71155796933e-05, 6.78204451106e-05, 8.4712417447e-05, 0.000137423150591, 0.000141172567965, 0.000143936107634, 0.00010305007163, 8.12008875073e-05, 8.12778962427e-05, 0.000114093971206, 0.000139143885463, 0.000137067545438, 6.0292211856e-05, 3.27257803292e-05, 2.97967308143e-05, 2.38760130742e-05, 1.97135905182e-05, 1.05617118606e-05, 9.44762905419e-06, 9.81578432402e-06, 6.85644226905e-06, 5.84111012358e-06, 4.68608050141e-06, 4.08386449635e-06, 2.34110279962e-06, 1.56553971919e-06, 1.12859959245e-06, 6.61575086269e-07, 3.63472224763e-07, 1.42047596796e-07],
        "dvar": [5.43074338566e-06, 5.46896842479e-07, 6.70466775432e-08, 1.54132351327e-08, 3.05693181879e-09, 2.60957655485e-09, 5.10430808731e-09, 8.16674283755e-09, 1.99491068109e-09, 2.72371836196e-09, 4.07277989112e-09, 4.24547597078e-09, 7.65225660615e-09, 2.15340989485e-08, 2.0923884847e-08, 1.52453338842e-08, 1.02784927236e-08, 5.22660270619e-09, 4.94266183537e-09, 6.03930905285e-09, 9.66293445259e-09, 9.11090847211e-09, 2.21168727776e-09, 8.43370540071e-10, 5.67721869515e-10, 3.323929465e-10, 2.67907501739e-10, 7.9928078045e-11, 8.99364541174e-11, 7.8257907099e-11, 5.2912549342e-11, 4.26102209072e-11, 3.52851567409e-11, 3.55567103538e-11, 1.068212966e-11, 6.77811062486e-12, 3.07671444745e-12, 9.23585968989e-13, 2.4332464754e-13, 4.20843203764e-14],
        "dvar2": [1.16962955872e-05, 1.2575906112e-06, 1.75019138737e-07, 4.25255208825e-08, 8.56602611066e-09, 6.80517686646e-09, 1.32480559856e-08, 2.16266773378e-08, 4.87291407225e-09, 6.21716989002e-09, 8.78763017909e-09, 1.00843049466e-08, 1.80830443952e-08, 5.1740407514e-08, 5.72081049199e-08, 3.9708581312e-08, 2.56072851812e-08, 1.26855548288e-08, 1.18729053256e-08, 1.50627403883e-08, 2.3080357181e-08, 2.2750667128e-08, 5.349793053e-09, 2.17318696372e-09, 1.53730983499e-09, 8.73627115094e-10, 6.89631185491e-10, 1.80032461161e-10, 2.33225078139e-10, 1.99374322607e-10, 1.39835587554e-10, 1.06267591948e-10, 9.02230234967e-11, 9.69909846882e-11, 2.38100615613e-11, 1.33058321306e-11, 6.73861617548e-12, 1.56354464965e-12, 4.53876817857e-13, 8.59002200425e-14],
        "max": [0.036399114877, 0.0100341727957, 0.00353421038017, 0.00244869128801, 0.00111219927203, 0.00121922336984, 0.00116942403838, 0.00165218266193, 0.000782922434155, 0.000888950715307, 0.00110199151095, 0.00129937764723, 0.00169857859146, 0.00183604133781, 0.00238020136021, 0.00160378345754, 0.00140673818532, 0.00117033533752, 0.00127528049052, 0.00104288617149, 0.00132379145361, 0.00127952219918, 0.000835446757264, 0.000632323150057, 0.000618547783233, 0.000326741632307, 0.00031999417115, 0.000239875473198, 0.000175031818799, 0.000160916053574, 0.000138985691592, 0.000145492362208, 9.18349178392e-05, 9.24228006625e-05, 6.5881460614e-05, 6.22383959126e-05, 4.34094072261e-05, 2.0598872652e-05, 9.17497072805e-06, 4.5709848564e-06],
        "mean": [0.00360355572775, 0.000883159809746, 0.000178305301233, 7.52432461013e-05, 5.73758115934e-05, 5.54121288587e-05, 8.4967847215e-05, 8.60925865709e-05, 5.0179707614e-05, 5.99369232077e-05, 7.85970987636e-05, 9.13664916879e-05, 0.000116666938993, 0.000187573867152, 0.00020577016403, 0.00017796937027, 0.000131673179567, 0.000106557490653, 0.000113640249765, 0.000158658702276, 0.000185584678547, 0.000178901667823, 8.14342492959e-05, 4.41634292656e-05, 4.12675362895e-05, 3.41286504408e-05, 2.68777785095e-05, 1.60030776897e-05, 1.37614661071e-05, 1.37188044391e-05, 1.03324564407e-05, 8.44264832267e-06, 6.55806707073e-06, 5.46505725652e-06, 3.66644940186e-06, 2.54191286331e-06, 1.71806209437e-06, 1.00593604202e-06, 5.23274081843e-07, 1.92658788478e-07],
        "median": [5.91470015934e-05, 7.53456406528e-05, 3.69145527657e-05, 3.40629158018e-05, 3.3151871321e-05, 3.03430133499e-05, 4.54756227555e-05, 3.63173021469e-05, 3.11530166073e-05, 3.25347973558e-05, 3.69003537344e-05, 5.31459736521e-05, 5.79587649554e-05, 6.24368040008e-05, 7.71361083025e-05, 0.000106146311737, 7.18888113624e-05, 7.24371348042e-05, 8.06445968919e-05, 0.00011844135588, 0.000151250627823, 0.000148330480442, 6.54032482998e-05, 3.57937606168e-05, 3.4609951399e-05, 2.80951735476e-05, 2.21542431973e-05, 1.26361837829e-05, 1.07395371742e-05, 1.05864737634e-05, 7.4849331213e-06, 4.83696612719e-06, 2.8064905564e-06, 2.14456736103e-06, 1.40870645282e-06, 9.49193747601e-07, 6.43762689378e-07, 4.19719924594e-07, 2.39330944396e-07, 8.49635597433e-08],
        "min": [1.80540212114e-07, 3.16513286691e-08, 5.53051116015e-09, 9.61854262904e-10, 1.52081680582e-09, 3.19017756656e-10, 8.5113371906e-10, 1.45742173885e-09, 2.71515726569e-10, 2.91848323286e-10, 4.20702556125e-10, 1.6630314903e-09, 1.86882398445e-09, 4.95894270092e-10, 2.05454697699e-09, 1.10753373139e-09, 4.35852770542e-10, 3.00338837134e-10, 9.89849646693e-10, 6.30045127181e-10, 7.0926831075e-10, 6.54793330668e-10, 4.73881933694e-10, 2.78886247429e-10, 2.98223140627e-10, 1.49202289412e-10, 1.27023919161e-10, 1.27725247046e-10, 9.8558286532e-11, 2.02287978035e-10, 2.3622484524e-10, 2.71900030269e-10, 1.82014528449e-10, 1.6887223564e-10, 1.14150841557e-10, 6.8038456813e-11, 3.65832052152e-11, 1.90903907266e-11, 6.50194611693e-12, 4.43491554245e-12],
        "var": [3.61696365871e-05, 1.99042915483e-06, 1.17191589766e-07, 1.57535122725e-08, 6.6444205693e-09, 7.30694438289e-09, 1.30683579513e-08, 2.60592187828e-08, 4.22187884652e-09, 6.78487355188e-09, 1.80448225251e-08, 1.74682739384e-08, 3.73638933127e-08, 7.54221787247e-08, 8.44922425358e-08, 3.959029371e-08, 2.71648765704e-08, 1.24681616143e-08, 1.18643264102e-08, 1.87223907488e-08, 1.99447587335e-08, 1.76446359745e-08, 4.68209115922e-09, 1.3090508677e-09, 1.01437758193e-09, 7.24247883888e-10, 5.63862789793e-10, 2.59453708518e-10, 1.86643742128e-10, 1.62963864625e-10, 1.19951645838e-10, 1.23167934185e-10, 1.05134290163e-10, 7.77628725301e-11, 3.73635844486e-11, 2.16387463503e-11, 9.2353277803e-12, 3.18376726892e-12, 7.78768000607e-13, 1.01816972008e-13]
    },
    "mfcc": {
        "mean": [-599.116271973, 74.8191223145, -59.0367851257, 22.0051670074, 2.33710622787, 15.6249895096, -4.75378656387, 10.2250452042, 1.20222961903, 2.32707953453, -1.57926249504, 9.62442684174, 3.76729750633],
        "cov": [[1121.82922363, -47.4058494568, 196.277786255, 105.394073486, 91.5276412964, 96.7561721802, 56.6142959595, 77.5550689697, 29.5020751953, 33.7506408691, 15.495223999, 10.1839551926, 10.907664299], [-47.4058494568, 835.861083984, 127.584442139, 348.747253418, 224.53855896, 161.891616821, 218.038635254, 122.236442566, 108.309028625, 69.7332229614, 94.8979644775, 98.8258514404, 64.8778457642], [196.277786255, 127.584442139, 560.758178711, 205.981307983, 205.796401978, 101.941902161, 40.8969039917, 152.341964722, 104.309356689, 93.1594085693, 59.5520629883, 55.2327766418, 33.7269134521], [105.394073486, 348.747253418, 205.981307983, 351.240692139, 202.252258301, 135.939575195, 112.025039673, 114.198959351, 111.677566528, 72.025100708, 57.5295066833, 58.9063339233, 36.0028762817], [91.5276412964, 224.53855896, 205.796401978, 202.252258301, 269.735778809, 168.682830811, 145.146148682, 105.491989136, 84.9554214478, 71.0429229736, 73.6173629761, 72.7394256592, 42.174030304], [96.7561721802, 161.891616821, 101.941902161, 135.939575195, 168.682830811, 245.981719971, 162.820083618, 96.7191085815, 38.7838058472, 57.7919845581, 68.5902862549, 51.3255767822, 45.3674240112], [56.6142959595, 218.038635254, 40.8969039917, 112.025039673, 145.146148682, 162.820083618, 241.622558594, 108.024742126, 48.3390541077, 35.8412971497, 56.6532859802, 57.8598632812, 44.7178077698], [77.5550689697, 122.236442566, 152.341964722, 114.198959351, 105.491989136, 96.7191085815, 108.024742126, 157.008621216, 87.8753051758, 47.4638900757, 33.5988998413, 31.4521179199, 30.4408798218], [29.5020751953, 108.309028625, 104.309356689, 111.677566528, 84.9554214478, 38.7838058472, 48.3390541077, 87.8753051758, 140.331619263, 62.0840263367, 23.0203533173, 26.1211338043, 18.518951416], [33.7506408691, 69.7332229614, 93.1594085693, 72.025100708, 71.0429229736, 57.7919845581, 35.8412971497, 47.4638900757, 62.0840263367, 95.5611114502, 52.7919235229, 25.0792236328, 11.3650102615], [15.495223999, 94.8979644775, 59.5520629883, 57.5295066833, 73.6173629761, 68.5902862549, 56.6532859802, 33.5988998413, 23.0203533173, 52.7919235229, 86.1036834717, 49.6627388, 21.0113391876], [10.1839551926, 98.8258514404, 55.2327766418, 58.9063339233, 72.7394256592, 51.3255767822, 57.8598632812, 31.4521179199, 26.1211338043, 25.0792236328, 49.6627388, 83.8597488403, 44.4058761597], [10.907664299, 64.8778457642, 33.7269134521, 36.0028762817, 42.174030304, 45.3674240112, 44.7178077698, 30.4408798218, 18.518951416, 11.3650102615, 21.0113391876, 44.4058761597, 69.9205703735]],
