{
"lowlevel": {
    "average_loudness": 0.986637890339,
    "barkbands_crest": {
        "dmean": 1.98850476742,
        "dmean2": 3.26863503456,
        "dvar": 4.39180183411,
        "dvar2": 11.4603528976,
        "max": 20.9273605347,
        "mean": 6.44070291519,
        "median": 5.78448915482,
        "min": 2.68718528748,
        "var": 7.3217124939
    },
    "barkbands_flatness_db": {
        "dmean": 0.0124939410016,
        "dmean2": 0.0208527855575,
        "dvar": 0.000131515684188,
        "dvar2": 0.000363598723197,
        "max": 0.198401272297,
        "mean": 0.127005368471,
        "median": 0.125511243939,
        "min": 0.0692472159863,
        "var": 0.000305260706227
    },
    "barkbands_kurtosis": {
        "dmean": 0.388509660959,
        "dmean2": 0.665460944176,
        "dvar": 0.270448803902,
        "dvar2": 0.720953345299,
        "max": 5.28054523468,
        "mean": -1.15611708164,
        "median": -1.32004356384,
        "min": -1.82266926765,
        "var": 0.288320034742
    },
    "barkbands_skewness": {
        "dmean": 0.372837096453,
        "dmean2": 0.596458017826,
        "dvar": 0.127066031098,
        "dvar2": 0.304404437542,
        "max": 2.55846190453,
        "mean": -0.129287913442,
        "median": -0.172885552049,
        "min": -1.69954323769,
        "var": 0.258414059877
    },
    "barkbands_spread": {
        "dmean": 5.26876306534,
        "dmean2": 8.24220180511,
        "dvar": 19.4947452545,
        "dvar2": 48.6141586304,
        "max": 65.8763275146,
        "mean": 43.1749534607,
        "median": 43.754486084,
        "min": 19.6312408447,
        "var": 55.130355835
    },
    "dissonance": {
        "dmean": 0.00469434447587,
        "dmean2": 0.00803248304874,
        "dvar": 2.04487296287e-05,
        "dvar2": 5.15771716891e-05,
        "max": 0.499976992607,
        "mean": 0.492251187563,
        "median": 0.49360653758,
        "min": 0.435028791428,
        "var": 2.9600747439e-05
    },
    "dynamic_complexity": 0.973522126675,
    "erbbands_crest": {
        "dmean": 1.81753635406,
        "dmean2": 3.07993412018,
        "dvar": 2.77451634407,
        "dvar2": 6.88101387024,
        "max": 24.2480945587,
        "mean": 7.39358949661,
        "median": 6.88023233414,
        "min": 2.98003482819,
        "var": 6.05096530914
    },
    "erbbands_flatness_db": {
        "dmean": 0.0129052214324,
        "dmean2": 0.0203558523208,
        "dvar": 0.000137821378303,
        "dvar2": 0.00028601338272,
        "max": 0.272700458765,
        "mean": 0.20048686862,
        "median": 0.200302779675,
        "min": 0.14545635879,
        "var": 0.000454718421679
    },
    "erbbands_kurtosis": {
        "dmean": 0.922852516174,
        "dmean2": 1.53460347652,
        "dvar": 0.787592351437,
        "dvar2": 2.03853034973,
        "max": 13.6339817047,
        "mean": 2.20735001564,
        "median": 1.91302156448,
        "min": -0.991017580032,
        "var": 2.63856101036
    },
    "erbbands_skewness": {
        "dmean": 0.247084110975,
        "dmean2": 0.401150792837,
        "dvar": 0.0377662703395,
        "dvar2": 0.0979266986251,
        "max": 0.375405997038,
        "mean": -0.820760667324,
        "median": -0.800375461578,
        "min": -2.21143221855,
        "var": 0.141916781664
    },
    "erbbands_spread": {
        "dmean": 5.16098594666,
        "dmean2": 8.39818668365,
        "dvar": 33.9449691772,
        "dvar2": 82.9340057373,
        "max": 60.9157791138,
        "mean": 22.3941249847,
        "median": 20.9104995728,
        "min": 6.62839746475,
        "var": 65.849609375
    },
    "hfc": {
        "dmean": 7.40706539154,
        "dmean2": 11.8818216324,
        "dvar": 64.4033584595,
        "dvar2": 160.671600342,
        "max": 101.846931458,
        "mean": 40.8644294739,
        "median": 40.0086975098,
        "min": 0.000636023818515,
        "var": 204.535827637
    },
    "melbands_crest": {
        "dmean": 2.90971708298,
        "dmean2": 4.64268684387,
        "dvar": 7.40081071854,
        "dvar2": 18.5887298584,
        "max": 25.6778717041,
        "mean": 10.5448055267,
        "median": 9.82610797882,
        "min": 3.21021866798,
        "var": 15.211517334
    },
    "melbands_flatness_db": {
        "dmean": 0.0175352115184,
        "dmean2": 0.0276524741203,
        "dvar": 0.000317034922773,
        "dvar2": 0.000790062593296,
        "max": 0.247209221125,
        "mean": 0.114180006087,
        "median": 0.109868079424,
        "min": 0.061973836273,
        "var": 0.000792664126493
    },
    "melbands_kurtosis": {
        "dmean": 1.49956846237,
        "dmean2": 2.50991082191,
        "dvar": 5.60434246063,
        "dvar2": 14.4392910004,
        "max": 27.2635040283,
        "mean": 0.473099052906,
        "median": -0.263835668564,
        "min": -1.69068658352,
        "var": 5.94232320786
    },
    "melbands_skewness": {
        "dmean": 0.504041492939,
        "dmean2": 0.808548212051,
        "dvar": 0.262935787439,
        "dvar2": 0.64077091217,
        "max": 5.03753089905,
        "mean": 1.11721217632,
        "median": 1.02637398243,
        "min": -0.386437237263,
        "var": 0.471696227789
    },
    "melbands_spread": {
        "dmean": 10.6385183334,
        "dmean2": 17.2363166809,
        "dvar": 100.222923279,
        "dvar2": 244.650360107,
        "max": 110.369895935,
        "mean": 67.8213806152,
        "median": 69.7536010742,
        "min": 11.4764881134,
        "var": 218.751739502
    },
    "pitch_salience": {
        "dmean": 0.0639793723822,
        "dmean2": 0.105669692159,
        "dvar": 0.00321800052188,
        "dvar2": 0.0085301687941,
        "max": 0.812777042389,
        "mean": 0.602485895157,
        "median": 0.612588584423,
        "min": 0.244085460901,
        "var": 0.00678893411532
    },
    "silence_rate_20dB": {
        "dmean": 0,
        "dmean2": 0,
        "dvar": 0,
        "dvar2": 0,
        "max": 1,
        "mean": 1,
        "median": 1,
        "min": 1,
        "var": 0
    },
    "silence_rate_30dB": {
        "dmean": 0,
        "dmean2": 0,
        "dvar": 0,
        "dvar2": 0,
        "max": 1,
        "mean": 1,
        "median": 1,
        "min": 1,
        "var": 0
    },
    "silence_rate_60dB": {
        "dmean": 0.00155038759112,
        "dmean2": 0.00310318078846,
        "dvar": 0.00154796463903,
        "dvar2": 0.00309357582591,
        "max": 1,
        "mean": 0.0216886140406,
        "median": 0,
        "min": 0,
        "var": 0.0212179794908
    },
    "spectral_centroid": {
        "dmean": 151.522064209,
        "dmean2": 249.154891968,
        "dvar": 16208.8994141,
        "dvar2": 40930.7109375,
        "max": 3067.80688477,
        "mean": 2543.60644531,
        "median": 2555.69287109,
        "min": 1828.44543457,
        "var": 36744.0664062
    },
    "spectral_complexity": {
        "dmean": 3.78294563293,
        "dmean2": 6.11714506149,
        "dvar": 9.23193836212,
        "dvar2": 23.0793857574,
        "max": 60,
        "mean": 38.8171958923,
        "median": 40,
        "min": 0,
        "var": 64.6483383179
    },
    "spectral_decrease": {
        "dmean": 1.49437395791e-09,
        "dmean2": 2.47262565978e-09,
        "dvar": 3.31753192374e-18,
        "dvar2": 8.41764220343e-18,
        "max": -7.34251120191e-14,
        "mean": -5.90549609214e-09,
        "median": -5.56003332264e-09,
        "min": -1.74188290458e-08,
        "var": 5.08572974474e-18
    },
    "spectral_energy": {
        "dmean": 0.00610716314986,
        "dmean2": 0.0100645553321,
        "dvar": 5.23365815752e-05,
        "dvar2": 0.000133361230837,
        "max": 0.071666687727,
        "mean": 0.0259952358902,
        "median": 0.0247539859265,
        "min": 3.34812568781e-07,
        "var": 8.70311923791e-05
    },
    "spectral_energyband_high": {
        "dmean": 0.000575617654249,
        "dmean2": 0.000902346044313,
        "dvar": 8.70547467002e-07,
        "dvar2": 2.14793931264e-06,
        "max": 0.00896289944649,
        "mean": 0.00169978139456,
        "median": 0.00127818237524,
        "min": 3.69454191684e-08,
        "var": 1.66298866588e-06
    },
    "spectral_energyband_low": {
        "dmean": 0.00374799408019,
        "dmean2": 0.00613379804417,
        "dvar": 3.6812692997e-05,
        "dvar2": 9.51448309934e-05,
        "max": 0.0542457662523,
        "mean": 0.00700706709176,
        "median": 0.0054425415583,
        "min": 8.68579803637e-08,
        "var": 4.12653535022e-05
    },
    "spectral_energyband_middle_high": {
        "dmean": 0.00229856185615,
        "dmean2": 0.00379900238477,
        "dvar": 3.8924808905e-06,
        "dvar2": 1.07092382677e-05,
        "max": 0.0298311077058,
        "mean": 0.0129025364295,
        "median": 0.0129849016666,
        "min": 1.82454940045e-07,
        "var": 1.64718130691e-05
    },
    "spectral_energyband_middle_low": {
        "dmean": 0.00253756367601,
        "dmean2": 0.00422267382964,
        "dvar": 1.4040946553e-05,
        "dvar2": 3.61817037628e-05,
        "max": 0.0314372815192,
        "mean": 0.00495722331107,
        "median": 0.00383651233278,
        "min": 3.61409639993e-08,
        "var": 1.5826215531e-05
    },
    "spectral_entropy": {
        "dmean": 0.0720153152943,
        "dmean2": 0.113442763686,
        "dvar": 0.00462818844244,
        "dvar2": 0.00964834168553,
        "max": 8.26990604401,
        "mean": 7.86543941498,
        "median": 7.86231851578,
        "min": 7.38230800629,
        "var": 0.0191190820187
    },
    "spectral_flux": {
        "dmean": 0.0171858221292,
        "dmean2": 0.0267575532198,
        "dvar": 0.000321737315971,
        "dvar2": 0.000667988671921,
        "max": 0.205289244652,
        "mean": 0.0927511155605,
        "median": 0.0881358906627,
        "min": 0.000578629900701,
        "var": 0.000729518535081
    },
    "spectral_kurtosis": {
        "dmean": 1.51314270496,
        "dmean2": 2.66412520409,
        "dvar": 1.83745908737,
        "dvar2": 5.30511760712,
        "max": 11.7563495636,
        "mean": 2.73554873466,
        "median": 2.34902858734,
        "min": -0.161193847656,
        "var": 3.24105238914
    },
    "spectral_rms": {
        "dmean": 0.0005582664744,
        "dmean2": 0.000908123445697,
        "dvar": 3.48278490492e-07,
        "dvar2": 8.75382170307e-07,
        "max": 0.00836174190044,
        "mean": 0.00493333116174,
        "median": 0.00491428840905,
        "min": 1.80733622983e-05,
        "var": 1.02343085473e-06
    },
    "spectral_rolloff": {
        "dmean": 360.655334473,
        "dmean2": 585.438598633,
        "dvar": 118310.539062,
        "dvar2": 276371.5,
        "max": 6115.4296875,
        "mean": 3054.0324707,
        "median": 3122.31445312,
        "min": 215.33203125,
        "var": 281633.15625
    },
    "spectral_skewness": {
        "dmean": 0.182368203998,
        "dmean2": 0.316374570131,
        "dvar": 0.0227559488267,
        "dvar2": 0.0630614086986,
        "max": 2.91795754433,
        "mean": 0.869643568993,
        "median": 0.843200743198,
        "min": 0.443065345287,
        "var": 0.0386089980602
    },
    "spectral_spread": {
        "dmean": 276616.09375,
        "dmean2": 426945.09375,
        "dvar": 103640809472,
        "dvar2": 182646046720,
        "max": 8601281,
        "mean": 3070421.25,
        "median": 2959936.5,
        "min": 1869863.375,
        "var": 308362412032
    },
    "spectral_strongpeak": {
        "dmean": 0.914101779461,
        "dmean2": 1.66309034824,
        "dvar": 2.42805576324,
        "dvar2": 6.26681089401,
        "max": 8.45275402069,
        "mean": 0.933706283569,
        "median": 0.251269757748,
        "min": 0.000426290760515,
        "var": 2.39909148216
    },
    "zerocrossingrate": {
        "dmean": 0.00780455116183,
        "dmean2": 0.00937924254686,
        "dvar": 4.41708580183e-05,
        "dvar2": 6.34894240648e-05,
        "max": 0.15185546875,
        "mean": 0.0980310663581,
        "median": 0.0986328125,
        "min": 0.033203125,
        "var": 0.000272990117082
    },
    "barkbands": {
        "dmean": [5.65665068279e-05, 0.0030403281562, 0.00103200483136, 0.00105806335341, 0.00119824241847, 0.000627168512437, 0.000249926903052, 0.000220096248086, 0.000247389980359, 0.000168678714545, 8.51967852213e-05, 0.000267349736532, 0.00047071944573, 0.000704576086719, 0.000907834444661, 0.00106164684985, 0.00081428111298, 0.000493102765176, 0.000676257885061, 0.000229506753385, 0.000152883410919, 0.000204949697945, 0.00021204710356, 4.21737386205e-05, 8.25441384222e-06, 8.55624726626e-09, 1.0054354016e-09],
        "dmean2": [8.93788892427e-05, 0.00490766577423, 0.00182285672054, 0.00181610812433, 0.00198460021056, 0.00109970138874, 0.000410875451053, 0.000361786253052, 0.000409535568906, 0.000275037833489, 0.000143760815263, 0.000431042717537, 0.000762803480029, 0.0011818689527, 0.00151732889935, 0.0017604570603, 0.00131817499641, 0.000816148763988, 0.00112085521687, 0.000386115571018, 0.000261144479737, 0.00033754328615, 0.00031542222132, 6.89858425176e-05, 1.31944952955e-05, 1.39071367755e-08, 1.8668280255e-09],
        "dvar": [1.15666054512e-08, 2.47486186709e-05, 4.20000515078e-06, 2.66521624326e-06, 2.98180407299e-06, 1.33738387831e-06, 1.21203242998e-07, 7.87708103189e-08, 1.52475124082e-07, 5.1157535097e-08, 1.48476768658e-08, 2.62958053554e-07, 3.25085494524e-07, 6.1513151195e-07, 9.14921997719e-07, 1.45084970882e-06, 6.42619966129e-07, 2.59086050391e-07, 3.69642890519e-07, 5.2381597726e-08, 3.16104689091e-08, 1.32208583636e-07, 1.31816406679e-07, 4.03188682441e-09, 2.5664073644e-10, 3.24887983719e-16, 1.61226962265e-18],
        "dvar2": [2.39351312104e-08, 6.61624872009e-05, 1.17267654787e-05, 7.00478176441e-06, 7.56254530643e-06, 3.75577792511e-06, 3.09295018042e-07, 2.07743596548e-07, 4.5249751679e-07, 1.31702421413e-07, 3.92838899188e-08, 5.96475956627e-07, 8.28972758882e-07, 1.6421622604e-06, 2.39782707467e-06, 4.133276434e-06, 1.7272666355e-06, 6.67368283302e-07, 9.83210952654e-07, 1.40408999982e-07, 8.50275654329e-08, 3.32308331963e-07, 2.99057290931e-07, 9.45462463875e-09, 6.47626452466e-10, 8.54811409628e-16, 5.05232116057e-18],
        "max": [0.00141185661778, 0.0469473414123, 0.0177134200931, 0.013121554628, 0.0138124646619, 0.00909426901489, 0.003667014651, 0.00412377249449, 0.00753897055984, 0.00348610337824, 0.00187170738354, 0.0103828459978, 0.00987886451185, 0.0113828778267, 0.00907888542861, 0.0179485250264, 0.00817757844925, 0.00625654635951, 0.00748392473906, 0.00234282133169, 0.00182984641287, 0.00321644195355, 0.00353289605118, 0.000722691998817, 0.000240256791585, 3.55447639322e-07, 1.27249331072e-08],
        "mean": [6.86302155373e-05, 0.00530807534233, 0.00111833622213, 0.00103193346877, 0.00180132267997, 0.000768208061345, 0.000422378652729, 0.000369599816622, 0.000476680375868, 0.000304242334096, 0.000138675852213, 0.000504485331476, 0.000963401573244, 0.0015201139031, 0.00188233761583, 0.00242906040512, 0.00187491136603, 0.00116369547322, 0.00180736463517, 0.000592638447415, 0.000417719827965, 0.00044235700625, 0.0004679862177, 0.000106561310531, 1.45157728184e-05, 1.28887371886e-08, 8.40571168226e-10],
        "median": [2.30229343288e-05, 0.00401182798669, 0.000552284647711, 0.000463228381705, 0.00114623957779, 0.000466452445835, 0.000268995034276, 0.000253858888755, 0.000323683576426, 0.000214743398828, 8.91995805432e-05, 0.000312309479341, 0.000726845057216, 0.00116466032341, 0.00157641491387, 0.00192355678882, 0.00162600632757, 0.000989972846583, 0.00170129432809, 0.000532344100066, 0.000378720258595, 0.000292558193905, 0.000231421785429, 7.31629843358e-05, 8.26453560876e-06, 7.85524978397e-09, 3.85070031417e-10],
        "min": [3.45887918307e-09, 6.59951666648e-08, 8.40281177972e-09, 1.30643336149e-08, 6.18213435999e-09, 3.89704357673e-09, 8.92574547606e-09, 3.00332203551e-09, 9.78010228359e-10, 2.77062839338e-09, 2.50005749436e-09, 4.95413177148e-09, 1.04672270851e-08, 4.62953231306e-08, 1.49726044896e-08, 4.42811121104e-08, 1.2032164598e-08, 8.51397441437e-09, 3.33133343133e-08, 6.67165966917e-09, 4.61584637179e-09, 1.7688170928e-08, 8.63241300664e-09, 1.4307477425e-09, 2.05749556281e-10, 9.85477584953e-12, 1.3297306832e-11],
        "var": [1.81809447497e-08, 2.75363017863e-05, 3.23356061926e-06, 2.5186120638e-06, 3.75425406673e-06, 1.01316277323e-06, 2.20619980951e-07, 1.48084339457e-07, 2.64552710405e-07, 1.06226885066e-07, 2.5109640589e-08, 6.07417405263e-07, 7.88507861671e-07, 1.51775964241e-06, 1.69457428001e-06, 3.45515127265e-06, 1.4318148942e-06, 5.86051612572e-07, 8.37974994283e-07, 9.6019725504e-08, 4.92012866005e-08, 1.85682395681e-07, 3.06857003807e-07, 9.21084986061e-09, 3.48664902505e-10, 3.40361158083e-16, 1.36889126955e-18]
    },
    "erbbands": {
        "dmean": [0.0737751349807, 0.752878606319, 1.31496047974, 2.25854468346, 3.22125792503, 4.81178331375, 5.96832084656, 4.77061510086, 4.26561117172, 2.43022608757, 5.37992620468, 5.88734912872, 5.14537000656, 4.56808757782, 5.15024375916, 11.2655649185, 20.9495315552, 33.6309623718, 49.4232711792, 39.6378555298, 50.9893226624, 39.7114143372, 26.602891922, 31.9794845581, 31.3779067993, 9.21528339386, 6.8980922699, 5.9775929451, 6.94933986664, 8.08919334412, 5.76084184647, 1.69812488556, 0.490790456533, 0.169199958444, 0.00624928344041, 0.000318804144626, 3.14329408866e-05, 7.30585088604e-06, 4.93949528391e-06, 7.86837881606e-06],
        "dmean2": [0.117735110223, 1.22820293903, 2.29313802719, 3.88780140877, 5.5673623085, 7.72040700912, 10.3080463409, 8.4380531311, 7.04860162735, 3.97218585014, 8.80274391174, 9.68010807037, 8.54216003418, 7.41907548904, 8.49758434296, 18.4809932709, 33.7423858643, 56.2022209167, 81.2515487671, 65.6734848022, 84.2489624023, 64.8997192383, 44.535697937, 51.7236595154, 52.4181404114, 15.4571695328, 11.6264781952, 10.3843984604, 11.6218175888, 12.6458215714, 8.7465763092, 2.65935873985, 0.786441445351, 0.262929230928, 0.00989109743387, 0.000497280736454, 4.80430826428e-05, 1.11452600322e-05, 7.77950663178e-06, 1.27688354041e-05],
        "dvar": [0.0156687125564, 1.57681727409, 6.58427143097, 11.1471986771, 24.5599842072, 48.2329216003, 105.95640564, 91.2780914307, 42.5437164307, 6.83232593536, 57.2361755371, 91.2267227173, 56.631855011, 38.6841430664, 55.4009094238, 568.51348877, 592.329345703, 1489.91589355, 2952.70947266, 2344.98632812, 3379.18139648, 1483.94958496, 703.972961426, 944.272949219, 956.889831543, 87.1665878296, 54.4780387878, 73.5538101196, 133.921707153, 202.689941406, 94.8465652466, 6.61819267273, 0.735137462616, 0.107970446348, 0.000253577862168, 5.61314323022e-07, 3.00385716301e-09, 1.43703882127e-10, 4.14456663433e-11, 8.5164944541e-11],
        "dvar2": [0.0389196500182, 4.33761787415, 18.4560317993, 29.6191120148, 66.3447036743, 109.479782104, 294.284393311, 252.022354126, 111.727996826, 17.5139961243, 148.766571045, 270.905090332, 156.869293213, 94.9391708374, 139.853561401, 1269.87414551, 1421.17175293, 4086.24560547, 7895.62548828, 5871.91748047, 9080.48242188, 3828.04150391, 1863.6295166, 2484.36572266, 2569.90136719, 233.133728027, 148.990264893, 198.242599487, 337.462005615, 490.245239258, 212.964187622, 15.1285610199, 1.87408459187, 0.271095961332, 0.000651672715321, 1.41961345435e-06, 7.08104552771e-09, 3.32099431288e-10, 1.02473148023e-10, 2.18285653442e-10],
        "max": [1.14112401009, 11.5215301514, 20.0968971252, 23.2174892426, 38.6370353699, 60.5727043152, 100.279060364, 101.907493591, 66.1225738525, 26.7963676453, 113.177330017, 181.980438232, 91.5427703857, 109.743347168, 130.490921021, 459.836853027, 477.092071533, 594.568725586, 532.317321777, 756.711975098, 927.988952637, 435.798950195, 326.232666016, 507.003570557, 350.68145752, 106.177818298, 82.8420562744, 92.7832794189, 126.535392761, 136.674331665, 91.9123153687, 29.6696052551, 13.2683296204, 4.69942426682, 0.282823652029, 0.0134344287217, 0.000670495734084, 0.00012259108189, 7.1699709224e-05, 0.000102255224192],
        "mean": [0.119052782655, 1.29360318184, 1.69633996487, 2.44442224503, 3.84890437126, 7.15751838684, 7.80286216736, 5.4612030983, 6.98790979385, 4.78140926361, 9.14230442047, 11.2602205276, 9.54220104218, 8.5379781723, 10.1699419022, 22.7876338959, 45.3327522278, 78.3043060303, 102.128936768, 99.7895812988, 124.906440735, 101.283439636, 71.4457092285, 81.8138656616, 79.9471740723, 27.4113998413, 19.3774223328, 14.7720861435, 15.0458202362, 16.6485290527, 12.4917392731, 4.15965127945, 1.17587387562, 0.33217176795, 0.0108731081709, 0.000654138973914, 9.27963701542e-05, 2.58411273535e-05, 2.29039997066e-05, 3.62889368262e-05],
        "median": [0.0749632418156, 0.992988228798, 1.13607108593, 1.29077279568, 2.24022364616, 4.12514448166, 4.7636384964, 3.06770348549, 4.59489917755, 3.72780966759, 5.90883970261, 7.77419376373, 6.59916830063, 6.04490423203, 6.96606969833, 15.4416694641, 35.7293701172, 61.5223045349, 82.5632705688, 87.7364196777, 101.535552979, 90.2114562988, 64.2607116699, 71.8134841919, 72.6460494995, 25.6696281433, 17.8926239014, 12.965637207, 10.5766191483, 9.06706047058, 6.23008203506, 2.61309599876, 0.779491186142, 0.199905484915, 0.00604221876711, 0.000396205927245, 6.4563639171e-05, 1.94849289983e-05, 2.08376732189e-05, 3.48347530235e-05],
        "min": [2.16699027078e-06, 1.33725543492e-05, 1.36946364364e-05, 3.02505613945e-05, 2.23119677685e-05, 3.34005235345e-05, 1.22030023704e-05, 5.08004159201e-05, 0.00014938141976, 4.68787511636e-05, 6.44493338768e-05, 2.67102805083e-05, 3.63906328857e-05, 0.000115578150144, 0.000140634132549, 0.000184990974958, 0.00040217814967, 0.00251004728489, 0.00102824100759, 0.000619009428192, 0.00297607621178, 0.00094977975823, 0.000676954921801, 0.00140624353662, 0.00112031993922, 0.000375215284294, 0.000124483718537, 0.000289343472105, 0.000626277527772, 0.000557638297323, 0.000189329119166, 5.49242467969e-05, 1.19806618386e-05, 4.78019728689e-06, 2.3840691199e-07, 4.41113670036e-08, 1.8027130011e-08, 8.92317775225e-09, 2.32280328305e-09, 6.81391887358e-10],
        "var": [0.0191240571439, 1.6220676899, 4.97686386108, 10.3475122452, 22.8166408539, 72.0530929565, 93.4993896484, 68.3298187256, 61.1709251404, 13.6689004898, 108.810997009, 150.557510376, 99.0843429565, 72.7241744995, 113.126533508, 1260.62341309, 1423.27722168, 3805.50585938, 5432.77001953, 4512.31884766, 7925.06591797, 3451.27416992, 1589.67431641, 2595.53735352, 1734.18664551, 167.751342773, 92.5881958008, 88.8942489624, 190.19468689, 347.941162109, 221.76713562, 17.4713764191, 1.29917931557, 0.156092137098, 0.000268051080639, 6.79980075802e-07, 6.05119154784e-09, 3.34356431431e-10, 9.00369709345e-11, 1.61008803512e-10]
    },
    "gfcc": {
        "mean": [18.8900051117, 103.716072083, -181.509918213, 87.3119277954, -52.9820098877, 22.4540863037, -35.2595405579, -7.05914306641, 5.30494213104, -16.5725231171, 8.20142841339, -18.2927036285, 1.76059293747],
        "cov": [[1736.36108398, -93.698097229, 74.58934021, 32.8295211792, -151.374801636, 49.7723464966, -76.4025878906, -28.9444255829, -37.4759674072, -62.5499267578, -40.7529373169, -18.5318260193, -22.1501674652], [-93.698097229, 198.680541992, -41.7813301086, -41.3137054443, 68.9972610474, -46.5691490173, 66.9933624268, 2.32546877861, 9.39815711975, 16.5242843628, 29.5197372437, -18.7799949646, 21.1523189545], [74.58934021, -41.7813301086, 130.195465088, 53.0038032532, -52.1137008667, 28.1736927032, -46.7989959717, -11.982708931, -13.3910083771, -17.3602523804, -20.2698497772, 10.773399353, -13.0096473694], [32.8295211792, -41.3137054443, 53.0038032532, 80.0923919678, 20.3705310822, 6.43893766403, -22.7693634033, -10.5300674438, 7.9045996666, -10.3784561157, -9.62989044189, 5.03161525726, -10.3149061203], [-151.374801636, 68.9972610474, -52.1137008667, 20.3705310822, 144.647720337, -5.70273637772, 54.7294921875, 27.468038559, 24.5471992493, 22.140127182, 16.680398941, -15.957649231, 11.5717926025], [49.7723464966, -46.5691490173, 28.1736927032, 6.43893766403, -5.70273637772, 73.1166915894, 18.3088550568, 11.437374115, -5.96410703659, -7.93762254715, -6.95032024384, 1.32185733318, -7.06756210327], [-76.4025878906, 66.9933624268, -46.7989959717, -22.7693634033, 54.7294921875, 18.3088550568, 92.3196792603, 38.632900238, 14.15873909, 11.2945604324, 15.8781118393, -11.7422990799, 10.0061635971], [-28.9444255829, 2.32546877861, -11.982708931, -10.5300674438, 27.468038559, 11.437374115, 38.632900238, 64.344329834, 22.2182426453, 14.0670375824, 2.78379487991, -6.71249103546, 6.67877006531], [-37.4759674072, 9.39815711975, -13.3910083771, 7.9045996666, 24.5471992493, -5.96410703659, 14.15873909, 22.2182426453, 50.4531326294, 24.5471000671, 8.20281887054, -0.174667209387, 1.43957519531], [-62.5499267578, 16.5242843628, -17.3602523804, -10.3784561157, 22.140127182, -7.93762254715, 11.2945604324, 14.0670375824, 24.5471000671, 47.0931816101, 24.6555633545, -2.02690863609, 3.71397805214], [-40.7529373169, 29.5197372437, -20.2698497772, -9.62989044189, 16.680398941, -6.95032024384, 15.8781118393, 2.78379487991, 8.20281887054, 24.6555633545, 43.4541015625, 17.548658371, 8.06095218658], [-18.5318260193, -18.7799949646, 10.773399353, 5.03161525726, -15.957649231, 1.32185733318, -11.7422990799, -6.71249103546, -0.174667209387, -2.02690863609, 17.548658371, 41.2032852173, 17.4287395477], [-22.1501674652, 21.1523189545, -13.0096473694, -10.3149061203, 11.5717926025, -7.06756210327, 10.0061635971, 6.67877006531, 1.43957519531, 3.71397805214, 8.06095218658, 17.4287395477, 36.4031105042]],
        "icov": [[0.00077504751971, -0.00119236425962, 0.00154785707127, -0.00212497054599, 0.00184767879546, -0.00186036468949, 0.00174132408574, -0.00116697500926, 0.000302246276988, 0.000522019166965, -0.000524458882865, 0.00126821070444, -0.000653841358144], [-0.00119236425962, 0.0395122393966, -0.0356888137758, 0.0393072925508, -0.0228480976075, 0.0346549376845, -0.0330413505435, 0.0280494149774, -0.0177000071853, 0.0231166575104, -0.02921227552, 0.027317577973, -0.0156426168978], [0.00154785707127, -0.0356888137758, 0.0517371334136, -0.0506657063961, 0.0289096534252, -0.0374812744558, 0.0341615043581, -0.0299143120646, 0.0215712655336, -0.024794574827, 0.0283756945282, -0.0240979678929, 0.0123747354373], [-0.00212497054599, 0.0393072925508, -0.0506657063961, 0.071700848639, -0.0377482026815, 0.0366444066167, -0.0295630842447, 0.0337219871581, -0.0279242824763, 0.0304984692484, -0.0254317391664, 0.0172714702785, -0.00551488995552], [0.00184767879546, -0.0228480976075, 0.0289096534252, -0.0377482026815, 0.031392570585, -0.0216547176242, 0.0150582809001, -0.0190879013389, 0.0110944630578, -0.0148368077353, 0.0103611052036, -0.00344306160696, -0.000355308817234], [-0.00186036468949, 0.0346549376845, -0.0374812744558, 0.0366444066167, -0.0216547176242, 0.0511866733432, -0.0388951152563, 0.023327820003, -0.0114352414384, 0.0166452564299, -0.017100809142, 0.013032304123, -0.00474634300917], [0.00174132408574, -0.0330413505435, 0.0341615043581, -0.0295630842447, 0.0150582809001, -0.0388951152563, 0.0552102774382, -0.0327932462096, 0.0102729219943, -0.00729277124628, 0.00785079039633, -0.00788797903806, 0.00496881501749], [-0.00116697500926, 0.0280494149774, -0.0299143120646, 0.0337219871581, -0.0190879013389, 0.023327820003, -0.0327932462096, 0.0462787151337, -0.0218920838088, 0.0128937410191, -0.014728019014, 0.0183229167014, -0.0129848225042], [0.000302246276988, -0.0177000071853, 0.0215712655336, -0.0279242824763, 0.0110944630578, -0.0114352414384, 0.0102729219943, -0.0218920838088, 0.0452370345592, -0.0337389856577, 0.0256319399923, -0.0241208132356, 0.0132370013744], [0.000522019166965, 0.0231166575104, -0.024794574827, 0.0304984692484, -0.0148368077353, 0.0166452564299, -0.00729277124628, 0.0128937410191, -0.0337389856577, 0.0697989463806, -0.0568090081215, 0.043029371649, -0.0195553265512], [-0.000524458882865, -0.02921227552, 0.0283756945282, -0.0254317391664, 0.0103611052036, -0.017100809142, 0.00785079039633, -0.014728019014, 0.0256319399923, -0.0568090081215, 0.0903322845697, -0.0675932243466, 0.0306611768901], [0.00126821070444, 0.027317577973, -0.0240979678929, 0.0172714702785, -0.00344306160696, 0.013032304123, -0.00788797903806, 0.0183229167014, -0.0241208132356, 0.043029371649, -0.0675932243466, 0.0919465571642, -0.0488782934844], [-0.000653841358144, -0.0156426168978, 0.0123747354373, -0.00551488995552, -0.000355308817234, -0.00474634300917, 0.00496881501749, -0.0129848225042, 0.0132370013744, -0.0195553265512, 0.0306611768901, -0.0488782934844, 0.0573130100965]]
    },
    "melbands": {
        "dmean": [0.000767516263295, 0.000781701353844, 0.000434402987594, 0.000264322938165, 0.000211387159652, 0.000106666055217, 6.26493856544e-05, 2.80052863673e-05, 4.49154758826e-05, 3.77783653676e-05, 2.61078748736e-05, 1.9769593564e-05, 1.38041987157e-05, 2.65827075054e-05, 3.7447505747e-05, 5.22656446265e-05, 7.05551428837e-05, 7.87945245975e-05, 5.39020802535e-05, 7.72249695729e-05, 5.98672158958e-05, 4.67608479084e-05, 4.79415284644e-05, 1.80632232514e-05, 3.01244363072e-05, 2.69909633062e-05, 1.60280342243e-05, 6.18003514319e-06, 4.89815329274e-06, 4.55227200291e-06, 3.66088420378e-06, 4.10184566135e-06, 4.5918327487e-06, 4.7546877795e-06, 3.97161829824e-06, 2.23456868298e-06, 6.83904090693e-07, 3.81736668942e-07, 2.75230320312e-07, 9.75758709387e-08],
        "dmean2": [0.00122663401999, 0.00132753350772, 0.000744276330806, 0.000427637249231, 0.000358583958587, 0.000188896650798, 0.000102932150185, 4.64128970634e-05, 7.36146757845e-05, 6.2581646489e-05, 4.32669185102e-05, 3.19856007991e-05, 2.2893802452e-05, 4.3594311137e-05, 6.11073119217e-05, 8.43178422656e-05, 0.000117454350402, 0.000129071762785, 8.98479338503e-05, 0.000127454070025, 9.84563739621e-05, 7.64146607253e-05, 8.05883610155e-05, 2.9799008189e-05, 4.91069113195e-05, 4.50000479759e-05, 2.65463240794e-05, 1.05455274024e-05, 8.30325188872e-06, 7.82141432865e-06, 6.36251888864e-06, 7.06187574906e-06, 7.43578584661e-06, 7.4491599662e-06, 6.16361785433e-06, 3.45828834725e-06, 1.10963105726e-06, 6.30517092759e-07, 4.40401095148e-07, 1.56549347707e-07],
        "dvar": [1.57930901423e-06, 1.97609006136e-06, 4.25198294352e-07, 1.19822388456e-07, 1.30438778001e-07, 4.41112391059e-08, 8.59170157241e-09, 9.2124119444e-10, 3.89301479942e-09, 4.40366276777e-09, 1.47166656639e-09, 7.06208980183e-10, 3.72259667536e-10, 1.98966576548e-09, 2.95334934286e-09, 4.97053687099e-09, 7.02320779311e-09, 7.00329305658e-09, 2.92143198521e-09, 9.35602084695e-09, 4.71137173719e-09, 2.36353159266e-09, 2.55797916182e-09, 3.9017680753e-10, 8.68339899984e-10, 7.46747053082e-10, 2.45802600496e-10, 4.17930655361e-11, 2.91120703932e-11, 2.34627317575e-11, 3.13927217555e-11, 4.69723669683e-11, 6.41978692428e-11, 7.00235217033e-11, 4.4779943642e-11, 1.28481617706e-11, 9.20385729436e-13, 4.22349655249e-13, 2.18759092872e-13, 5.47435631982e-14],
        "dvar2": [4.08317373513e-06, 5.48273646928e-06, 1.14650890737e-06, 2.8274126862e-07, 3.59051938403e-07, 1.22161523564e-07, 2.23038139069e-08, 2.336298488e-09, 1.01006625286e-08, 1.3239371377e-08, 4.041806001e-09, 1.70086689177e-09, 9.51651535352e-10, 4.66017979761e-09, 6.94514490363e-09, 1.27685764184e-08, 1.92252382902e-08, 1.87476629776e-08, 7.74951747218e-09, 2.58709800249e-08, 1.23249712658e-08, 5.96104410278e-09, 6.96357327357e-09, 1.00976960127e-09, 2.2514041742e-09, 2.01969907465e-09, 6.60310750522e-10, 1.12804328378e-10, 7.91480908591e-11, 6.43958844582e-11, 8.47062558984e-11, 1.23335439084e-10, 1.56562082743e-10, 1.70527203469e-10, 1.0170857212e-10, 3.17166570785e-11, 2.20206231721e-12, 1.09109010889e-12, 5.45064644461e-13, 1.40324018139e-13],
        "max": [0.0120197888464, 0.0117905857041, 0.00453284056857, 0.00252785952762, 0.00330044166185, 0.00205646711402, 0.000927238841541, 0.000338727637427, 0.000899204984307, 0.001323570963, 0.000495401676744, 0.000445757672423, 0.000315437093377, 0.000745793047827, 0.0011979334522, 0.00127758888993, 0.00132886320353, 0.000914838630706, 0.000522241811268, 0.00146888953168, 0.00114185910206, 0.000577800965402, 0.000639264355414, 0.000273137178738, 0.000512306403834, 0.000432489614468, 0.000146389531437, 7.18375304132e-05, 6.16404868197e-05, 4.79002010252e-05, 6.30385184195e-05, 6.19266065769e-05, 8.43780580908e-05, 9.20272432268e-05, 5.69059266127e-05, 4.29264509876e-05, 1.03128677438e-05, 1.06427469291e-05, 4.69319411422e-06, 3.79574385079e-06],
        "mean": [0.00134535424877, 0.00122653250583, 0.00046379523701, 0.000392671849113, 0.00028897964512, 0.000124672951642, 0.000103620019217, 5.36432271474e-05, 7.723197632e-05, 7.06451974111e-05, 4.68098915007e-05, 3.50614645868e-05, 2.54320148088e-05, 5.16470026923e-05, 7.16768627171e-05, 0.0001102730821, 0.00014962896239, 0.000157033209689, 0.000120833334222, 0.000171092920937, 0.000134306203108, 0.000102290861832, 9.80869226623e-05, 4.49098333775e-05, 6.87995707267e-05, 6.52307935525e-05, 3.72431568394e-05, 1.45168633026e-05, 1.2182469618e-05, 1.10761593533e-05, 7.5379603004e-06, 8.1211401266e-06, 9.20092497836e-06, 9.29547240958e-06, 7.93095296103e-06, 4.72517467642e-06, 1.63286767929e-06, 8.30796068385e-07, 5.85271720865e-07, 1.48467321992e-07],
        "median": [0.000951967784204, 0.000929812085815, 0.000249290693318, 0.00024462887086, 0.000183045383892, 7.1355541877e-05, 6.72130117891e-05, 4.1297316784e-05, 5.00628921145e-05, 4.73900072393e-05, 3.16020777973e-05, 2.37983076659e-05, 1.70198472915e-05, 3.26826084347e-05, 5.47865020053e-05, 7.95863161329e-05, 0.000113303569378, 0.000127055274788, 0.000107784093416, 0.000135532245622, 0.000106612562377, 8.71055017342e-05, 8.1695827248e-05, 3.81183926947e-05, 5.88746115682e-05, 5.99177146796e-05, 3.29647336912e-05, 1.30616044771e-05, 1.09791417344e-05, 1.00907027445e-05, 6.3342786234e-06, 5.80487358093e-06, 5.56378745387e-06, 4.80634435007e-06, 3.67330221707e-06, 2.57795295511e-06, 1.12016618914e-06, 5.48232094388e-07, 3.50811575345e-07, 8.22333419137e-08],
        "min": [1.91954310225e-08, 1.11539213421e-08, 4.88133089505e-09, 2.08179629091e-09, 5.93399440696e-10, 1.1195760985e-09, 2.06742423181e-09, 5.1185949923e-10, 4.67220873102e-10, 1.43887429749e-10, 1.97986127493e-10, 4.86186979565e-10, 3.59231477898e-10, 7.27121307609e-10, 1.78540682239e-10, 1.50762624607e-09, 5.34539923436e-09, 1.62490532141e-09, 1.23253929285e-09, 1.04783337562e-09, 3.77676911967e-09, 6.79573453066e-10, 9.18213671763e-10, 2.97207425337e-10, 1.33934296986e-09, 8.01618771362e-10, 5.38642241921e-10, 2.21767146313e-10, 1.0814003859e-10, 2.49492492638e-11, 2.26215587928e-10, 2.93389007533e-10, 4.55733895066e-10, 2.82925183281e-10, 1.2954511075e-10, 3.07625487583e-11, 2.88035099244e-11, 7.81344867279e-12, 4.81522157217e-12, 3.15965743153e-12],
        "var": [1.87087391623e-06, 1.68211954588e-06, 3.84066368042e-07, 1.74560312871e-07, 1.2234667679e-07, 3.26092290948e-08, 1.34141169283e-08, 1.81593617921e-09, 7.71711849978e-09, 7.02409241882e-09, 2.62646770999e-09, 1.39064115778e-09, 7.5150619061e-10, 5.00961716554e-09, 5.98664406937e-09, 1.19923857511e-08, 1.70123168886e-08, 1.36036550913e-08, 5.66875701935e-09, 2.04033980822e-08, 1.0481891799e-08, 4.99445818036e-09, 5.03158492648e-09, 8.77135697408e-10, 2.32814856282e-09, 1.28737298599e-09, 4.38985792162e-10, 6.53696194397e-11, 4.38781372347e-11, 3.69623255614e-11, 3.40380501562e-11, 5.77138753455e-11, 9.75192010477e-11, 1.2069370503e-10, 9.77513833766e-11, 2.98413897759e-11, 2.15256783752e-12, 6.80082834666e-13, 3.77982476048e-13, 5.80664056876e-14]
    },
    "mfcc": {
        "mean": [-581.871887207, 84.699432373, -35.2014389038, 43.6928787231, 17.158208847, 21.3473758698, -9.32299518585, 10.0294055939, -6.36894226074, 13.0370063782, 1.7396876812, 1.09748136997, -1.90004944801],
        "cov": [[1705.93334961, -115.943702698, 123.941421509, -44.373840332, -38.9988975525, 10.7440271378, -61.7154808044, 24.0871486664, -57.6213111877, -7.84451818466, -39.6770820618, -50.7889404297, -34.1391830444], [-115.943702698, 234.414901733, -116.878089905, 19.7241439819, -18.046037674, -18.4883441925, 54.6759796143, -23.5708599091, 30.1540966034, 11.086971283, 15.1440591812, 27.1883449554, 5.20290184021], [123.941421509, -116.878089905, 219.095596313, -19.9547195435, -6.4556722641, 13.4362039566, -50.500957489, 13.6079711914, -39.3899459839, -25.0939025879, -23.5653152466, -32.9206428528, -7.44202852249], [-44.373840332, 19.7241439819, -19.9547195435, 86.5875091553, 40.0529785156, 2.69098639488, -7.56376743317, -4.73868083954, 7.00967168808, 1.97076499462, 6.98059129715, 3.92181706429, 6.55539512634], [-38.9988975525, -18.046037674, -6.4556722641, 40.0529785156, 69.5749130249, 14.124256134, -1.38507568836, 0.718503892422, 9.7810754776, 2.03244900703, 9.95320796967, 0.251078426838, 6.51385974884], [10.7440271378, -18.4883441925, 13.4362039566, 2.69098639488, 14.124256134, 52.425327301, 9.67819595337, 9.03567218781, -6.46349000931, 1.40315961838, -1.72811388969, 1.61243128777, -4.88239479065], [-61.7154808044, 54.6759796143, -50.500957489, -7.56376743317, -1.38507568836, 9.67819595337, 81.6823806763, 17.6342315674, 25.3792934418, 9.35605621338, 12.8509693146, 14.5433416367, 4.06659030914], [24.0871486664, -23.5708599091, 13.6079711914, -4.73868083954, 0.718503892422, 9.03567218781, 17.6342315674, 53.3056030273, 15.6695842743, 5.8966755867, -3.70773983002, 0.226023927331, -1.26809000969], [-57.6213111877, 30.1540966034, -39.3899459839, 7.00967168808, 9.7810754776, -6.46349000931, 25.3792934418, 15.6695842743, 60.7384796143, 24.7083492279, 13.9004526138, 6.40832281113, 5.59660053253], [-7.84451818466, 11.086971283, -25.0939025879, 1.97076499462, 2.03244900703, 1.40315961838, 9.35605621338, 5.8966755867, 24.7083492279, 46.7292861938, 21.8539657593, 7.39734888077, -1.14392101765], [-39.6770820618, 15.1440591812, -23.5653152466, 6.98059129715, 9.95320796967, -1.72811388969, 12.8509693146, -3.70773983002, 13.9004526138, 21.8539657593, 44.2916145325, 18.2142429352, 6.06500434875], [-50.7889404297, 27.1883449554, -32.9206428528, 3.92181706429, 0.251078426838, 1.61243128777, 14.5433416367, 0.226023927331, 6.40832281113, 7.39734888077, 18.2142429352, 46.650642395, 18.2159748077], [-34.1391830444, 5.20290184021, -7.44202852249, 6.55539512634, 6.51385974884, -4.88239479065, 4.06659030914, -1.26809000969, 5.59660053253, -1.14392101765, 6.06500434875, 18.2159748077, 40.8895225525]],
