{
"lowlevel": {
    "average_loudness": 0.969256401062,
    "barkbands_crest": {
        "dmean": 2.91820526123,
        "dmean2": 5.00727653503,
        "dvar": 7.98857545853,
        "dvar2": 22.2501182556,
        "max": 22.9800853729,
        "mean": 7.54427909851,
        "median": 6.69711589813,
        "min": 2.59024906158,
        "var": 12.2545127869
    },
    "barkbands_flatness_db": {
        "dmean": 0.0154472310096,
        "dmean2": 0.0254619438201,
        "dvar": 0.000206045762752,
        "dvar2": 0.000540399865713,
        "max": 0.27442252636,
        "mean": 0.106692925096,
        "median": 0.103470340371,
        "min": 0.0563521422446,
        "var": 0.000595982884988
    },
    "barkbands_kurtosis": {
        "dmean": 1.03174304962,
        "dmean2": 1.72455656528,
        "dvar": 3.52550435066,
        "dvar2": 8.93360042572,
        "max": 40.1164932251,
        "mean": 0.0513499192894,
        "median": -0.686584234238,
        "min": -1.91625928879,
        "var": 5.91813707352
    },
    "barkbands_skewness": {
        "dmean": 0.414134174585,
        "dmean2": 0.666924953461,
        "dvar": 0.175057709217,
        "dvar2": 0.428385198116,
        "max": 5.98624563217,
        "mean": 0.797751128674,
        "median": 0.648356318474,
        "min": -1.90166568756,
        "var": 0.500073075294
    },
    "barkbands_spread": {
        "dmean": 5.94864416122,
        "dmean2": 9.58248901367,
        "dvar": 28.8050918579,
        "dvar2": 68.79296875,
        "max": 102.261672974,
        "mean": 35.8502883911,
        "median": 36.0876617432,
        "min": 5.99437618256,
        "var": 102.491821289
    },
    "dissonance": {
        "dmean": 0.010457681492,
        "dmean2": 0.01797141321,
        "dvar": 0.000112483459816,
        "dvar2": 0.000293322227662,
        "max": 0.499960631132,
        "mean": 0.483349204063,
        "median": 0.486700177193,
        "min": 0.357050448656,
        "var": 0.000175603287062
    },
    "dynamic_complexity": 2.68220114708,
    "erbbands_crest": {
        "dmean": 2.14840245247,
        "dmean2": 3.59338665009,
        "dvar": 5.59486865997,
        "dvar2": 14.0848350525,
        "max": 23.7047805786,
        "mean": 6.76557064056,
        "median": 5.69732952118,
        "min": 2.53721642494,
        "var": 10.8262901306
    },
    "erbbands_flatness_db": {
        "dmean": 0.0118632158265,
        "dmean2": 0.0186441726983,
        "dvar": 0.000118310133985,
        "dvar2": 0.000260493776295,
        "max": 0.244258210063,
        "mean": 0.166472911835,
        "median": 0.165150374174,
        "min": 0.107190921903,
        "var": 0.000445575016784
    },
    "erbbands_kurtosis": {
        "dmean": 0.636857330799,
        "dmean2": 1.05164647102,
        "dvar": 0.509682297707,
        "dvar2": 1.20234060287,
        "max": 11.0755777359,
        "mean": 0.0198131855577,
        "median": -0.194983005524,
        "min": -1.47320663929,
        "var": 1.02330756187
    },
    "erbbands_skewness": {
        "dmean": 0.325982660055,
        "dmean2": 0.5175152421,
        "dvar": 0.0962390750647,
        "dvar2": 0.21163380146,
        "max": 1.75059831142,
        "mean": -0.298496991396,
        "median": -0.340769737959,
        "min": -3.11052536964,
        "var": 0.36416259408
    },
    "erbbands_spread": {
        "dmean": 6.25976085663,
        "dmean2": 9.99919605255,
        "dvar": 34.5322036743,
        "dvar2": 82.8211288452,
        "max": 95.8979415894,
        "mean": 37.8485641479,
        "median": 36.6419258118,
        "min": 12.0345525742,
        "var": 121.134918213
    },
    "hfc": {
        "dmean": 4.72355365753,
        "dmean2": 6.96200656891,
        "dvar": 27.3713359833,
        "dvar2": 58.1481513977,
        "max": 79.0467834473,
        "mean": 28.2866249084,
        "median": 28.9032535553,
        "min": 1.19464812197e-16,
        "var": 254.357284546
    },
    "melbands_crest": {
        "dmean": 3.26075124741,
        "dmean2": 5.45894289017,
        "dvar": 7.98451089859,
        "dvar2": 21.1982707977,
        "max": 30.1116065979,
        "mean": 12.2465600967,
        "median": 11.5794258118,
        "min": 2.12448596954,
        "var": 16.9646625519
    },
    "melbands_flatness_db": {
        "dmean": 0.0220482703298,
        "dmean2": 0.0358272977173,
        "dvar": 0.000456874549855,
        "dvar2": 0.00112129980698,
        "max": 0.329789668322,
        "mean": 0.133998125792,
        "median": 0.129607260227,
        "min": 0.00560376839712,
        "var": 0.00124922185205
    },
    "melbands_kurtosis": {
        "dmean": 3.85846376419,
        "dmean2": 6.40951633453,
        "dvar": 46.0532226562,
        "dvar2": 112.482223511,
        "max": 162.685638428,
        "mean": 5.66923809052,
        "median": 3.18877124786,
        "min": -1.21850061417,
        "var": 83.0740127563
    },
    "melbands_skewness": {
        "dmean": 0.628893375397,
        "dmean2": 1.01059293747,
        "dvar": 0.465867370367,
        "dvar2": 1.13929212093,
        "max": 11.1087684631,
        "mean": 2.04881882668,
        "median": 1.89341771603,
        "min": -0.21722599864,
        "var": 1.13930428028
    },
    "melbands_spread": {
        "dmean": 9.96470737457,
        "dmean2": 15.9837036133,
        "dvar": 83.9620361328,
        "dvar2": 209.090820312,
        "max": 120.602119446,
        "mean": 39.9803771973,
        "median": 39.434261322,
        "min": 2.86834073067,
        "var": 241.481918335
    },
    "pitch_salience": {
        "dmean": 0.0692370384932,
        "dmean2": 0.118110157549,
        "dvar": 0.00409655692056,
        "dvar2": 0.0112033458427,
        "max": 0.834506332874,
        "mean": 0.601781308651,
        "median": 0.612826824188,
        "min": 0.174028813839,
        "var": 0.0074536469765
    },
    "silence_rate_20dB": {
        "dmean": 0,
        "dmean2": 0,
        "dvar": 0,
        "dvar2": 0,
        "max": 1,
        "mean": 1,
        "median": 1,
        "min": 1,
        "var": 0
    },
    "silence_rate_30dB": {
        "dmean": 0,
        "dmean2": 0,
        "dvar": 0,
        "dvar2": 0,
        "max": 1,
        "mean": 1,
        "median": 1,
        "min": 1,
        "var": 0
    },
    "silence_rate_60dB": {
        "dmean": 0.0030959751457,
        "dmean2": 0.00619674660265,
        "dvar": 0.00308637134731,
        "dvar2": 0.00615834025666,
        "max": 1,
        "mean": 0.0672853812575,
        "median": 0,
        "min": 0,
        "var": 0.0627587586641
    },
    "spectral_centroid": {
        "dmean": 251.510665894,
        "dmean2": 399.496246338,
        "dvar": 103265.992188,
        "dvar2": 169149.21875,
        "max": 11027.2646484,
        "mean": 2076.66210938,
        "median": 2126.86694336,
        "min": 698.692138672,
        "var": 240503.234375
    },
    "spectral_complexity": {
        "dmean": 3.84520125389,
        "dmean2": 6.29279613495,
        "dvar": 10.5812997818,
        "dvar2": 25.8708572388,
        "max": 55,
        "mean": 34.1129150391,
        "median": 39,
        "min": 0,
        "var": 176.126464844
    },
    "spectral_decrease": {
        "dmean": 1.88889726083e-09,
        "dmean2": 3.07575742653e-09,
        "dvar": 4.9561386669e-18,
        "dvar2": 1.25669058874e-17,
        "max": 6.12889588982e-29,
        "mean": -6.42051567468e-09,
        "median": -6.08228889476e-09,
        "min": -2.08880326369e-08,
        "var": 1.24979537659e-17
    },
    "spectral_energy": {
        "dmean": 0.00734722940251,
        "dmean2": 0.0119080627337,
        "dvar": 7.29456587578e-05,
        "dvar2": 0.000184039381566,
        "max": 0.0813947096467,
        "mean": 0.0267981365323,
        "median": 0.0259038489312,
        "min": 1.06044958426e-20,
        "var": 0.000206405049539
    },
    "spectral_energyband_high": {
        "dmean": 0.000270923424978,
        "dmean2": 0.000407096813433,
        "dvar": 1.16650504367e-07,
        "dvar2": 2.54161420798e-07,
        "max": 0.00522718997672,
        "mean": 0.00116301898379,
        "median": 0.0010688258335,
        "min": 7.89246868987e-21,
        "var": 5.22161656136e-07
    },
    "spectral_energyband_low": {
        "dmean": 0.00497053842992,
        "dmean2": 0.00844922941178,
        "dvar": 6.55107505736e-05,
        "dvar2": 0.000173312088009,
        "max": 0.0613531172276,
        "mean": 0.0091591430828,
        "median": 0.00672364747152,
        "min": 2.77627952006e-23,
        "var": 7.88534307503e-05
    },
    "spectral_energyband_middle_high": {
        "dmean": 0.00248604500666,
        "dmean2": 0.00376796349883,
        "dvar": 1.42826775118e-05,
        "dvar2": 3.1458101148e-05,
        "max": 0.0469176545739,
        "mean": 0.00906322523952,
        "median": 0.00802965927869,
        "min": 1.38830027744e-21,
        "var": 5.28035670868e-05
    },
    "spectral_energyband_middle_low": {
        "dmean": 0.00406725471839,
        "dmean2": 0.00675393315032,
        "dvar": 3.08930430037e-05,
        "dvar2": 7.97949105618e-05,
        "max": 0.0454744398594,
        "mean": 0.00924575142562,
        "median": 0.00771808531135,
        "min": 2.46498307928e-22,
        "var": 4.6479395678e-05
    },
    "spectral_entropy": {
        "dmean": 0.071473762393,
        "dmean2": 0.110972218215,
        "dvar": 0.00596457533538,
        "dvar2": 0.00975120533258,
        "max": 9.78581237793,
        "mean": 7.90194511414,
        "median": 7.90655755997,
        "min": 7.32151699066,
        "var": 0.0166861992329
    },
    "spectral_flux": {
        "dmean": 0.0204809661955,
        "dmean2": 0.0326122529805,
        "dvar": 0.000502213020809,
        "dvar2": 0.00107186276,
        "max": 0.23906698823,
        "mean": 0.0939055383205,
        "median": 0.0907695963979,
        "min": 1.02978132965e-10,
        "var": 0.00164762046188
    },
    "spectral_kurtosis": {
        "dmean": 1.08402371407,
        "dmean2": 1.92031896114,
        "dvar": 0.855866611004,
        "dvar2": 2.6120634079,
        "max": 7.93937206268,
        "mean": 2.17570376396,
        "median": 1.95293235779,
        "min": -1.19259440899,
        "var": 1.55210042
    },
    "spectral_rms": {
        "dmean": 0.000656202784739,
        "dmean2": 0.00104451365769,
        "dvar": 4.61576149746e-07,
        "dvar2": 1.12655061457e-06,
        "max": 0.0089111989364,
        "mean": 0.00484994519502,
        "median": 0.00502713117748,
        "min": 3.21649651358e-12,
        "var": 2.62248886429e-06
    },
    "spectral_rolloff": {
        "dmean": 512.830383301,
        "dmean2": 821.83190918,
        "dvar": 476223.09375,
        "dvar2": 907656.125,
        "max": 18863.0859375,
        "mean": 2297.69165039,
        "median": 2476.31835938,
        "min": 86.1328125,
        "var": 1175877.25
    },
    "spectral_skewness": {
        "dmean": 0.142720997334,
        "dmean2": 0.243532732129,
        "dvar": 0.0136874141172,
        "dvar2": 0.0357234030962,
        "max": 2.07524633408,
        "mean": 0.936743617058,
        "median": 0.930791974068,
        "min": 0.0214179512113,
        "var": 0.0302958507091
    },
    "spectral_spread": {
        "dmean": 292150.125,
        "dmean2": 439324.71875,
        "dvar": 1.05781434778e+12,
        "dvar2": 1.08098551808e+12,
        "max": 39617244,
        "mean": 3741477.5,
        "median": 3572379.5,
        "min": 2475163.5,
        "var": 1.44096283853e+12
    },
    "spectral_strongpeak": {
        "dmean": 0.545760810375,
        "dmean2": 0.958165049553,
        "dvar": 0.795366227627,
        "dvar2": 2.15923500061,
        "max": 7.27927684784,
        "mean": 0.665693283081,
        "median": 0.279734939337,
        "min": 0,
        "var": 0.928678452969
    },
    "zerocrossingrate": {
        "dmean": 0.00908951461315,
        "dmean2": 0.0109097389504,
        "dvar": 0.000180873335921,
        "dvar2": 0.000202640367206,
        "max": 0.48681640625,
        "mean": 0.0780475884676,
        "median": 0.07666015625,
        "min": 0.017578125,
        "var": 0.000544416310731
    },
    "barkbands": {
        "dmean": [0.000458020484075, 0.00412680953741, 0.00140449428, 0.00109457829967, 0.00161626981571, 0.000917679863051, 0.000752113119233, 0.000382122438168, 0.000685729901306, 0.00185711262748, 0.000275528727798, 0.000423368328484, 0.000240250054048, 0.000509405217599, 0.000340713217156, 0.000429900159361, 0.000464458629722, 0.000380503042834, 0.000328689580783, 0.000226331772865, 9.50699177338e-05, 6.93298497936e-05, 7.00241580489e-05, 6.43159437459e-05, 1.25327196656e-05, 6.24390565918e-08, 7.14009402714e-08],
        "dmean2": [0.000744866032619, 0.00716625293717, 0.00239034928381, 0.00185419677291, 0.00284471339546, 0.00144697923679, 0.00122701725923, 0.000632871233393, 0.00115631415974, 0.00296674692072, 0.000446747464593, 0.000671854708344, 0.000400497083319, 0.000811469741166, 0.000579437008128, 0.000705896469299, 0.000788472010754, 0.000645045307465, 0.000535396800842, 0.000366671622032, 0.000157102709636, 0.00011477238877, 0.000110505461635, 9.74580470938e-05, 1.96766777663e-05, 1.04068625717e-07, 1.20378928159e-07],
        "dvar": [5.76216677928e-07, 5.46281771676e-05, 4.10445045418e-06, 1.72886416294e-06, 1.333619457e-05, 2.20832089326e-06, 1.80297638508e-06, 6.21127469458e-07, 1.12863506274e-06, 1.53364762809e-05, 7.20771254237e-07, 1.00970942185e-06, 2.86526642412e-07, 9.6478049727e-07, 2.44678318495e-07, 4.25799129289e-07, 3.90253319438e-07, 1.8281980374e-07, 1.43622628457e-07, 5.87002801922e-08, 1.05809121465e-08, 7.39894723267e-09, 9.36205601931e-09, 1.61795270515e-08, 9.89423765141e-10, 1.07792269373e-14, 1.29030629497e-14],
        "dvar2": [1.3854523786e-06, 0.000148323888425, 1.16952542157e-05, 4.69425640404e-06, 3.64794432244e-05, 5.37357982466e-06, 4.82107907374e-06, 1.55184238793e-06, 3.1618437788e-06, 3.6852525227e-05, 1.712149583e-06, 2.32139768741e-06, 6.88389775405e-07, 2.07387279261e-06, 6.54993982607e-07, 1.01940634067e-06, 1.06526158561e-06, 4.93284119329e-07, 3.89912145238e-07, 1.42814286619e-07, 2.79247984736e-08, 1.85033286471e-08, 2.39628246135e-08, 3.65476431341e-08, 1.86809079317e-09, 2.75531228828e-14, 3.46294953162e-14],
        "max": [0.00658363942057, 0.055830270052, 0.0193406641483, 0.0145268086344, 0.0329685546458, 0.0207586754113, 0.0193965155631, 0.0109118130058, 0.0136314658448, 0.0411719419062, 0.021522546187, 0.0166853815317, 0.00991280470043, 0.0158266983926, 0.00711692264304, 0.0094845816493, 0.00939570739865, 0.00440748082474, 0.00417074281722, 0.00326797622256, 0.0014243775513, 0.000977413612418, 0.00160889571998, 0.00218222662807, 0.000832121062558, 1.33616231324e-06, 1.15936074963e-06],
        "mean": [0.000477621157188, 0.00504593411461, 0.00253934273496, 0.00193691183813, 0.00190760404803, 0.00149228738155, 0.00105082790833, 0.000525096256752, 0.00107013829984, 0.00245513021946, 0.000400823890232, 0.0006324009737, 0.000397262017941, 0.000840678461827, 0.00065520015778, 0.000926094537135, 0.00105778221041, 0.000989613239653, 0.000883042870555, 0.000625946093351, 0.000293918012176, 0.000203547737328, 0.000194657637621, 0.000173461507075, 2.26799511438e-05, 8.70413998655e-08, 9.00151349015e-08],
        "median": [0.000143397483043, 0.0026907902211, 0.00182463170495, 0.00132372416556, 0.0011330395937, 0.000720799202099, 0.000598559214268, 0.000267879338935, 0.000708726234734, 0.000721327029169, 0.000269433978247, 0.000296463869745, 0.000282369728666, 0.000426980899647, 0.000500917376485, 0.000729899154976, 0.000932215538342, 0.00095144106308, 0.000831713376101, 0.000587579386774, 0.000267598166829, 0.000172262967681, 0.00016501492064, 0.000137583090691, 1.55676661961e-05, 4.12743190736e-08, 3.63260497238e-08],
        "min": [5.69423585545e-24, 1.39897444902e-23, 5.28489277629e-24, 2.28028764352e-23, 4.10890824259e-23, 1.323932951e-23, 3.27562026891e-23, 3.663161757e-23, 9.8253143238e-23, 4.67426560515e-23, 3.963032084e-23, 5.9487704251e-23, 5.97874082861e-23, 1.56898527058e-22, 1.02252907841e-22, 2.37679221661e-22, 9.59523578328e-23, 1.35367975978e-22, 3.92960091614e-22, 3.27933441538e-22, 4.33426586081e-22, 4.94730191337e-22, 6.41321045289e-22, 7.26129625809e-22, 1.44523033687e-21, 1.79536078442e-21, 2.43316287899e-21],
        "var": [6.39869597308e-07, 5.24784190929e-05, 6.21190201855e-06, 3.90365130443e-06, 9.99918574962e-06, 4.95714175486e-06, 1.92874790628e-06, 7.88625641235e-07, 1.52918391905e-06, 2.25162038987e-05, 7.05445359017e-07, 1.63261245234e-06, 3.29492706896e-07, 2.0614809273e-06, 3.78493098196e-07, 1.00219961041e-06, 8.45143631523e-07, 5.81107087783e-07, 4.73130597811e-07, 1.97829479021e-07, 3.34326948348e-08, 2.02430392449e-08, 2.23237748287e-08, 3.01915363821e-08, 1.60738677923e-09, 1.50015379486e-14, 1.7067324252e-14]
    },
    "erbbands": {
        "dmean": [0.117260873318, 0.978243052959, 1.59351158142, 2.60896730423, 5.66716194153, 4.90121603012, 3.06328392029, 9.1552028656, 12.4040870667, 8.29134750366, 9.16124629974, 13.9889249802, 62.3652992249, 22.7718715668, 9.69451618195, 19.5352020264, 11.1096544266, 23.8841762543, 16.879119873, 21.3453502655, 24.2209796906, 22.4685497284, 19.5416202545, 17.4709796906, 14.4546852112, 11.1835021973, 5.17552900314, 3.13785338402, 2.86310315132, 2.11577177048, 2.09685325623, 1.71279203892, 0.896790325642, 0.257145851851, 0.00995135121047, 0.00060136342654, 0.000123741396237, 4.15486429119e-05, 1.28405235955e-05, 8.9923687483e-06],
        "dmean2": [0.202321752906, 1.71762442589, 2.76244354248, 4.37574529648, 9.72132778168, 8.8131570816, 4.8253698349, 14.8937292099, 20.1738529205, 13.8164548874, 15.1618156433, 22.7946128845, 100.787261963, 36.0020103455, 15.6916379929, 30.7893867493, 18.3537597656, 38.5442352295, 27.3375053406, 35.3856430054, 40.2029724121, 38.2666625977, 33.1091537476, 28.9945449829, 24.2370815277, 17.9014110565, 8.76528453827, 5.0172662735, 4.74440908432, 3.47674036026, 3.30168890953, 2.59437513351, 1.35525262356, 0.39491122961, 0.0145699838176, 0.000908360118046, 0.000201556205866, 6.86804705765e-05, 2.08792152989e-05, 1.4407436538e-05],
        "dvar": [0.036977827549, 3.44160890579, 6.80637359619, 9.07967281342, 121.057327271, 137.594650269, 26.8002319336, 232.963882446, 476.955413818, 214.018768311, 372.389038086, 354.260925293, 15299.9121094, 3677.86572266, 561.179321289, 2243.69287109, 638.149658203, 2502.81762695, 1016.56231689, 947.165344238, 1427.26696777, 985.898132324, 527.696289062, 413.071350098, 276.348327637, 170.174987793, 30.2930297852, 11.8514881134, 12.1901798248, 8.14706707001, 10.4194574356, 11.3098039627, 2.62739038467, 0.438032120466, 0.00142635894008, 3.01575869344e-06, 4.03315780773e-08, 4.44452918913e-09, 3.28870930488e-10, 1.0444474452e-10],
        "dvar2": [0.095178052783, 9.40700054169, 18.6579875946, 24.5313587189, 320.774383545, 386.137451172, 60.2713813782, 581.263244629, 1273.68371582, 554.989685059, 932.69934082, 906.579956055, 36904.1132812, 8816.27148438, 1388.1484375, 5152.87548828, 1487.74182129, 5315.24609375, 2589.2109375, 2500.63720703, 3437.74633789, 2663.25512695, 1408.82751465, 1058.63085938, 737.462768555, 410.558776855, 81.4163284302, 30.0371570587, 31.4036140442, 21.0337638855, 26.8968219757, 28.757101059, 5.14608192444, 0.815820276737, 0.00207100226544, 4.66308165414e-06, 9.76998535407e-08, 1.16815010998e-08, 8.69983085572e-10, 2.60491600512e-10],
        "max": [1.46459829807, 12.8300571442, 24.4147586823, 41.1819763184, 103.870140076, 108.666984558, 83.7256469727, 176.378952026, 301.739074707, 147.800415039, 333.011169434, 211.90045166, 1194.32531738, 1036.11096191, 517.417724609, 719.257629395, 476.940338135, 879.792785645, 549.999389648, 347.988372803, 674.482177734, 529.61895752, 244.587554932, 238.575469971, 171.934616089, 208.703262329, 78.7404785156, 38.7461051941, 38.5575561523, 31.3165302277, 55.5859832764, 62.806137085, 25.2116661072, 16.2763519287, 0.978994071484, 0.0424934774637, 0.00226706825197, 0.000775694905315, 0.000217495078687, 9.82966739684e-05],
        "mean": [0.144013598561, 1.12245285511, 2.77371072769, 5.55917692184, 7.19503974915, 5.54253911972, 4.81537485123, 14.3657808304, 17.2871437073, 12.1718206406, 13.921585083, 23.4379425049, 81.1851196289, 36.6538887024, 17.493309021, 29.1499652863, 20.5867462158, 40.0121421814, 32.3810501099, 43.8378601074, 57.4685630798, 57.0381813049, 53.894569397, 48.9763793945, 40.7662277222, 30.3673801422, 16.1058616638, 9.41625022888, 7.89629459381, 5.87551641464, 5.69050168991, 4.32936573029, 2.39639210701, 0.553861558437, 0.0198719501495, 0.00129083520733, 0.000236939740716, 7.13543631718e-05, 3.25837863784e-05, 3.60398444172e-05],
        "median": [0.0589735656977, 0.606491565704, 1.95179152489, 4.35174179077, 4.4175362587, 3.30413937569, 2.77296829224, 6.77289009094, 9.32158756256, 6.72198200226, 7.98839616776, 15.6041717529, 27.3922328949, 15.8601999283, 12.682721138, 13.2309055328, 14.9463577271, 22.1807880402, 23.9306545258, 33.9217185974, 46.9846572876, 52.6120872498, 52.0728759766, 48.3686065674, 39.6500854492, 27.7106838226, 15.2297019958, 8.16480064392, 6.81235647202, 4.93792724609, 4.84491682053, 3.39456248283, 1.93533504009, 0.405647546053, 0.0130663905293, 0.000892490672413, 0.000151760556037, 4.29163337685e-05, 2.62697631115e-05, 3.51966009475e-05],
        "min": [5.72901536014e-22, 2.54598841622e-21, 7.01611364393e-21, 3.41661394395e-20, 9.3270262158e-20, 1.36322634897e-19, 1.38080548795e-19, 1.55906782134e-19, 2.60785593611e-19, 1.03699301037e-18, 7.73090962105e-19, 2.56786371805e-18, 1.20322849955e-18, 1.55069667599e-18, 2.00645913144e-18, 2.12909734265e-18, 2.91630383171e-18, 5.08599775126e-18, 7.20348747517e-18, 9.2845266582e-18, 1.20878194203e-17, 6.51086391927e-18, 7.71814684459e-18, 9.75299957094e-18, 2.13278594779e-17, 1.62064765944e-17, 2.38489637099e-17, 1.46280257341e-17, 1.58927948169e-17, 1.76434779156e-17, 1.77659353879e-17, 1.4475740129e-17, 1.35182206673e-17, 1.39057514756e-17, 1.06294842839e-17, 8.23047191032e-18, 3.34440412671e-18, 1.07004776804e-18, 2.93126752899e-19, 3.9378588989e-20],
        "var": [0.0447522364557, 2.84840083122, 8.04489135742, 24.2710113525, 107.904762268, 94.268081665, 50.1733932495, 482.322906494, 574.88861084, 253.388671875, 429.246337891, 583.174133301, 22083.4667969, 6737.03955078, 644.695495605, 3548.53637695, 782.583740234, 5043.86328125, 1380.71862793, 1684.73779297, 3738.42895508, 2277.21826172, 1739.85327148, 1347.296875, 928.507751465, 514.891845703, 102.818962097, 38.1699447632, 31.3895187378, 18.6388187408, 21.151512146, 18.5173072815, 5.69565200806, 0.733310699463, 0.00263204867952, 5.90460331296e-06, 7.28110904902e-08, 6.82778011907e-09, 6.74788558364e-10, 3.63227448119e-10]
    },
    "gfcc": {
        "mean": [9.55395126343, 108.646316528, -159.823471069, 72.5855484009, -68.1019973755, 23.0206241608, -30.5734233856, 5.79083156586, -4.29940319061, -21.3099784851, 3.15482568741, -20.6734981537, 3.2352771759],
        "cov": [[7459.40087891, 131.013320923, -501.567718506, -143.95300293, 73.6017150879, -86.8261642456, -56.3917922974, 86.1042556763, 1.97644531727, -89.2566146851, -45.3994789124, 36.7373695374, -46.1618652344], [131.013320923, 241.820404053, -2.63046455383, -28.0515213013, -5.19737672806, -0.974093675613, 60.2256126404, -13.3434553146, 42.2467880249, 11.3577003479, 25.640247345, -19.8664245605, 22.551448822], [-501.567718506, -2.63046455383, 223.175064087, 50.6151618958, -34.4899368286, 45.0535926819, 3.16453933716, -3.50699996948, 23.501789093, 40.8938827515, 7.65409946442, 1.25168323517, -9.42949008942], [-143.95300293, -28.0515213013, 50.6151618958, 140.967269897, 45.8957176208, -0.116140030324, -27.8285636902, 2.62903547287, 2.8118121624, -0.796675741673, 11.1011772156, 6.1485004425, 7.9068031311], [73.6017150879, -5.19737672806, -34.4899368286, 45.8957176208, 167.425247192, 2.12383747101, 26.2995014191, 33.5307884216, -9.73709774017, -19.8878746033, 4.01685571671, 13.6732234955, 20.3773574829], [-86.8261642456, -0.974093675613, 45.0535926819, -0.116140030324, 2.12383747101, 120.716827393, 60.4081420898, 8.69795894623, 5.89269399643, 10.8364295959, 3.16264081001, -19.1348361969, -7.55157852173], [-56.3917922974, 60.2256126404, 3.16453933716, -27.8285636902, 26.2995014191, 60.4081420898, 101.495407104, 25.0477161407, 18.9829006195, -1.56658065319, -1.90325570107, -12.6042366028, 4.99395561218], [86.1042556763, -13.3434553146, -3.50699996948, 2.62903547287, 33.5307884216, 8.69795894623, 25.0477161407, 72.3655395508, 24.8900413513, -0.404908120632, -2.11393165588, 5.04618167877, 16.2975158691], [1.97644531727, 42.2467880249, 23.501789093, 2.8118121624, -9.73709774017, 5.89269399643, 18.9829006195, 24.8900413513, 55.7773971558, 26.623884201, 10.4508314133, 0.228346437216, 6.23302602768], [-89.2566146851, 11.3577003479, 40.8938827515, -0.796675741673, -19.8878746033, 10.8364295959, -1.56658065319, -0.404908120632, 26.623884201, 52.5139274597, 25.7089385986, 2.15705609322, -4.17869758606], [-45.3994789124, 25.640247345, 7.65409946442, 11.1011772156, 4.01685571671, 3.16264081001, -1.90325570107, -2.11393165588, 10.4508314133, 25.7089385986, 47.4016227722, 21.35181427, 9.08227729797], [36.7373695374, -19.8664245605, 1.25168323517, 6.1485004425, 13.6732234955, -19.1348361969, -12.6042366028, 5.04618167877, 0.228346437216, 2.15705609322, 21.35181427, 50.1211242676, 21.7443161011], [-46.1618652344, 22.551448822, -9.42949008942, 7.9068031311, 20.3773574829, -7.55157852173, 4.99395561218, 16.2975158691, 6.23302602768, -4.17869758606, 9.08227729797, 21.7443161011, 43.4603309631]],
        "icov": [[0.000214925617911, -0.000745165743865, 0.000648055400234, -9.08090514713e-05, -7.2448588071e-06, -0.000583072425798, 0.000793904589955, -0.000816190615296, 0.000267131690634, -0.000343883875757, 0.00107124762144, -0.00140126701444, 0.00129485083744], [-0.000745165743865, 0.0141401356086, -0.00408005574718, 0.00315782264806, -0.000732092594262, 0.00746465753764, -0.00999821349978, 0.0115161258727, -0.0113868592307, 0.00883417483419, -0.0164768751711, 0.0181170236319, -0.0142564550042], [0.000648055400234, -0.00408005574718, 0.0094400420785, -0.00443108985201, 0.00199103495106, -0.00490809697658, 0.00257698399946, -0.00356446020305, 0.00255450955592, -0.00880196411163, 0.00984228402376, -0.00987753365189, 0.00658647855744], [-9.08090514713e-05, 0.00315782264806, -0.00443108985201, 0.0123838717118, -0.00480099115521, -4.36821537733e-05, 0.00440660584718, 0.00337994215079, -0.0067700301297, 0.00810089707375, -0.00854517985135, 0.0072837555781, -0.00458846380934], [-7.2448588071e-06, -0.000732092594262, 0.00199103495106, -0.00480099115521, 0.0096728252247, 0.00087528739823, -0.00421661091968, -0.00464926892892, 0.00551832467318, -0.00116543215699, 0.000657533004414, -0.00285954889841, -8.78107603057e-05], [-0.000583072425798, 0.00746465753764, -0.00490809697658, -4.36821537733e-05, 0.00087528739823, 0.0190251320601, -0.0153929954395, 0.00489851459861, -0.000357788085239, 0.00182042969391, -0.0114080617204, 0.0140574723482, -0.00714536197484], [0.000793904589955, -0.00999821349978, 0.00257698399946, 0.00440660584718, -0.00421661091968, -0.0153929954395, 0.0289039239287, -0.00937779247761, -0.00184321193956, 0.00154912052676, 0.00893562100828, -0.00918441265821, 0.00842760875821], [-0.000816190615296, 0.0115161258727, -0.00356446020305, 0.00337994215079, -0.00464926892892, 0.00489851459861, -0.00937779247761, 0.0309144742787, -0.0200197976083, 0.00907569844276, -0.00955759454519, 0.0135440621525, -0.0167503654957], [0.000267131690634, -0.0113868592307, 0.00255450955592, -0.0067700301297, 0.00551832467318, -0.000357788085239, -0.00184321193956, -0.0200197976083, 0.0454620011151, -0.0263931322843, 0.0147188873962, -0.0124793313444, 0.00715789292008], [-0.000343883875757, 0.00883417483419, -0.00880196411163, 0.00810089707375, -0.00116543215699, 0.00182042969391, 0.00154912052676, 0.00907569844276, -0.0263931322843, 0.052305907011, -0.035028450191, 0.0179510395974, -0.00389816029929], [0.00107124762144, -0.0164768751711, 0.00984228402376, -0.00854517985135, 0.000657533004414, -0.0114080617204, 0.00893562100828, -0.00955759454519, 0.0147188873962, -0.035028450191, 0.0628340542316, -0.0396094843745, 0.0148522248492], [-0.00140126701444, 0.0181170236319, -0.00987753365189, 0.0072837555781, -0.00285954889841, 0.0140574723482, -0.00918441265821, 0.0135440621525, -0.0124793313444, 0.0179510395974, -0.0396094843745, 0.0604915097356, -0.0330699197948], [0.00129485083744, -0.0142564550042, 0.00658647855744, -0.00458846380934, -8.78107603057e-05, -0.00714536197484, 0.00842760875821, -0.0167503654957, 0.00715789292008, -0.00389816029929, 0.0148522248492, -0.0330699197948, 0.0501994043589]]
    },
    "melbands": {
        "dmean": [0.00110371422488, 0.00096605316503, 0.000488680030685, 0.000412462482927, 0.000116853778309, 0.000205808377359, 0.000177999332664, 8.3486935182e-05, 7.82642018748e-05, 9.7076408565e-05, 0.000320267747156, 0.000105256345705, 3.72205358872e-05, 4.71938074043e-05, 3.59126133844e-05, 2.50118318945e-05, 5.10138306709e-05, 3.25674918713e-05, 2.47627831413e-05, 2.9770519177e-05, 3.3540512959e-05, 2.85128007818e-05, 2.38927077589e-05, 1.84851269296e-05, 1.57894137374e-05, 1.36267517519e-05, 1.02161366158e-05, 7.55755672799e-06, 4.20070819018e-06, 2.34312733483e-06, 1.96467135538e-06, 1.79292044322e-06, 1.4423386574e-06, 1.29002251015e-06, 1.29436546104e-06, 1.241425025e-06, 1.09049631192e-06, 7.72131727445e-07, 4.92858703183e-07, 1.36127070505e-07],
        "dmean2": [0.00191302841995, 0.00165099313017, 0.000830965407658, 0.000730382394977, 0.000189244528883, 0.000332119205268, 0.000289729650831, 0.000140624179039, 0.000130209577037, 0.000160975032486, 0.000517246080562, 0.000166800004081, 6.05920395174e-05, 7.49196260585e-05, 5.79976731387e-05, 4.10202119383e-05, 8.27423937153e-05, 5.20356807101e-05, 4.17818082497e-05, 4.92633080285e-05, 5.62299283047e-05, 4.85114615003e-05, 4.07723746321e-05, 3.17087142321e-05, 2.65015514742e-05, 2.23693568842e-05, 1.72181808011e-05, 1.22011961139e-05, 7.18865476301e-06, 3.88173930332e-06, 3.16914974974e-06, 2.96392749988e-06, 2.43353656515e-06, 2.11795031646e-06, 2.0604279598e-06, 1.96301243705e-06, 1.68795872924e-06, 1.18710693187e-06, 7.67353526498e-07, 2.17255831103e-07],
        "dvar": [3.51526000486e-06, 2.87017542178e-06, 3.43905696809e-07, 8.78422326878e-07, 3.60714764724e-08, 1.08922563413e-07, 9.44458307117e-08, 2.30741186158e-08, 2.50297702564e-08, 1.82484001243e-08, 4.10464338074e-07, 8.50446042477e-08, 1.216777612e-08, 1.42329250608e-08, 4.91168972161e-09, 3.43085959642e-09, 1.24386678735e-08, 4.19430712384e-09, 1.15761011887e-09, 1.83568993339e-09, 2.5421962313e-09, 1.90320403881e-09, 8.20328749374e-10, 4.53285048385e-10, 3.54194562568e-10, 2.64311461606e-10, 1.32611727155e-10, 8.6142051825e-11, 2.08119962236e-11, 6.79025238814e-12, 5.07069299743e-12, 4.82634114965e-12, 3.3973175835e-12, 2.7628517963e-12, 3.16375831783e-12, 7.22986297566e-12, 3.59069805139e-12, 1.72102165418e-12, 9.82533173745e-13, 1.98989845326e-13],
        "dvar2": [9.51189304033e-06, 7.72753446654e-06, 9.03493969417e-07, 2.40527265305e-06, 8.89387692382e-08, 2.71658961992e-07, 2.52180825555e-07, 5.85072257309e-08, 6.32220107377e-08, 4.89891291977e-08, 9.90811258816e-07, 2.03594723303e-07, 3.02365315008e-08, 3.33171925604e-08, 1.15644729348e-08, 8.70515393103e-09, 2.66783413139e-08, 1.0408072626e-08, 3.07355096929e-09, 4.58773907752e-09, 6.37013419791e-09, 5.22712273465e-09, 2.2232837793e-09, 1.20879872778e-09, 9.21597187453e-10, 7.27537363687e-10, 3.47915418697e-10, 2.08099246168e-10, 5.79374569154e-11, 1.82648670494e-11, 1.31903247005e-11, 1.25932701767e-11, 8.70030783529e-12, 7.37147322349e-12, 8.12721157734e-12, 1.93481359406e-11, 8.94009258984e-12, 3.54826346256e-12, 2.19723241338e-12, 3.40734574887e-13],
        "max": [0.0146018657833, 0.01347704418, 0.00583265069872, 0.00846023764461, 0.00247292406857, 0.00390977179632, 0.00435748882592, 0.00163533759769, 0.00282562477514, 0.00154785159975, 0.00604935362935, 0.00444850325584, 0.00266819470562, 0.00222339481115, 0.00108923169319, 0.00113847269677, 0.002001990797, 0.000997250434011, 0.000477900524857, 0.000609395152424, 0.000816537940409, 0.000711403263267, 0.000251549296081, 0.000215768406633, 0.000228264325415, 0.000154658671818, 0.000124290876556, 0.0001580008975, 5.05240241182e-05, 3.25383916788e-05, 2.46371200774e-05, 2.50223074545e-05, 1.7304899302e-05, 1.99082714971e-05, 2.59456537606e-05, 5.54127436772e-05, 3.09098031721e-05, 1.86520464922e-05, 2.12484865187e-05, 1.11061299322e-05],
        "mean": [0.00137226446532, 0.00152263301425, 0.00100425491109, 0.000482227478642, 0.000175953959115, 0.00032718811417, 0.000252689234912, 0.000122405515867, 0.000117773844977, 0.000155252506374, 0.000411606219131, 0.000156718364451, 5.68611612835e-05, 6.98931544321e-05, 5.71258133277e-05, 4.20528303948e-05, 8.12774014776e-05, 5.33330603503e-05, 4.9690814194e-05, 6.0125868913e-05, 7.07153085386e-05, 6.09219059697e-05, 5.39277280041e-05, 4.45980294899e-05, 3.89837623516e-05, 3.2907595596e-05, 2.49766144407e-05, 1.86356228369e-05, 1.12000770969e-05, 6.38239089312e-06, 5.07057984578e-06, 4.5286110435e-06, 3.65072173736e-06, 3.12980137096e-06, 3.30039392793e-06, 2.92390745926e-06, 2.55955751527e-06, 1.85343276371e-06, 1.09364953005e-06, 2.20904198045e-07],
        "median": [0.000665609491989, 0.00107075716369, 0.000829126918688, 0.000286739727017, 0.000104799109977, 0.000159632851137, 0.000146710633999, 6.59615761833e-05, 6.85170452925e-05, 0.000104038474092, 0.000136096641654, 5.84399385843e-05, 3.89617889596e-05, 3.37935052812e-05, 3.40074075211e-05, 2.93033917842e-05, 4.05036043958e-05, 3.47199020325e-05, 3.83730402973e-05, 4.72483006888e-05, 5.54107682547e-05, 5.10962745466e-05, 4.73810832773e-05, 4.1912040615e-05, 3.65129490092e-05, 2.9889983125e-05, 2.29143479373e-05, 1.66556365002e-05, 1.03415241028e-05, 5.76662614549e-06, 4.15062095271e-06, 3.81007816941e-06, 2.99341809296e-06, 2.56714679381e-06, 2.80473727798e-06, 2.26789870794e-06, 1.97763029064e-06, 1.43603585911e-06, 8.40142831748e-07, 1.33935586177e-07],
        "min": [4.55879403911e-24, 3.31260995675e-24, 8.39478717407e-24, 8.31846803694e-24, 6.06491094519e-24, 3.07348018397e-24, 4.76135064261e-24, 1.11968542416e-23, 8.53360302756e-24, 1.49371222611e-23, 6.06265125313e-24, 6.82221268104e-24, 5.84608645211e-24, 7.89729362192e-24, 4.94466180103e-24, 6.80155241393e-24, 9.80573116738e-24, 1.3224550201e-23, 9.07233270582e-24, 1.41610835011e-23, 1.33230087194e-23, 6.02302243112e-24, 6.10692054941e-24, 6.9865000643e-24, 6.92643461725e-24, 1.91789220118e-23, 7.89083758427e-24, 1.21092089549e-23, 1.72439503409e-23, 9.85607942579e-24, 8.88670032418e-24, 9.47309850036e-24, 8.77294027076e-24, 1.02461261784e-23, 9.706387547e-24, 9.28862574425e-24, 9.07894414906e-24, 7.93788288207e-24, 1.35147981604e-23, 1.07618297956e-23],
        "var": [3.77417995878e-06, 2.82917130789e-06, 6.89464570769e-07, 6.52566257031e-07, 5.58162689401e-08, 2.29672153296e-07, 1.13421002368e-07, 2.8589342449e-08, 2.75639546743e-08, 2.81682446257e-08, 5.87001864005e-07, 1.41969252354e-07, 1.16024923003e-08, 2.17629452237e-08, 7.57555973507e-09, 3.68717234522e-09, 2.4418854494e-08, 5.25573851107e-09, 1.99254901467e-09, 3.45492057185e-09, 5.96890981086e-09, 3.31272476117e-09, 2.10301243087e-09, 1.2395112714e-09, 9.45274192254e-10, 7.43776040757e-10, 3.48826939556e-10, 2.18123977214e-10, 5.91273557893e-11, 1.67214922464e-11, 1.35592561484e-11, 1.13045640557e-11, 7.2989548433e-12, 5.87986950795e-12, 6.80207366127e-12, 9.43342712972e-12, 6.47100472165e-12, 3.57045838208e-12, 1.58161721567e-12, 3.11714169017e-13]
    },
    "mfcc": {
        "mean": [-598.300292969, 95.7734146118, -11.7302179337, 32.2688941956, 6.46251821518, 5.51559305191, 0.509558618069, 13.5832967758, 0.176225423813, 10.8488397598, -5.44228410721, 1.9366850853, -5.27995872498],
        "cov": [[6116.55419922, 315.858703613, -533.489929199, -9.08650016785, -17.012966156, -126.411804199, -75.5387268066, 90.9334793091, -36.577419281, 5.369389534, -88.1963577271, 17.3210315704, -24.3856582642], [315.858703613, 255.056411743, -23.4879608154, -19.0914363861, -49.2127456665, 10.898648262, 9.98858165741, 3.26403808594, 22.404006958, 28.0139560699, 21.4875488281, 6.52055931091, 2.52655434608], [-533.489929199, -23.4879608154, 275.493225098, -23.0872554779, -38.7353477478, 53.2527046204, -22.0718574524, -32.1428146362, 1.96726167202, 4.1820268631, 36.7474708557, 36.2785758972, 19.1295585632], [-9.08650016785, -19.0914363861, -23.0872554779, 136.774520874, 75.1433181763, -19.3056735992, -9.92803668976, 4.18337154388, -3.67086172104, -14.5154266357, -15.2762269974, -4.49155902863, 12.063999176], [-17.012966156, -49.2127456665, -38.7353477478, 75.1433181763, 114.519203186, -7.76134443283, 18.1544361115, 12.7742233276, 1.76247119904, -8.29588317871, -11.8828659058, -7.10674619675, 8.11487579346], [-126.411804199, 10.898648262, 53.2527046204, -19.3056735992, -7.76134443283, 93.7579574585, 37.608291626, 6.37751626968, 1.94307947159, 9.02450752258, 18.7724552155, 15.1158771515, -2.92413640022], [-75.5387268066, 9.98858165741, -22.0718574524, -9.92803668976, 18.1544361115, 37.608291626, 77.9347991943, 34.437789917, 15.8009777069, 14.4386491776, 6.61748170853, -4.60199356079, -6.11785459518], [90.9334793091, 3.26403808594, -32.1428146362, 4.18337154388, 12.7742233276, 6.37751626968, 34.437789917, 65.412437439, 31.053691864, 12.4873361588, -5.58894777298, -4.0691242218, -5.02206420898], [-36.577419281, 22.404006958, 1.96726167202, -3.67086172104, 1.76247119904, 1.94307947159, 15.8009777069, 31.053691864, 59.8867073059, 27.7161254883, 10.0758724213, -3.98251795769, -1.41771233082], [5.369389534, 28.0139560699, 4.1820268631, -14.5154266357, -8.29588317871, 9.02450752258, 14.4386491776, 12.4873361588, 27.7161254883, 57.5087013245, 20.3631057739, -0.660860955715, -6.92452049255], [-88.1963577271, 21.4875488281, 36.7474708557, -15.2762269974, -11.8828659058, 18.7724552155, 6.61748170853, -5.58894777298, 10.0758724213, 20.3631057739, 47.0020942688, 19.7232532501, 2.96600103378], [17.3210315704, 6.52055931091, 36.2785758972, -4.49155902863, -7.10674619675, 15.1158771515, -4.60199356079, -4.0691242218, -3.98251795769, -0.660860955715, 19.7232532501, 48.6400604248, 23.5213088989], [-24.3856582642, 2.52655434608, 19.1295585632, 12.063999176, 8.11487579346, -2.92413640022, -6.11785459518, -5.02206420898, -1.41771233082, -6.92452049255, 2.96600103378, 23.5213088989, 47.0700874329]],
