{
"lowlevel": {
    "average_loudness": 0.931622862816,
    "barkbands_crest": {
        "dmean": 3.34446525574,
        "dmean2": 5.56093549728,
        "dvar": 8.61018466949,
        "dvar2": 23.6406955719,
        "max": 26.0187034607,
        "mean": 10.5324993134,
        "median": 9.71718597412,
        "min": 2.3526558876,
        "var": 18.2151546478
    },
    "barkbands_flatness_db": {
        "dmean": 0.0244900099933,
        "dmean2": 0.0387358851731,
        "dvar": 0.000475034001283,
        "dvar2": 0.00117423012853,
        "max": 0.338737785816,
        "mean": 0.175481781363,
        "median": 0.173176348209,
        "min": 0.0675008147955,
        "var": 0.00155613373499
    },
    "barkbands_kurtosis": {
        "dmean": 2.7702331543,
        "dmean2": 4.34149932861,
        "dvar": 21.3966388702,
        "dvar2": 48.0922584534,
        "max": 87.0466308594,
        "mean": 3.00810265541,
        "median": 1.06492376328,
        "min": -1.90004992485,
        "var": 38.4738960266
    },
    "barkbands_skewness": {
        "dmean": 0.618592083454,
        "dmean2": 0.92206966877,
        "dvar": 0.388498514891,
        "dvar2": 0.822021305561,
        "max": 8.12557125092,
        "mean": 1.19632518291,
        "median": 1.0437425375,
        "min": -2.04403162003,
        "var": 1.38220000267
    },
    "barkbands_spread": {
        "dmean": 6.38945245743,
        "dmean2": 9.73239898682,
        "dvar": 57.4452285767,
        "dvar2": 115.079841614,
        "max": 100.495941162,
        "mean": 21.7662067413,
        "median": 19.1987361908,
        "min": 2.1753590107,
        "var": 165.839401245
    },
    "dissonance": {
        "dmean": 0.0246380902827,
        "dmean2": 0.0404914170504,
        "dvar": 0.000539241125807,
        "dvar2": 0.00140451826155,
        "max": 0.499994844198,
        "mean": 0.45133420825,
        "median": 0.458477556705,
        "min": 0.284764170647,
        "var": 0.00110131956171
    },
    "dynamic_complexity": 2.62749099731,
    "erbbands_crest": {
        "dmean": 3.47791695595,
        "dmean2": 5.49644041061,
        "dvar": 10.0260105133,
        "dvar2": 24.2267131805,
        "max": 31.3199710846,
        "mean": 10.4294567108,
        "median": 9.35085678101,
        "min": 2.69444823265,
        "var": 24.4007167816
    },
    "erbbands_flatness_db": {
        "dmean": 0.0212571658194,
        "dmean2": 0.0297645330429,
        "dvar": 0.00039983636816,
        "dvar2": 0.000701498007402,
        "max": 0.365371674299,
        "mean": 0.208118185401,
        "median": 0.206477493048,
        "min": 0.102290444076,
        "var": 0.00182116555516
    },
    "erbbands_kurtosis": {
        "dmean": 1.26827836037,
        "dmean2": 1.97839856148,
        "dvar": 3.97429919243,
        "dvar2": 9.37669849396,
        "max": 25.2178440094,
        "mean": 0.589124202728,
        "median": -0.255619287491,
        "min": -1.83846354485,
        "var": 6.98948669434
    },
    "erbbands_skewness": {
        "dmean": 0.479768425226,
        "dmean2": 0.724772691727,
        "dvar": 0.219094514847,
        "dvar2": 0.463422268629,
        "max": 4.40100240707,
        "mean": 0.362152218819,
        "median": 0.360525041819,
        "min": -3.88726592064,
        "var": 0.6914935112
    },
    "erbbands_spread": {
        "dmean": 9.84819221497,
        "dmean2": 13.9199409485,
        "dvar": 104.055229187,
        "dvar2": 219.446411133,
        "max": 137.260665894,
        "mean": 36.4000091553,
        "median": 34.1996994019,
        "min": 3.38220739365,
        "var": 366.436065674
    },
    "hfc": {
        "dmean": 7.55518007278,
        "dmean2": 10.1540203094,
        "dvar": 100.504020691,
        "dvar2": 173.04347229,
        "max": 244.297439575,
        "mean": 20.8353443146,
        "median": 16.6595592499,
        "min": 0.000549649528693,
        "var": 360.119293213
    },
    "melbands_crest": {
        "dmean": 3.87127685547,
        "dmean2": 6.37410020828,
        "dvar": 10.8241109848,
        "dvar2": 28.3910636902,
        "max": 33.2795448303,
        "mean": 13.6252965927,
        "median": 12.788351059,
        "min": 3.5404188633,
        "var": 28.0584316254
    },
    "melbands_flatness_db": {
        "dmean": 0.0290865823627,
        "dmean2": 0.0439519360662,
        "dvar": 0.000721159158275,
        "dvar2": 0.00163128320128,
        "max": 0.392028808594,
        "mean": 0.198610574007,
        "median": 0.197625890374,
        "min": 0.0396120995283,
        "var": 0.00291335536167
    },
    "melbands_kurtosis": {
        "dmean": 7.18177509308,
        "dmean2": 11.2338647842,
        "dvar": 179.444076538,
        "dvar2": 395.870819092,
        "max": 288.634033203,
        "mean": 10.5552339554,
        "median": 4.68778705597,
        "min": -1.82052242756,
        "var": 331.384979248
    },
    "melbands_skewness": {
        "dmean": 0.843876123428,
        "dmean2": 1.26765835285,
        "dvar": 0.835641562939,
        "dvar2": 1.77721524239,
        "max": 16.1666965485,
        "mean": 2.15618848801,
        "median": 1.84622764587,
        "min": -1.366558671,
        "var": 2.87161850929
    },
    "melbands_spread": {
        "dmean": 9.05693531036,
        "dmean2": 13.4854764938,
        "dvar": 175.102035522,
        "dvar2": 347.733001709,
        "max": 217.011489868,
        "mean": 26.3551082611,
        "median": 22.3366737366,
        "min": 1.36662971973,
        "var": 441.477020264
    },
    "pitch_salience": {
        "dmean": 0.0821867063642,
        "dmean2": 0.134296387434,
        "dvar": 0.0051412419416,
        "dvar2": 0.0136199546978,
        "max": 0.822418928146,
        "mean": 0.5232411623,
        "median": 0.520309627056,
        "min": 0.084717489779,
        "var": 0.0120878759772
    },
    "silence_rate_20dB": {
        "dmean": 0,
        "dmean2": 0,
        "dvar": 0,
        "dvar2": 0,
        "max": 1,
        "mean": 1,
        "median": 1,
        "min": 1,
        "var": 0
    },
    "silence_rate_30dB": {
        "dmean": 0.00774593325332,
        "dmean2": 0.0154978688806,
        "dvar": 0.00768585316837,
        "dvar2": 0.0222318377346,
        "max": 1,
        "mean": 0.99574136734,
        "median": 1,
        "min": 0,
        "var": 0.00424046302214
    },
    "silence_rate_60dB": {
        "dmean": 0.0286599528044,
        "dmean2": 0.0573421157897,
        "dvar": 0.0278381947428,
        "dvar2": 0.0649017393589,
        "max": 1,
        "mean": 0.0402632579207,
        "median": 0,
        "min": 0,
        "var": 0.038641706109
    },
    "spectral_centroid": {
        "dmean": 316.52633667,
        "dmean2": 460.870239258,
        "dvar": 112105.210938,
        "dvar2": 216291.734375,
        "max": 4346.06933594,
        "mean": 1470.52905273,
        "median": 1389.03833008,
        "min": 311.283599854,
        "var": 389604.96875
    },
    "spectral_complexity": {
        "dmean": 4.17893123627,
        "dmean2": 5.71406412125,
        "dvar": 24.2073230743,
        "dvar2": 36.1700630188,
        "max": 62,
        "mean": 17.0627174377,
        "median": 15,
        "min": 0,
        "var": 104.945991516
    },
    "spectral_decrease": {
        "dmean": 2.83742340734e-09,
        "dmean2": 4.60414728565e-09,
        "dvar": 1.7913989137e-17,
        "dvar2": 4.57347234238e-17,
        "max": -2.56849012545e-13,
        "mean": -6.55328413757e-09,
        "median": -4.96140106776e-09,
        "min": -4.41274998764e-08,
        "var": 3.36738345228e-17
    },
    "spectral_energy": {
        "dmean": 0.0112298689783,
        "dmean2": 0.0180311612785,
        "dvar": 0.000265887007117,
        "dvar2": 0.000671523681376,
        "max": 0.169565990567,
        "mean": 0.0266234595329,
        "median": 0.0205030068755,
        "min": 1.01925388662e-06,
        "var": 0.000522959860973
    },
    "spectral_energyband_high": {
        "dmean": 0.000478255562484,
        "dmean2": 0.000635585340206,
        "dvar": 1.11207930331e-06,
        "dvar2": 1.80599499799e-06,
        "max": 0.0304323751479,
        "mean": 0.000856480561197,
        "median": 0.000295492092846,
        "min": 1.75082313092e-08,
        "var": 3.32719264406e-06
    },
    "spectral_energyband_low": {
        "dmean": 0.00592851918191,
        "dmean2": 0.0105372751132,
        "dvar": 0.000188791425899,
        "dvar2": 0.000517892767675,
        "max": 0.134758114815,
        "mean": 0.00868921354413,
        "median": 0.00223878608085,
        "min": 5.05325601807e-07,
        "var": 0.000252926955
    },
    "spectral_energyband_middle_high": {
        "dmean": 0.00270030787215,
        "dmean2": 0.00381929380819,
        "dvar": 1.44206915138e-05,
        "dvar2": 2.90041261906e-05,
        "max": 0.0464110523462,
        "mean": 0.00678455503657,
        "median": 0.00402159709483,
        "min": 8.19131074081e-08,
        "var": 5.42928173672e-05
    },
    "spectral_energyband_middle_low": {
        "dmean": 0.00548804318532,
        "dmean2": 0.00875015277416,
        "dvar": 5.62350614928e-05,
        "dvar2": 0.000135349822813,
        "max": 0.0682529583573,
        "mean": 0.0108053898439,
        "median": 0.00786346010864,
        "min": 4.18337236852e-07,
        "var": 9.81419216259e-05
    },
    "spectral_entropy": {
        "dmean": 0.190349340439,
        "dmean2": 0.263919144869,
        "dvar": 0.0316687487066,
        "dvar2": 0.0577729679644,
        "max": 8.40535736084,
        "mean": 7.41411781311,
        "median": 7.39781856537,
        "min": 5.79280757904,
        "var": 0.139867201447
    },
    "spectral_flux": {
        "dmean": 0.0318553596735,
        "dmean2": 0.0488617755473,
        "dvar": 0.00112148595508,
        "dvar2": 0.00256512640044,
        "max": 0.360110670328,
        "mean": 0.099627956748,
        "median": 0.0935319513083,
        "min": 0.00100958102848,
        "var": 0.0028238389641
    },
    "spectral_kurtosis": {
        "dmean": 1.97094202042,
        "dmean2": 3.35213685036,
        "dvar": 3.40856766701,
        "dvar2": 9.51232528687,
        "max": 20.125169754,
        "mean": 2.94350290298,
        "median": 2.33734226227,
        "min": -1.27124762535,
        "var": 6.57886314392
    },
    "spectral_rms": {
        "dmean": 0.000986761180684,
        "dmean2": 0.00150888087228,
        "dvar": 1.29872262278e-06,
        "dvar2": 2.94986239169e-06,
        "max": 0.0128619680181,
        "mean": 0.00466933427379,
        "median": 0.00447246385738,
        "min": 3.15340148518e-05,
        "var": 4.17141700382e-06
    },
    "spectral_rolloff": {
        "dmean": 553.159912109,
        "dmean2": 907.999389648,
        "dvar": 850053.375,
        "dvar2": 1776254.5,
        "max": 9280.81054688,
        "mean": 1545.48120117,
        "median": 1162.79296875,
        "min": 86.1328125,
        "var": 1812187.875
    },
    "spectral_skewness": {
        "dmean": 0.283578157425,
        "dmean2": 0.437382370234,
        "dvar": 0.0545165911317,
        "dvar2": 0.130603641272,
        "max": 3.54719924927,
        "mean": 1.10011196136,
        "median": 1.08199703693,
        "min": -0.198969721794,
        "var": 0.199374914169
    },
    "spectral_spread": {
        "dmean": 447354.75,
        "dmean2": 612789.3125,
        "dvar": 266751475712,
        "dvar2": 460997754880,
        "max": 11452232,
        "mean": 3695762.25,
        "median": 3477093.75,
        "min": 1861394.5,
        "var": 1.1177885696e+12
    },
    "spectral_strongpeak": {
        "dmean": 0.715910613537,
        "dmean2": 1.18007338047,
        "dvar": 0.913948833942,
        "dvar2": 2.27432394028,
        "max": 9.73910331726,
        "mean": 1.19379854202,
        "median": 0.729703009129,
        "min": 0.000385684601497,
        "var": 1.66358911991
    },
    "zerocrossingrate": {
        "dmean": 0.0107779288664,
        "dmean2": 0.0121848965064,
        "dvar": 0.000165903460584,
        "dvar2": 0.000185724435141,
        "max": 0.26025390625,
        "mean": 0.0573623664677,
        "median": 0.05126953125,
        "min": 0.00927734375,
        "var": 0.000904063286725
    },
    "barkbands": {
        "dmean": [0.00015324006381, 0.0049860086292, 0.0014371376019, 0.000747283454984, 0.00187468866352, 0.00191203993745, 0.000740000337828, 0.00116680690553, 0.00180692144204, 0.000846383452881, 0.000879010534845, 0.000625860469881, 0.000554746540729, 0.000418705836637, 0.00030135261477, 0.00032475302578, 0.000310989329591, 0.000247154850513, 0.000231982339756, 0.000171598920133, 0.000168671685969, 0.000148246821482, 9.42192200455e-05, 5.1957940741e-05, 1.03057454908e-05, 1.19539125265e-08, 6.76770639529e-09],
        "dmean2": [0.00023300840985, 0.00881292205304, 0.00250718998723, 0.00129416119307, 0.00318725197576, 0.00303222099319, 0.00117452954873, 0.00186752947047, 0.00289945211262, 0.00131659267936, 0.00136900017969, 0.000977260991931, 0.000871620548423, 0.00062716845423, 0.000462593190605, 0.000501207017805, 0.000463383010356, 0.000384888495319, 0.000350801885361, 0.000252454279689, 0.000227565658861, 0.000202444687602, 0.000132938293973, 7.2443515819e-05, 1.51960957737e-05, 1.86434938598e-08, 1.17226113261e-08],
        "dvar": [1.06551873102e-07, 0.000130445725517, 1.44158766489e-05, 3.25670112034e-06, 2.56431758316e-05, 1.39660369314e-05, 2.22746280087e-06, 7.73447845859e-06, 1.44690084198e-05, 5.02993452756e-06, 4.10462098444e-06, 2.32149977819e-06, 2.41907741838e-06, 1.19613184779e-06, 4.07636036925e-07, 4.91480250275e-07, 4.44169728553e-07, 2.66260343551e-07, 2.19933411927e-07, 7.90530378936e-08, 9.62949044947e-08, 1.36413220275e-07, 1.35271449153e-07, 3.09765368911e-08, 1.62318070096e-09, 2.98124723083e-15, 3.19962481836e-15],
        "dvar2": [2.26412964821e-07, 0.000372782727936, 3.95098431909e-05, 8.82896074472e-06, 7.16297290637e-05, 3.26805129589e-05, 5.522180345e-06, 1.92398747458e-05, 3.55309639417e-05, 1.16785731734e-05, 9.51227048063e-06, 5.46542196389e-06, 5.55500719202e-06, 2.56549174082e-06, 9.18189243748e-07, 1.13040107408e-06, 9.70718019744e-07, 6.21574315574e-07, 5.40182554687e-07, 1.63396734365e-07, 1.67182605537e-07, 2.82597227397e-07, 2.71744482916e-07, 5.41086606631e-08, 3.33870331382e-09, 6.86291970722e-15, 8.05262195087e-15],
        "max": [0.00452699093148, 0.106200322509, 0.0415702648461, 0.019645113498, 0.0550329834223, 0.0494790971279, 0.0284399334341, 0.0370173454285, 0.0399851761758, 0.0328783765435, 0.0302783008665, 0.0260976422578, 0.0243867263198, 0.0235485155135, 0.0114423353225, 0.00962398201227, 0.00977167207748, 0.00756295630708, 0.0107443640009, 0.00478713726625, 0.00684575224295, 0.0102284885943, 0.00993249379098, 0.0055532711558, 0.00120427517686, 1.7437613451e-06, 2.09217569136e-06],
        "mean": [0.000234136852669, 0.00631595076993, 0.00177698174957, 0.000794108782429, 0.00235760281794, 0.00261916592717, 0.00116288824938, 0.00144432520028, 0.00218049669638, 0.00125047564507, 0.00124617386609, 0.00084766728105, 0.000709225074388, 0.000648972694762, 0.000413018744439, 0.000438974791905, 0.000437676644651, 0.000349119218299, 0.00038555226638, 0.00031258285162, 0.000262903195107, 0.000210600032005, 0.000131522407173, 8.03842849564e-05, 1.29175659822e-05, 1.27612098666e-08, 4.86335771654e-09],
        "median": [5.01478862134e-05, 0.00126584619284, 0.000685769715346, 0.000266092771199, 0.000984897371382, 0.000943167950027, 0.000314766628435, 0.000434046407463, 0.000481550145196, 0.000215186082642, 0.000250315963058, 0.000185542798135, 0.00011224730406, 0.000101502926555, 0.000103624261101, 0.000111636974907, 9.59329336183e-05, 0.000114752692753, 0.000165513920365, 0.00015875545796, 8.19152774056e-05, 2.8389498766e-05, 1.83184947673e-05, 1.86091911019e-05, 1.71589783804e-06, 1.92806171029e-09, 3.41700945317e-10],
        "min": [2.12577209169e-08, 9.03493599935e-08, 1.08741623706e-07, 4.58837874362e-08, 5.40797948645e-08, 1.35926940814e-08, 6.53869580702e-09, 2.59048995588e-08, 5.27438999143e-08, 1.19408860577e-09, 1.38498403857e-08, 9.78965575271e-10, 1.0845283005e-10, 3.16362980257e-09, 1.53114299017e-09, 1.72170153689e-08, 2.25097700479e-08, 2.44149234163e-09, 1.03284616415e-08, 1.00278008119e-08, 2.57877408316e-09, 3.00594438229e-09, 1.26424204439e-09, 4.92040963529e-10, 6.10205679388e-12, 4.10186988542e-12, 4.95278904694e-12],
        "var": [2.18132910845e-07, 0.000155690315296, 1.40686533996e-05, 2.77949243355e-06, 2.19824396481e-05, 2.30666573771e-05, 4.46345393357e-06, 9.43645409279e-06, 1.89797447092e-05, 9.34274794417e-06, 7.41685744288e-06, 3.61566981155e-06, 3.49547030964e-06, 3.30149032379e-06, 8.1114421846e-07, 7.54389418489e-07, 8.14767020074e-07, 4.09160236359e-07, 3.36909039333e-07, 2.19839947135e-07, 2.31206442436e-07, 2.95227636116e-07, 3.0068517276e-07, 7.45511883338e-08, 2.54072429762e-09, 3.31994267215e-15, 2.40931766759e-15]
    },
    "erbbands": {
        "dmean": [0.129155442119, 1.19645094872, 1.9686113596, 1.71350848675, 4.24858665466, 6.9259724617, 12.0632514954, 16.6648006439, 9.75053215027, 15.1325778961, 29.2359085083, 42.2225723267, 28.2460327148, 29.464761734, 31.9213600159, 22.1935825348, 23.1476287842, 19.6842803955, 19.8542289734, 13.6582632065, 15.7061738968, 17.5169448853, 12.7765884399, 13.2943124771, 9.50014781952, 8.16839122772, 7.3117480278, 6.06189775467, 5.24097394943, 3.72736501694, 2.67610645294, 1.49075090885, 0.684609949589, 0.217573031783, 0.0121872378513, 0.000576518010348, 4.81240058434e-05, 1.06712359411e-05, 7.43513783164e-06, 1.32071181724e-05],
        "dmean2": [0.212981194258, 2.17092752457, 3.52282524109, 2.90011358261, 7.37108230591, 12.0078496933, 18.4118499756, 26.7184753418, 15.7858724594, 23.8575763702, 46.1878128052, 67.1877441406, 44.6542320251, 44.4612617493, 49.843536377, 34.0919494629, 36.1905899048, 30.429397583, 29.3191509247, 20.7065067291, 23.304807663, 26.2741336823, 19.2921485901, 20.3981208801, 14.1754770279, 12.0584621429, 10.2223939896, 8.33695697784, 7.21373081207, 5.1410369873, 3.82153844833, 2.10173511505, 0.973249614239, 0.312525123358, 0.0176442526281, 0.000816544285044, 6.69918517815e-05, 1.51401263793e-05, 1.10045821202e-05, 2.06571257877e-05],
        "dvar": [0.0771908834577, 8.31060886383, 27.231212616, 18.6556491852, 86.7125244141, 549.354797363, 602.871704102, 1326.86682129, 358.137390137, 874.371887207, 4934.60205078, 8819.50488281, 5537.40185547, 4703.55712891, 6109.46044922, 2973.66210938, 4387.51416016, 2618.40576172, 2391.38061523, 709.032104492, 1049.35229492, 1506.86010742, 764.458068848, 954.575500488, 229.58757019, 215.001403809, 208.878265381, 125.790748596, 143.522094727, 153.261993408, 109.725723267, 32.6040267944, 4.96547746658, 0.630437910557, 0.00487739313394, 8.70784879226e-06, 3.31914726814e-08, 2.00700678299e-09, 2.211185679e-10, 3.39951372608e-10],
        "dvar2": [0.199214190245, 24.0923423767, 75.9101333618, 48.8057746887, 239.727920532, 1552.76049805, 1297.23828125, 3250.30493164, 892.283325195, 2123.47631836, 11868.0957031, 21142.7519531, 13774.1669922, 11007.6601562, 15051.8046875, 6869.30810547, 10499.2265625, 5974.34423828, 5479.64990234, 1565.22192383, 2315.0456543, 3426.37036133, 1686.89001465, 2412.36572266, 526.208007812, 472.597686768, 377.974700928, 242.914321899, 294.423614502, 304.522735596, 225.37538147, 57.9994621277, 9.74696922302, 1.28441762924, 0.00974781252444, 1.71662195498e-05, 6.72990552175e-08, 4.63134064432e-09, 4.8756243487e-10, 8.27994228736e-10],
        "max": [3.24670267105, 26.543088913, 56.0726470947, 59.3727035522, 82.1699829102, 271.059844971, 345.632019043, 561.579467773, 346.14730835, 483.744598389, 1019.87817383, 1258.45935059, 1168.99206543, 1271.81054688, 1570.75292969, 1122.07617188, 1213.94067383, 842.949768066, 1040.32580566, 416.403808594, 477.476867676, 588.593078613, 497.165039062, 760.71862793, 244.41633606, 273.665344238, 353.078186035, 175.870300293, 272.741027832, 349.996856689, 296.148101807, 168.817611694, 69.7284240723, 21.2243175507, 2.30293226242, 0.0946673601866, 0.00576711958274, 0.00178751291241, 0.000540908426046, 0.000222289556405],
        "mean": [0.202857062221, 1.30622756481, 2.3241610527, 2.29967546463, 4.97196865082, 7.89458656311, 16.1517620087, 22.217672348, 15.3684167862, 22.7680301666, 36.0430870056, 52.1998214722, 38.4531555176, 46.836391449, 45.7860794067, 32.8380355835, 32.565448761, 29.3400306702, 30.3465328217, 21.4719600677, 23.4285430908, 25.627822876, 19.7448558807, 20.6709976196, 17.3879432678, 14.6860437393, 12.2195968628, 9.33160209656, 7.5668387413, 5.11894416809, 3.73262763023, 2.26937747002, 1.03765130043, 0.292696207762, 0.0145687703043, 0.000735604669899, 7.37599984859e-05, 1.66061836353e-05, 1.7779024347e-05, 3.25558321492e-05],
        "median": [0.0473767481744, 0.244797214866, 0.799178540707, 0.933097839355, 1.96091163158, 3.07921481133, 5.24177694321, 7.03302288055, 6.17526674271, 8.61396312714, 11.4699659348, 12.4632558823, 10.3317432404, 11.8084774017, 12.66264534, 8.3128194809, 6.56444692612, 6.05415344238, 7.21872901917, 7.46038770676, 6.79618549347, 6.11340141296, 6.47340154648, 8.09666728973, 8.93855190277, 7.60523939133, 4.56037378311, 2.62804794312, 1.22161841393, 0.603005468845, 0.536539196968, 0.435463190079, 0.238994389772, 0.0471719652414, 0.00144876772538, 0.000108238004032, 2.34640829149e-05, 6.48112882118e-06, 1.32219129227e-05, 2.55161430687e-05],
        "min": [1.731923021e-06, 2.81557440758e-05, 0.000130281609017, 0.000178710470209, 0.000218301356654, 0.000139210227644, 0.000181017909199, 5.30266406713e-05, 8.25165116112e-05, 0.00011839022045, 0.00261705298908, 0.004892478697, 0.000347903114744, 0.000297638500342, 0.000352758273948, 3.7386391341e-05, 9.90871285467e-06, 0.000122074605315, 9.68317253864e-05, 0.000119482989248, 0.00120621593669, 0.00134164316114, 0.000375175004592, 0.000620209553745, 0.000335883174557, 0.000489167054184, 0.000108938700578, 0.000174270971911, 0.000129858381115, 4.50932566309e-05, 2.30113473663e-05, 1.41649115903e-05, 3.96814311898e-06, 1.79991516802e-07, 4.1230489245e-08, 1.71155303264e-08, 7.97000865305e-09, 2.78262746178e-09, 1.20445864393e-09, 1.2740911659e-09],
        "var": [0.137620076537, 8.07124900818, 25.8722114563, 19.0991363525, 73.6024932861, 394.556488037, 1107.64453125, 1873.88305664, 574.111816406, 1613.06176758, 5861.07324219, 11822.1591797, 7280.68896484, 9787.67871094, 9203.1953125, 4810.53417969, 6235.30712891, 5584.33496094, 4732.94433594, 1329.24291992, 1824.58728027, 2638.42504883, 1317.17248535, 1207.95458984, 530.365661621, 536.733520508, 489.451812744, 269.977508545, 315.850158691, 345.219787598, 243.954269409, 79.1521072388, 10.1964712143, 1.05665934086, 0.0067639243789, 1.26038685266e-05, 5.3313574e-08, 2.65471489236e-09, 4.09905970278e-10, 7.37883254498e-10]
    },
    "gfcc": {
        "mean": [-32.8744544983, 135.532272339, -157.676513672, 60.9295349121, -73.9442062378, 13.0761814117, -20.1934566498, -2.61537575722, -2.65062212944, -18.8863124847, 10.6082706451, -18.0866394043, 11.0560693741],
        "cov": [[3333.15649414, -390.862884521, -292.665496826, 38.5421409607, -90.1817779541, 144.609405518, 9.95229625702, 36.9698410034, 33.7151641846, 95.7477416992, -21.9455718994, -0.351430743933, -49.5273666382], [-390.862884521, 755.439941406, -86.0906524658, -208.540649414, 180.929962158, -114.59186554, 221.571594238, -110.841087341, 79.5317001343, -9.6178560257, 83.2383956909, -47.8275871277, 7.47051858902], [-292.665496826, -86.0906524658, 693.664001465, 357.342285156, -81.7591781616, 126.224266052, -54.1852416992, 12.9403848648, 4.67240285873, -25.8684368134, -37.3008308411, 66.8051300049, -15.7735528946], [38.5421409607, -208.540649414, 357.342285156, 523.379638672, -5.86167287827, 24.9857845306, -18.4694328308, 1.59164571762, 43.5303688049, -37.7066497803, -63.5152435303, 75.8564071655, -23.3459663391], [-90.1817779541, 180.929962158, -81.7591781616, -5.86167287827, 208.290084839, 41.9119491577, 82.134552002, -16.5884208679, 18.197971344, -2.50103449821, 8.26918315887, -30.4965744019, 0.730617702007], [144.609405518, -114.59186554, 126.224266052, 24.9857845306, 41.9119491577, 313.535644531, 71.3952178955, -19.0271244049, -25.6934757233, 24.6905021667, -36.5776672363, -33.7591514587, -44.4421234131], [9.95229625702, 221.571594238, -54.1852416992, -18.4694328308, 82.134552002, 71.3952178955, 293.815368652, -38.1869392395, 38.1902770996, -1.12591183186, 4.80017471313, -40.2899360657, -46.222820282], [36.9698410034, -110.841087341, 12.9403848648, 1.59164571762, -16.5884208679, -19.0271244049, -38.1869392395, 192.92640686, 25.9865322113, -14.826086998, -21.4957828522, -12.2679233551, 12.0706348419], [33.7151641846, 79.5317001343, 4.67240285873, 43.5303688049, 18.197971344, -25.6934757233, 38.1902770996, 25.9865322113, 138.328231812, 16.923412323, -30.2159900665, -9.31192207336, -15.2790822983], [95.7477416992, -9.6178560257, -25.8684368134, -37.7066497803, -2.50103449821, 24.6905021667, -1.12591183186, -14.826086998, 16.923412323, 109.390380859, 31.4394855499, -29.5184059143, -12.0165996552], [-21.9455718994, 83.2383956909, -37.3008308411, -63.5152435303, 8.26918315887, -36.5776672363, 4.80017471313, -21.4957828522, -30.2159900665, 31.4394855499, 119.94606781, 24.1363430023, 4.83227348328], [-0.351430743933, -47.8275871277, 66.8051300049, 75.8564071655, -30.4965744019, -33.7591514587, -40.2899360657, -12.2679233551, -9.31192207336, -29.5184059143, 24.1363430023, 108.043510437, 35.0555877686], [-49.5273666382, 7.47051858902, -15.7735528946, -23.3459663391, 0.730617702007, -44.4421234131, -46.222820282, 12.0706348419, -15.2790822983, -12.0165996552, 4.83227348328, 35.0555877686, 90.5990753174]],
        "icov": [[0.00037905172212, -3.61235979653e-05, 0.000452696462162, -0.00030917263939, 0.000393826805521, -0.00041507408605, 4.31449334428e-05, -0.000150197956827, -7.77618770371e-05, -0.00027973545366, -1.99732949113e-05, -0.000199300135137, 7.25421195966e-05], [-3.61235979653e-05, 0.00716013973579, -0.00386984436773, 0.00478201173246, -0.00569189060479, 0.00484707485884, -0.00405369931832, 0.00427167862654, -0.00456713186577, 0.00290960306302, -0.00324487593025, 0.00270678196102, -0.00152394175529], [0.000452696462162, -0.00386984436773, 0.00543796131387, -0.00484927371144, 0.00481707369909, -0.00460411794484, 0.0026297182776, -0.00254499190487, 0.00194471376017, -0.00113757466897, 0.00066230999073, -0.00146291195415, 0.000354953896021], [-0.00030917263939, 0.00478201173246, -0.00484927371144, 0.00741880573332, -0.00546811474487, 0.00450521940365, -0.00281758978963, 0.00292097264901, -0.00309628923424, 0.00143668695819, 0.000490349833854, -0.00127994490322, 0.00106898800004], [0.000393826805521, -0.00569189060479, 0.00481707369909, -0.00546811474487, 0.011656477116, -0.00591919478029, 0.00224333303049, -0.00294842803851, 0.00200323201716, -0.000617174373474, -2.97630322166e-05, 0.000741675670724, -0.00137539755087], [-0.00041507408605, 0.00484707485884, -0.00460411794484, 0.00450521940365, -0.00591919478029, 0.00889756157994, -0.00397181324661, 0.00286612752825, -0.000495706510264, -0.000351093680365, 0.0010192777263, 0.00104261224624, 0.00114887277596], [4.31449334428e-05, -0.00405369931832, 0.0026297182776, -0.00281758978963, 0.00224333303049, -0.00397181324661, 0.00711691332981, -0.0014845909318, 0.000696655828506, 2.39128621615e-05, 0.000368921406334, -0.000281900400296, 0.00216206116602], [-0.000150197956827, 0.00427167862654, -0.00254499190487, 0.00292097264901, -0.00294842803851, 0.00286612752825, -0.0014845909318, 0.00852516759187, -0.00442119501531, 0.00340505875647, -0.00222364300862, 0.00364196998999, -0.00217283796519], [-7.77618770371e-05, -0.00456713186577, 0.00194471376017, -0.00309628923424, 0.00200323201716, -0.000495706510264, 0.000696655828506, -0.00442119501531, 0.0133346188813, -0.00603801803663, 0.00660689128563, -0.00388320046477, 0.00315805361606], [-0.00027973545366, 0.00290960306302, -0.00113757466897, 0.00143668695819, -0.000617174373474, -0.000351093680365, 2.39128621615e-05, 0.00340505875647, -0.00603801803663, 0.0153643768281, -0.00804336927831, 0.00728068454191, -0.0021979319863], [-1.99732949113e-05, -0.00324487593025, 0.00066230999073, 0.000490349833854, -2.97630322166e-05, 0.0010192777263, 0.000368921406334, -0.00222364300862, 0.00660689128563, -0.00804336927831, 0.0162834525108, -0.00854882225394, 0.00396970380098], [-0.000199300135137, 0.00270678196102, -0.00146291195415, -0.00127994490322, 0.000741675670724, 0.00104261224624, -0.000281900400296, 0.00364196998999, -0.00388320046477, 0.00728068454191, -0.00854882225394, 0.0191579051316, -0.00768628017977], [7.25421195966e-05, -0.00152394175529, 0.000354953896021, 0.00106898800004, -0.00137539755087, 0.00114887277596, 0.00216206116602, -0.00217283796519, 0.00315805361606, -0.0021979319863, 0.00396970380098, -0.00768628017977, 0.0165108200163]]
    },
    "melbands": {
        "dmean": [0.00130493228789, 0.0011909569148, 0.000352644565282, 0.000400543387514, 0.00039418565575, 0.000361790735042, 0.000150213061715, 0.000182118732482, 0.000258393352851, 0.000267091818387, 0.000143125842442, 0.000121453456813, 0.000113117603178, 7.24239944248e-05, 5.77962418902e-05, 5.33968268428e-05, 3.86247884308e-05, 3.67478860426e-05, 2.0825129468e-05, 2.40803983615e-05, 1.82802177733e-05, 2.07387292903e-05, 1.44382465805e-05, 1.15360653581e-05, 1.19092610475e-05, 8.71733118402e-06, 6.51663776807e-06, 5.64294168726e-06, 5.07158256369e-06, 4.23111987402e-06, 3.43458282259e-06, 3.44713680533e-06, 2.41226030084e-06, 1.93483424482e-06, 1.62215621913e-06, 1.27066368805e-06, 8.23718835363e-07, 5.22082530097e-07, 3.70153458107e-07, 1.24406412283e-07],
        "dmean2": [0.00225784233771, 0.00215249531902, 0.000588934170082, 0.000696968054399, 0.00060349504929, 0.000579114246648, 0.000242471651291, 0.000288405368337, 0.000403690588428, 0.000427491846494, 0.000226120464504, 0.000182786650839, 0.000176010304131, 0.00011501890549, 8.49620264489e-05, 8.33617013996e-05, 5.95432320551e-05, 5.4270371038e-05, 3.12671036227e-05, 3.70905545424e-05, 2.75281945505e-05, 3.13574892061e-05, 2.22322832997e-05, 1.82182593562e-05, 1.85996123037e-05, 1.3600114471e-05, 9.75894090516e-06, 8.50897049531e-06, 7.38543258194e-06, 5.80695859753e-06, 4.84689007862e-06, 4.86741055283e-06, 3.39141524819e-06, 2.7379844596e-06, 2.34634921981e-06, 1.8336490939e-06, 1.2034864767e-06, 7.51744153149e-07, 5.40098199053e-07, 1.79518238497e-07],
        "dvar": [8.25611368782e-06, 9.03791715245e-06, 7.24271046693e-07, 1.35694926939e-06, 6.17927241819e-07, 5.71336613575e-07, 8.4878145401e-08, 1.28905853103e-07, 3.65480872233e-07, 3.62488748351e-07, 1.45656514405e-07, 8.13391878296e-08, 7.01462141706e-08, 3.63640637602e-08, 2.21066667194e-08, 2.68957851546e-08, 1.09071969234e-08, 1.00445110007e-08, 1.86706428096e-09, 3.11239412021e-09, 1.6973953354e-09, 2.35713937258e-09, 1.0077053636e-09, 7.16220582841e-10, 8.94505303162e-10, 2.13846926278e-10, 1.21773952033e-10, 1.05136899187e-10, 1.00932096014e-10, 7.69557750857e-11, 4.1205632656e-11, 5.15513881583e-11, 8.56534079774e-11, 4.26313082058e-11, 3.72914615854e-11, 3.29346237782e-11, 8.34722395371e-12, 2.81632594849e-12, 1.45887642244e-12, 3.51324546712e-13],
        "dvar2": [2.31846097449e-05, 2.52351692325e-05, 1.87442719835e-06, 3.8390780901e-06, 1.40846213981e-06, 1.3852286429e-06, 2.08133272395e-07, 3.18256610399e-07, 8.68867061854e-07, 8.82846734385e-07, 3.59305346365e-07, 1.89937679806e-07, 1.67211965163e-07, 8.62436309035e-08, 4.71749821429e-08, 6.63366321874e-08, 2.49478802061e-08, 2.272187416e-08, 4.06566824651e-09, 7.19406800798e-09, 3.79858544619e-09, 5.38343947198e-09, 2.30887042818e-09, 1.72766134732e-09, 2.33114882953e-09, 5.12333730995e-10, 2.65285404755e-10, 2.3041844821e-10, 1.95499574862e-10, 1.44396342106e-10, 8.41298489207e-11, 1.08771082419e-10, 1.94955288024e-10, 8.7692013373e-11, 7.92329951649e-11, 6.00881566726e-11, 1.63056894376e-11, 5.50920377027e-12, 3.15166144051e-12, 7.38862313346e-13],
        "max": [0.025773178786, 0.0324847474694, 0.0107139647007, 0.0140160042793, 0.00963210966438, 0.0112328380346, 0.00461653154343, 0.00642002746463, 0.00796155910939, 0.00740505475551, 0.00592296849936, 0.00485031818971, 0.00438175210729, 0.00375350215472, 0.0026681101881, 0.00293930573389, 0.00176288466901, 0.00237844511867, 0.000963767583016, 0.000842109846417, 0.000706349208485, 0.000689491222147, 0.000413239002228, 0.000417695351643, 0.000786377349868, 0.000212758619455, 0.000219286128413, 0.000189732338185, 0.000183109979844, 0.000213938226807, 8.62287488417e-05, 0.000137381241075, 0.000323074898915, 0.00015510742378, 0.000175291163032, 0.000164584402228, 7.76068336563e-05, 5.01505819557e-05, 2.91992164421e-05, 1.64892317116e-05],
        "mean": [0.00176426908001, 0.00142668420449, 0.000475169712445, 0.000472786719911, 0.000527302443516, 0.0004920460633, 0.000237798973103, 0.000266771094175, 0.00030707460246, 0.000324436259689, 0.000190032049431, 0.000190779333934, 0.000159613075084, 0.000100107892649, 8.45378890517e-05, 6.42400045763e-05, 5.44897920918e-05, 5.43240093975e-05, 3.00966366922e-05, 3.19637692883e-05, 2.50752964348e-05, 2.76769878838e-05, 2.00071244763e-05, 1.60578765644e-05, 1.69524355442e-05, 1.39951125675e-05, 1.11315030153e-05, 9.31506292545e-06, 8.17126965558e-06, 6.00735847911e-06, 5.21117317476e-06, 4.66179835712e-06, 3.3969629385e-06, 2.52175709647e-06, 2.15771228795e-06, 1.87048942735e-06, 1.20824893202e-06, 7.70758333601e-07, 5.06106857756e-07, 1.47023001773e-07],
        "median": [0.000374277267838, 0.000409464875702, 0.000192875420908, 0.000193826344912, 0.000178870279342, 0.000171949519427, 8.52759330883e-05, 0.000100795106846, 7.86267992225e-05, 7.06630744389e-05, 4.01389006583e-05, 3.87614127249e-05, 3.63444778486e-05, 2.58691452473e-05, 1.18681036838e-05, 1.00688457678e-05, 8.6052396e-06, 9.98557334242e-06, 8.05193394626e-06, 8.13531278254e-06, 6.37873472442e-06, 5.67360621062e-06, 5.40669634574e-06, 5.29291310158e-06, 6.12948815615e-06, 6.25776283414e-06, 5.57121347811e-06, 4.61936406282e-06, 2.99295061268e-06, 1.75591083007e-06, 1.23006861941e-06, 6.78225660522e-07, 3.79097258474e-07, 2.78922584585e-07, 2.96426208024e-07, 2.81130411395e-07, 2.58799673247e-07, 1.8041679084e-07, 9.47135490037e-08, 1.41673588416e-08],
        "min": [2.06424601856e-08, 7.6408596783e-08, 3.2708069142e-08, 1.34234880989e-08, 5.69582203624e-09, 1.48994161453e-09, 1.30084854e-09, 7.82245490605e-10, 3.34542775704e-08, 1.8179731498e-08, 3.92032600827e-10, 1.03148745101e-09, 1.63732294389e-09, 1.97420607639e-10, 2.70966270255e-11, 8.87176616893e-12, 2.88348955824e-10, 1.83470794113e-10, 1.24585189387e-10, 1.30406407894e-10, 1.20699616968e-09, 1.25740107215e-09, 8.69458227637e-10, 1.7853941936e-10, 5.85755388638e-10, 1.99197741635e-10, 4.24574098101e-10, 2.68094907385e-10, 5.28218094265e-11, 6.0527437229e-11, 9.7245739239e-11, 8.67184726805e-11, 3.37821923213e-11, 2.12233858959e-11, 1.59161694241e-11, 1.64614014694e-12, 1.33080950773e-11, 3.67266069987e-12, 6.23919861088e-14, 7.25061151527e-14],
        "var": [1.12070110845e-05, 9.2489990493e-06, 7.5129474908e-07, 9.75866441877e-07, 1.07747951006e-06, 8.49139041748e-07, 1.50268206767e-07, 2.23262006216e-07, 4.48486360938e-07, 4.72803549201e-07, 1.98819705588e-07, 1.72273857402e-07, 1.16055034027e-07, 5.35828164061e-08, 4.5200312826e-08, 3.35046337341e-08, 2.36082140503e-08, 2.0709391535e-08, 4.70009586806e-09, 4.45193393261e-09, 2.68319277907e-09, 3.77496789383e-09, 1.64841729156e-09, 9.58079171554e-10, 9.86454473662e-10, 4.06285727284e-10, 2.80350381798e-10, 2.44623099555e-10, 2.20620771652e-10, 1.57750715268e-10, 8.47496378631e-11, 9.86185022533e-11, 1.62288987804e-10, 9.0141581699e-11, 7.82894027385e-11, 7.7229528328e-11, 1.78849209748e-11, 5.6608858226e-12, 2.51234536647e-12, 4.88667103744e-13]
    },
    "mfcc": {
        "mean": [-647.561096191, 124.787651062, -8.6011838913, 33.0195159912, -9.30425071716, 5.21215963364, 1.68742358685, 7.92364358902, -1.94578874111, 6.80350780487, -7.52486658096, 3.929479599, -3.21929788589],
        "cov": [[3526.94140625, -410.132507324, -312.552703857, -77.8226394653, -139.14352417, 55.5821304321, -61.872844696, 1.46081066132, 20.1186389923, 65.7668685913, 36.5223312378, 77.9413986206, -9.27966594696], [-410.132507324, 906.228393555, -314.603027344, -108.522415161, -111.274627686, 0.414629459381, 78.0363235474, -51.9689025879, -16.2310237885, 46.4649391174, 46.013458252, 40.7708625793, 2.71202516556], [-312.552703857, -314.603027344, 757.737487793, 180.912521362, 100.178207397, 127.074798584, -46.3555297852, 88.9222259521, 5.62094497681, -36.2489967346, 11.5540809631, -46.831943512, 44.3987236023], [-77.8226394653, -108.522415161, 180.912521362, 420.942108154, 35.3351211548, 29.044593811, -66.9742355347, 79.3525009155, 22.7686462402, -40.8682022095, -10.1940412521, 17.4497852325, 10.4083442688], [-139.14352417, -111.274627686, 100.178207397, 35.3351211548, 219.864273071, -22.0038471222, -17.2369976044, 12.6171092987, 23.7389717102, -20.0413303375, -29.7406253815, -12.6377382278, 15.7455472946], [55.5821304321, 0.414629459381, 127.074798584, 29.044593811, -22.0038471222, 367.661315918, 66.1862182617, 48.6418914795, 6.09519720078, 33.5794067383, 49.8937225342, -30.8011436462, 7.59393930435], [-61.872844696, 78.0363235474, -46.3555297852, -66.9742355347, -17.2369976044, 66.1862182617, 201.479629517, 15.996544838, -18.0904006958, 29.1874084473, 15.0155601501, -2.26969909668, -10.5331058502], [1.46081066132, -51.9689025879, 88.9222259521, 79.3525009155, 12.6171092987, 48.6418914795, 15.996544838, 171.218078613, 44.7201042175, -2.00463199615, 6.35409212112, -2.85368585587, -7.37227964401], [20.1186389923, -16.2310237885, 5.62094497681, 22.7686462402, 23.7389717102, 6.09519720078, -18.0904006958, 44.7201042175, 152.239807129, 37.3602981567, 16.8736782074, -11.2899484634, 1.97540307045], [65.7668685913, 46.4649391174, -36.2489967346, -40.8682022095, -20.0413303375, 33.5794067383, 29.1874084473, -2.00463199615, 37.3602981567, 160.339385986, 34.0460777283, -14.3505125046, -2.01091909409], [36.5223312378, 46.013458252, 11.5540809631, -10.1940412521, -29.7406253815, 49.8937225342, 15.0155601501, 6.35409212112, 16.8736782074, 34.0460777283, 134.033996582, 25.1221656799, -13.2794723511], [77.9413986206, 40.7708625793, -46.831943512, 17.4497852325, -12.6377382278, -30.8011436462, -2.26969909668, -2.85368585587, -11.2899484634, -14.3505125046, 25.1221656799, 97.6806106567, 10.6641979218], [-9.27966594696, 2.71202516556, 44.3987236023, 10.4083442688, 15.7455472946, 7.59393930435, -10.5331058502, -7.37227964401, 1.97540307045, -2.01091909409, -13.2794723511, 10.6641979218, 90.9918212891]],
