{
"lowlevel": {
    "average_loudness": 0.95173227787,
    "barkbands_crest": {
        "dmean": 2.37249946594,
        "dmean2": 3.98129916191,
        "dvar": 5.02043294907,
        "dvar2": 14.4254169464,
        "max": 18.9766807556,
        "mean": 7.6617269516,
        "median": 7.00569820404,
        "min": 2.41864156723,
        "var": 9.20407295227
    },
    "barkbands_flatness_db": {
        "dmean": 0.0168343055993,
        "dmean2": 0.0258880462497,
        "dvar": 0.000269124284387,
        "dvar2": 0.00065580161754,
        "max": 0.248191162944,
        "mean": 0.0884743183851,
        "median": 0.0827492773533,
        "min": 0.0274689327925,
        "var": 0.00103482708801
    },
    "barkbands_kurtosis": {
        "dmean": 1.386703372,
        "dmean2": 2.1956152916,
        "dvar": 6.46926689148,
        "dvar2": 14.5958194733,
        "max": 49.5634231567,
        "mean": 0.660464406013,
        "median": -0.412025213242,
        "min": -1.89973092079,
        "var": 14.0654678345
    },
    "barkbands_skewness": {
        "dmean": 0.4463763237,
        "dmean2": 0.682233214378,
        "dvar": 0.21896122396,
        "dvar2": 0.514460623264,
        "max": 5.3741440773,
        "mean": 0.926931798458,
        "median": 0.808539271355,
        "min": -1.93354201317,
        "var": 0.735297441483
    },
    "barkbands_spread": {
        "dmean": 6.84401130676,
        "dmean2": 10.699877739,
        "dvar": 45.7849464417,
        "dvar2": 103.040039062,
        "max": 97.9382476807,
        "mean": 37.3587341309,
        "median": 36.5800209045,
        "min": 2.54852056503,
        "var": 190.487884521
    },
    "dissonance": {
        "dmean": 0.011458190158,
        "dmean2": 0.0196633078158,
        "dvar": 0.000133000765345,
        "dvar2": 0.00037633793545,
        "max": 0.499940931797,
        "mean": 0.479601264,
        "median": 0.483472168446,
        "min": 0.368904083967,
        "var": 0.000227400116273
    },
    "dynamic_complexity": 2.82454657555,
    "erbbands_crest": {
        "dmean": 2.32537817955,
        "dmean2": 3.86528992653,
        "dvar": 5.02375221252,
        "dvar2": 12.3974943161,
        "max": 27.2468547821,
        "mean": 7.58797979355,
        "median": 6.64735603333,
        "min": 2.3216407299,
        "var": 12.4536237717
    },
    "erbbands_flatness_db": {
        "dmean": 0.0153150223196,
        "dmean2": 0.0214327946305,
        "dvar": 0.000201558985282,
        "dvar2": 0.000348042667611,
        "max": 0.23348519206,
        "mean": 0.130500167608,
        "median": 0.128672346473,
        "min": 0.0545423440635,
        "var": 0.00106802163646
    },
    "erbbands_kurtosis": {
        "dmean": 0.64913392067,
        "dmean2": 1.03844916821,
        "dvar": 0.699329912663,
        "dvar2": 1.63496160507,
        "max": 7.55874061584,
        "mean": -0.260297596455,
        "median": -0.652538061142,
        "min": -1.72638881207,
        "var": 1.6944270134
    },
    "erbbands_skewness": {
        "dmean": 0.335094988346,
        "dmean2": 0.514065265656,
        "dvar": 0.080224648118,
        "dvar2": 0.185004383326,
        "max": 2.57604217529,
        "mean": -0.253753781319,
        "median": -0.283551067114,
        "min": -2.50702834129,
        "var": 0.448791980743
    },
    "erbbands_spread": {
        "dmean": 8.12421226501,
        "dmean2": 12.4687547684,
        "dvar": 63.5869140625,
        "dvar2": 142.910507202,
        "max": 118.708694458,
        "mean": 45.8534736633,
        "median": 43.9055023193,
        "min": 8.98760032654,
        "var": 248.74230957
    },
    "hfc": {
        "dmean": 7.67724704742,
        "dmean2": 10.9592218399,
        "dvar": 117.962303162,
        "dvar2": 238.617294312,
        "max": 181.316268921,
        "mean": 28.1949176788,
        "median": 24.8427791595,
        "min": 1.22737178405e-16,
        "var": 410.784759521
    },
    "melbands_crest": {
        "dmean": 2.97671341896,
        "dmean2": 4.99114751816,
        "dvar": 7.34981155396,
        "dvar2": 19.6959629059,
        "max": 26.8081817627,
        "mean": 11.6572809219,
        "median": 10.9729404449,
        "min": 2.42900276184,
        "var": 15.890868187
    },
    "melbands_flatness_db": {
        "dmean": 0.022860897705,
        "dmean2": 0.034972127527,
        "dvar": 0.000509277568199,
        "dvar2": 0.00123943341896,
        "max": 0.347818404436,
        "mean": 0.143815517426,
        "median": 0.135355651379,
        "min": 0.00551450718194,
        "var": 0.00202335603535
    },
    "melbands_kurtosis": {
        "dmean": 4.72591924667,
        "dmean2": 7.52380132675,
        "dvar": 81.1853103638,
        "dvar2": 209.624298096,
        "max": 114.098693848,
        "mean": 7.80739927292,
        "median": 4.66918516159,
        "min": -1.65457713604,
        "var": 128.5625
    },
    "melbands_skewness": {
        "dmean": 0.634866595268,
        "dmean2": 0.969991922379,
        "dvar": 0.546652913094,
        "dvar2": 1.36936366558,
        "max": 9.52764797211,
        "mean": 2.28575491905,
        "median": 2.12261366844,
        "min": -0.520324349403,
        "var": 1.51554822922
    },
    "melbands_spread": {
        "dmean": 10.6981296539,
        "dmean2": 16.3807601929,
        "dvar": 126.573020935,
        "dvar2": 267.50491333,
        "max": 168.723434448,
        "mean": 39.7159881592,
        "median": 37.3129577637,
        "min": 2.26439189911,
        "var": 426.225372314
    },
    "pitch_salience": {
        "dmean": 0.0650285705924,
        "dmean2": 0.107422143221,
        "dvar": 0.00374022149481,
        "dvar2": 0.0103437062353,
        "max": 0.831852793694,
        "mean": 0.594690859318,
        "median": 0.604869484901,
        "min": 0.260046809912,
        "var": 0.00941425561905
    },
    "silence_rate_20dB": {
        "dmean": 0,
        "dmean2": 0,
        "dvar": 0,
        "dvar2": 0,
        "max": 1,
        "mean": 1,
        "median": 1,
        "min": 1,
        "var": 0
    },
    "silence_rate_30dB": {
        "dmean": 0,
        "dmean2": 0,
        "dvar": 0,
        "dvar2": 0,
        "max": 1,
        "mean": 1,
        "median": 1,
        "min": 1,
        "var": 0
    },
    "silence_rate_60dB": {
        "dmean": 0.00463678501546,
        "dmean2": 0.00928074214607,
        "dvar": 0.00461524445564,
        "dvar2": 0.0122883431613,
        "max": 1,
        "mean": 0.0671814680099,
        "median": 0,
        "min": 0,
        "var": 0.0626675710082
    },
    "spectral_centroid": {
        "dmean": 303.897949219,
        "dmean2": 457.485656738,
        "dvar": 122337.375,
        "dvar2": 208882.171875,
        "max": 11028.9941406,
        "mean": 2110.6628418,
        "median": 2143.45263672,
        "min": 280.799072266,
        "var": 395173.15625
    },
    "spectral_complexity": {
        "dmean": 4.5255022049,
        "dmean2": 6.90641927719,
        "dvar": 21.7579593658,
        "dvar2": 47.4276123047,
        "max": 59,
        "mean": 26.0965251923,
        "median": 28,
        "min": 0,
        "var": 155.945297241
    },
    "spectral_decrease": {
        "dmean": 1.93783722402e-09,
        "dmean2": 3.16116999244e-09,
        "dvar": 9.43676924994e-18,
        "dvar2": 2.40300318917e-17,
        "max": 1.4807255988e-28,
        "mean": -5.52821566302e-09,
        "median": -4.99530683484e-09,
        "min": -2.9947791802e-08,
        "var": 1.42479031555e-17
    },
    "spectral_energy": {
        "dmean": 0.00781004223973,
        "dmean2": 0.0126386582851,
        "dvar": 0.000146025922731,
        "dvar2": 0.000368406588677,
        "max": 0.116445451975,
        "mean": 0.0234221145511,
        "median": 0.0213579591364,
        "min": 1.05737592974e-20,
        "var": 0.00023883212998
    },
    "spectral_energyband_high": {
        "dmean": 0.000661605794448,
        "dmean2": 0.000876793754287,
        "dvar": 1.40428835493e-06,
        "dvar2": 2.41301199821e-06,
        "max": 0.0272965636104,
        "mean": 0.00184002995957,
        "median": 0.00123126327526,
        "min": 7.78539565257e-21,
        "var": 4.49810340797e-06
    },
    "spectral_energyband_low": {
        "dmean": 0.00427179317921,
        "dmean2": 0.00705075077713,
        "dvar": 9.47990920395e-05,
        "dvar2": 0.000253902515396,
        "max": 0.0934350118041,
        "mean": 0.00717672053725,
        "median": 0.0051647759974,
        "min": 5.10620828707e-23,
        "var": 8.5747880803e-05
    },
    "spectral_energyband_middle_high": {
        "dmean": 0.0019294579979,
        "dmean2": 0.00297636794858,
        "dvar": 5.8743144109e-06,
        "dvar2": 1.3874436263e-05,
        "max": 0.0347874909639,
        "mean": 0.00582415284589,
        "median": 0.00469570886344,
        "min": 1.32630393872e-21,
        "var": 2.28377211897e-05
    },
    "spectral_energyband_middle_low": {
        "dmean": 0.00403321860358,
        "dmean2": 0.00668212678283,
        "dvar": 3.45762127836e-05,
        "dvar2": 9.22910767258e-05,
        "max": 0.0588771142066,
        "mean": 0.00948016904294,
        "median": 0.00805450417101,
        "min": 3.50510161018e-22,
        "var": 5.32733938599e-05
    },
    "spectral_entropy": {
        "dmean": 0.111981071532,
        "dmean2": 0.157096594572,
        "dvar": 0.0160085223615,
        "dvar2": 0.024683335796,
        "max": 9.81262779236,
        "mean": 7.88738107681,
        "median": 7.91480350494,
        "min": 6.60704135895,
        "var": 0.0803670436144
    },
    "spectral_flux": {
        "dmean": 0.0206158235669,
        "dmean2": 0.0318150222301,
        "dvar": 0.000689225911628,
        "dvar2": 0.00131361884996,
        "max": 0.274594247341,
        "mean": 0.0859888643026,
        "median": 0.0800722017884,
        "min": 1.02828787152e-10,
        "var": 0.00182936922647
    },
    "spectral_kurtosis": {
        "dmean": 0.907338440418,
        "dmean2": 1.49843299389,
        "dvar": 0.877123475075,
        "dvar2": 2.50615739822,
        "max": 11.01612854,
        "mean": 3.13309836388,
        "median": 2.92951536179,
        "min": -1.2043544054,
        "var": 2.2770884037
    },
    "spectral_rms": {
        "dmean": 0.000710505526513,
        "dmean2": 0.00111916975584,
        "dvar": 7.92360708601e-07,
        "dvar2": 1.8705511593e-06,
        "max": 0.0106585798785,
        "mean": 0.00449039461091,
        "median": 0.00456475978717,
        "min": 3.21183162531e-12,
        "var": 2.68718281404e-06
    },
    "spectral_rolloff": {
        "dmean": 707.550598145,
        "dmean2": 1114.08251953,
        "dvar": 936054.8125,
        "dvar2": 1563242.375,
        "max": 19379.8828125,
        "mean": 2684.99951172,
        "median": 2734.71679688,
        "min": 129.19921875,
        "var": 2562867.5
    },
    "spectral_skewness": {
        "dmean": 0.145310297608,
        "dmean2": 0.227741450071,
        "dvar": 0.0188217647374,
        "dvar2": 0.0456691794097,
        "max": 2.45121407509,
        "mean": 1.14370274544,
        "median": 1.13601446152,
        "min": -0.0392100587487,
        "var": 0.0872886627913
    },
    "spectral_spread": {
        "dmean": 505601.84375,
        "dmean2": 674505.1875,
        "dvar": 1.32652335104e+12,
        "dvar2": 1.62704982016e+12,
        "max": 41010944,
        "mean": 4785515.5,
        "median": 4538852.5,
        "min": 2215384.25,
        "var": 2.59589511578e+12
    },
    "spectral_strongpeak": {
        "dmean": 0.581871628761,
        "dmean2": 0.985254764557,
        "dvar": 1.08897185326,
        "dvar2": 2.63617324829,
        "max": 11.8452100754,
        "mean": 0.881739020348,
        "median": 0.38191318512,
        "min": 0,
        "var": 1.65887486935
    },
    "zerocrossingrate": {
        "dmean": 0.0120455287397,
        "dmean2": 0.0137798786163,
        "dvar": 0.000300114188576,
        "dvar2": 0.000295202131383,
        "max": 0.5126953125,
        "mean": 0.0916758403182,
        "median": 0.0869140625,
        "min": 0.0166015625,
        "var": 0.00130998017266
    },
    "barkbands": {
        "dmean": [5.10521203978e-05, 0.00252574682236, 0.00196177768521, 0.000893202144653, 0.00177808967419, 0.00067959970329, 0.000762079842389, 0.00078691157978, 0.00113636779133, 0.000406981707783, 0.000290290132398, 0.000278266670648, 0.000359108118573, 0.000320078193909, 0.000350093672751, 0.000253051228356, 0.000307841371978, 0.0004146596184, 0.000356169708539, 0.000305790657876, 0.000187592740986, 0.000206980810617, 0.000120827979117, 8.09341872809e-05, 5.43363748875e-05, 4.6619818022e-05, 4.67600420961e-06],
        "dmean2": [8.23292357381e-05, 0.00433111516759, 0.00332441786304, 0.00149506947491, 0.00299939722754, 0.00111785228364, 0.00131002836861, 0.00129204709083, 0.00183010520414, 0.000670982408337, 0.000446437596111, 0.000457734626252, 0.000574810779653, 0.000494633160997, 0.000541916233487, 0.000398451142246, 0.000514872896019, 0.000666209671181, 0.000550380325876, 0.000474278320326, 0.000289682066068, 0.000302359927446, 0.0001756468846, 0.000111854627903, 7.3976625572e-05, 6.32285737083e-05, 7.17042394172e-06],
        "dvar": [6.10814865354e-09, 4.38402057625e-05, 2.00534268515e-05, 1.64002517522e-06, 1.05211220216e-05, 1.20934873848e-06, 3.69410827261e-06, 2.90332945951e-06, 5.36611787538e-06, 1.29379520786e-06, 5.25785821992e-07, 3.46942925944e-07, 6.59716420159e-07, 4.2764003183e-07, 6.47713193302e-07, 3.1331808259e-07, 3.13934776841e-07, 4.76604554933e-07, 2.1602043887e-07, 2.63818094481e-07, 8.82751862719e-08, 2.78535338794e-07, 9.70745119844e-08, 2.76645995001e-08, 1.28986377135e-08, 9.03632191296e-09, 1.32950567222e-10],
        "dvar2": [1.50010404099e-08, 0.000122384299175, 5.65956288483e-05, 4.50987954537e-06, 2.85880214506e-05, 3.13836085297e-06, 1.01349478427e-05, 7.00420469002e-06, 1.41810351124e-05, 3.74535943592e-06, 1.03618947378e-06, 8.65977369813e-07, 1.56419446284e-06, 9.36407332119e-07, 1.32264153763e-06, 7.77660204676e-07, 8.67434323482e-07, 1.08581696168e-06, 4.8581205192e-07, 4.92530375595e-07, 1.81014755185e-07, 4.25996290687e-07, 2.19154699721e-07, 4.91309180006e-08, 2.60041534972e-08, 1.78590564559e-08, 3.17229853497e-10],
        "max": [0.000663460057694, 0.0620555356145, 0.0433993525803, 0.0157066937536, 0.0391257442534, 0.0123739503324, 0.0387570783496, 0.0224259197712, 0.0261502396315, 0.0256325639784, 0.0169921927154, 0.00775953289121, 0.0114402472973, 0.0101377377287, 0.0172423832119, 0.00860951002687, 0.0123647907749, 0.0127979870886, 0.00705489097163, 0.0099870255217, 0.00680638663471, 0.0172710120678, 0.00758985755965, 0.00341726094484, 0.00232960190624, 0.000827875570394, 0.000131962253363],
        "mean": [6.59986326355e-05, 0.0035036993213, 0.00285339145921, 0.00138945376966, 0.00269980658777, 0.0010155136697, 0.000993700581603, 0.00109702115878, 0.00205140584148, 0.000693980837241, 0.000479665090097, 0.00040705842548, 0.000515257415827, 0.000486850913148, 0.000504286377691, 0.000396107672714, 0.000526914431248, 0.000745818251744, 0.000833082653116, 0.000683407473844, 0.000448976323241, 0.000416939496063, 0.000229374869377, 0.000179688388016, 0.00011628127686, 8.27367694001e-05, 5.71189639231e-06],
        "median": [2.54608894465e-05, 0.00211407267489, 0.00163337658159, 0.000953306443989, 0.00179656606633, 0.000540439446922, 0.000392370711779, 0.000377328571631, 0.000608058238868, 0.000199671572773, 0.00013517413754, 0.000178722926648, 0.000185541881365, 0.000205990349059, 0.000229661527555, 0.000190717357327, 0.000304335902911, 0.000500091991853, 0.000586634268984, 0.000481009599753, 0.0003197453334, 0.0002155839029, 9.54502102104e-05, 6.8603818363e-05, 4.45407931693e-05, 3.15055731335e-05, 1.24017026337e-06],
        "min": [9.73931381232e-24, 2.45503989778e-23, 1.29827777441e-23, 5.26974743577e-24, 1.38470963504e-23, 5.27848099373e-23, 7.07968331209e-23, 6.1915332179e-23, 1.36439880176e-22, 4.25719232021e-23, 5.45962112806e-23, 4.16999005802e-23, 9.55256030157e-23, 1.34221893611e-22, 7.97460625048e-23, 2.03236759367e-22, 1.6429619957e-22, 1.68488256907e-22, 2.43959665182e-22, 2.23389075782e-22, 2.83898796668e-22, 5.51377422039e-22, 6.21285240474e-22, 8.46433211018e-22, 1.04674112548e-21, 2.03518318339e-21, 2.53733593738e-21],
        "var": [9.01817376331e-09, 3.54502553819e-05, 1.68979204318e-05, 2.37976587414e-06, 1.16419796541e-05, 1.91603794519e-06, 4.00367935072e-06, 4.88415480504e-06, 1.38579689519e-05, 2.97829751617e-06, 1.25551366637e-06, 5.28274540557e-07, 1.05145238649e-06, 9.02974704786e-07, 1.18651803405e-06, 5.29223029844e-07, 7.92844161879e-07, 8.72730083756e-07, 7.17703585451e-07, 7.05371462573e-07, 2.70203145192e-07, 6.63921241539e-07, 1.87673080632e-07, 9.65935882391e-08, 3.26070406231e-08, 1.74471423975e-08, 1.59892904472e-10]
    },
    "erbbands": {
        "dmean": [0.0558872893453, 0.652144312859, 2.0558283329, 2.60481715202, 5.08714818954, 6.29187917709, 6.78258800507, 4.53967809677, 7.49242448807, 14.8406486511, 17.4215106964, 26.4428348541, 14.0682611465, 12.7937221527, 9.48022270203, 11.1936979294, 14.9651498795, 16.5713577271, 15.1643733978, 15.2212343216, 13.6463470459, 15.7773332596, 21.9427013397, 20.420671463, 16.769821167, 14.099943161, 8.6745223999, 7.58539056778, 7.42166757584, 5.55223274231, 3.45545387268, 2.02197599411, 1.22137975693, 0.694193184376, 0.383280843496, 0.20691344142, 0.0849784761667, 0.0178553685546, 0.000491150771268, 1.91992567125e-05],
        "dmean2": [0.0924193039536, 1.13146388531, 3.53751039505, 4.34720516205, 8.71312236786, 10.7536067963, 11.4309072495, 7.37004184723, 12.7788190842, 25.4260082245, 27.4786987305, 43.0343513489, 22.6350002289, 20.7401123047, 14.8231945038, 17.8986587524, 23.9184761047, 25.5721893311, 24.0459289551, 24.2031726837, 21.9139518738, 26.2962379456, 35.28565979, 31.1438541412, 26.782283783, 21.2179374695, 13.5459537506, 11.5720434189, 10.895819664, 8.14727592468, 5.0601773262, 2.97646212578, 1.6829931736, 0.966378450394, 0.53124576807, 0.277175813913, 0.120267122984, 0.0256172828376, 0.000726663100068, 2.65697981376e-05],
        "dvar": [0.0145459091291, 3.17645812035, 27.1263217926, 16.9412536621, 97.7880325317, 106.32408905, 136.416671753, 50.526889801, 271.166137695, 1437.54284668, 1465.87426758, 3127.56958008, 729.739807129, 1844.27453613, 437.676727295, 532.075317383, 1212.01965332, 1090.72387695, 743.590148926, 1486.08691406, 939.664001465, 652.960510254, 1588.20825195, 930.897338867, 447.896728516, 663.18359375, 179.179000854, 207.968536377, 379.842987061, 155.439300537, 103.03918457, 21.7769966125, 5.94311618805, 2.33491444588, 0.598015129566, 0.15637165308, 0.0321433283389, 0.00167939113453, 1.4091031062e-06, 1.09765108114e-09],
        "dvar2": [0.0377196893096, 8.90283584595, 76.3322067261, 46.110660553, 265.709259033, 285.10256958, 364.706604004, 125.84941864, 736.844238281, 3821.65625, 3269.39257812, 8605.71191406, 1848.28320312, 4628.97753906, 1013.07781982, 1273.22058105, 2767.13671875, 2493.83129883, 1679.63085938, 3068.16992188, 2412.22460938, 1694.43103027, 3761.97680664, 2183.41479492, 1059.3092041, 1031.13635254, 391.811065674, 355.078948975, 567.848876953, 331.610748291, 251.51751709, 43.5387039185, 10.6052017212, 5.0251955986, 1.1655151844, 0.288180977106, 0.0654033273458, 0.00376146147028, 3.20704066326e-06, 2.31819319296e-09],
        "max": [1.24216544628, 15.6921319962, 47.8302154541, 47.0572013855, 113.253791809, 100.34311676, 130.311401367, 82.9278411865, 247.444244385, 662.847412109, 572.647705078, 713.73651123, 349.191345215, 1238.85852051, 351.981628418, 323.957550049, 546.062072754, 417.491363525, 391.506164551, 811.217895508, 552.104064941, 500.30645752, 846.785583496, 492.572662354, 283.276733398, 671.42956543, 190.967254639, 443.033081055, 647.779968262, 230.890533447, 255.478439331, 95.3090820312, 45.6411590576, 33.2120285034, 12.849275589, 6.06979894638, 1.85283327103, 0.359313070774, 0.0115395281464, 0.000312862917781],
        "mean": [0.0902141109109, 0.843258500099, 2.84339690208, 4.54412603378, 7.14808177948, 9.01476860046, 9.59237861633, 6.96620321274, 10.2240381241, 20.6505775452, 29.444185257, 48.2117805481, 25.4580059052, 25.2033252716, 16.212720871, 18.5410175323, 23.5711307526, 26.4175739288, 24.1898956299, 23.9809589386, 23.8681812286, 30.3185997009, 40.8431243896, 43.4102859497, 38.6477928162, 32.1215782166, 20.827960968, 17.5909805298, 15.1019124985, 10.5307455063, 6.29980134964, 4.37536907196, 2.63352918625, 1.42759048939, 0.780822992325, 0.391625523567, 0.141172990203, 0.0260094162077, 0.000684766448103, 4.94404011988e-05],
        "median": [0.0554964356124, 0.513422966003, 1.57338607311, 3.32861185074, 4.63494539261, 5.31450128555, 4.65055036545, 4.057035923, 5.24594593048, 9.03239250183, 10.6340274811, 13.9358701706, 10.17902565, 6.63167905807, 5.54127979279, 8.30832099915, 9.09221553802, 12.2841300964, 13.1928758621, 11.6474571228, 12.9654140472, 18.8979797363, 28.0379714966, 30.8627586365, 28.3405685425, 22.7928447723, 16.4972763062, 10.8738508224, 7.65353870392, 4.87534666061, 2.56887292862, 1.70656406879, 0.963593959808, 0.54452008009, 0.294673085213, 0.151220604777, 0.0508362688124, 0.00812770612538, 0.000199956892175, 3.65813612007e-05],
        "min": [8.04260378859e-22, 5.27526761617e-21, 1.36115881749e-20, 2.32157318513e-20, 3.23005078849e-20, 4.14604991932e-20, 1.88716474616e-19, 4.37975642433e-19, 9.61084713511e-19, 8.99836538645e-19, 2.27820264512e-18, 3.07731247e-18, 1.08647226628e-18, 2.22753307631e-18, 2.12508613706e-18, 1.92775413693e-18, 4.45890220272e-18, 6.84401959637e-18, 5.43579009843e-18, 5.84356325705e-18, 1.09961337448e-17, 9.2534106051e-18, 9.7835498325e-18, 9.55099627509e-18, 1.28307169458e-17, 1.19432017794e-17, 1.11688614644e-17, 1.24875064748e-17, 1.64895411088e-17, 2.05848560732e-17, 1.84609540452e-17, 1.40475864809e-17, 1.51479881585e-17, 1.03827387887e-17, 8.75721225259e-18, 7.35120538896e-18, 4.20000335638e-18, 1.25102227156e-18, 3.41967658017e-19, 4.18980228073e-20],
        "var": [0.0171578992158, 2.3397936821, 20.2925052643, 21.5637073517, 94.7279663086, 131.704406738, 183.406723022, 82.6434402466, 272.22668457, 1558.69885254, 3581.17260742, 8181.45117188, 1692.18286133, 5061.21777344, 1105.16577148, 988.289794922, 1980.05700684, 2216.0715332, 1289.85583496, 2743.55688477, 1795.47705078, 1964.04077148, 2933.48999023, 2229.55200195, 1425.64733887, 1944.71240234, 441.952209473, 681.44354248, 893.283996582, 307.341552734, 170.234405518, 62.7455177307, 19.3079147339, 5.14818000793, 1.54071116447, 0.364952534437, 0.055557038635, 0.00243201246485, 1.89770207726e-06, 2.14686091127e-09]
    },
    "gfcc": {
        "mean": [26.7952632904, 66.0764389038, -115.317687988, 47.959602356, -57.3499336243, 9.91195583344, -31.4696674347, 15.5680084229, -27.8911075592, 6.7934217453, -21.6806106567, -0.322013199329, -19.5939426422],
        "cov": [[7534.67773438, -431.776031494, 146.370346069, -120.459007263, -227.537353516, 116.738578796, -127.331932068, 113.952072144, -97.1717300415, 56.2465782166, -199.991607666, 44.7325515747, -106.136268616], [-431.776031494, 654.72088623, -243.287002563, 26.0981788635, 122.305992126, -129.568115234, 75.8033828735, -58.3444328308, 7.13583374023, -66.1379776001, 39.3520965576, -50.4909057617, 34.0986480713], [146.370346069, -243.287002563, 619.631958008, 7.51434898376, -44.3147392273, 74.3734817505, -100.846237183, -6.54813528061, -57.1370315552, 58.0786514282, 0.692653357983, 56.3914527893, -46.0940284729], [-120.459007263, 26.0981788635, 7.51434898376, 229.41569519, 12.4475917816, -22.2208881378, -45.6584434509, -42.9488563538, 32.9596748352, -12.5940542221, -6.15096282959, -19.0760593414, 32.1023178101], [-227.537353516, 122.305992126, -44.3147392273, 12.4475917816, 208.032867432, -19.8560333252, -7.21410131454, 0.71597391367, 21.4126148224, 6.04676818848, -9.91507530212, -5.04565668106, 10.3154706955], [116.738578796, -129.568115234, 74.3734817505, -22.2208881378, -19.8560333252, 163.204879761, 51.618598938, 15.6310901642, -22.8813476562, 19.5719871521, 29.0191230774, 7.71115016937, -19.6324253082], [-127.331932068, 75.8033828735, -100.846237183, -45.6584434509, -7.21410131454, 51.618598938, 192.489944458, 56.2731971741, -9.7030506134, -4.6773815155, 33.2599487305, -10.5274343491, -17.2601966858], [113.952072144, -58.3444328308, -6.54813528061, -42.9488563538, 0.71597391367, 15.6310901642, 56.2731971741, 141.986083984, 39.4895515442, -3.41770839691, -20.7373752594, 13.6454048157, 6.71651315689], [-97.1717300415, 7.13583374023, -57.1370315552, 32.9596748352, 21.4126148224, -22.8813476562, -9.7030506134, 39.4895515442, 102.655921936, 9.28666877747, -23.9180526733, -16.1910266876, 13.268029213], [56.2465782166, -66.1379776001, 58.0786514282, -12.5940542221, 6.04676818848, 19.5719871521, -4.6773815155, -3.41770839691, 9.28666877747, 86.0464172363, 24.8593826294, 1.24200510979, -26.9296779633], [-199.991607666, 39.3520965576, 0.692653357983, -6.15096282959, -9.91507530212, 29.0191230774, 33.2599487305, -20.7373752594, -23.9180526733, 24.8593826294, 85.3105163574, 17.8585929871, -12.2735338211], [44.7325515747, -50.4909057617, 56.3914527893, -19.0760593414, -5.04565668106, 7.71115016937, -10.5274343491, 13.6454048157, -16.1910266876, 1.24200510979, 17.8585929871, 77.8896942139, 24.2183742523], [-106.136268616, 34.0986480713, -46.0940284729, 32.1023178101, 10.3154706955, -19.6324253082, -17.2601966858, 6.71651315689, 13.268029213, -26.9296779633, -12.2735338211, 24.2183742523, 80.2930450439]],
        "icov": [[0.000183808806469, -0.000163006945513, 0.000160445139045, -9.8741693364e-05, 0.000292341399472, -0.000345713546267, 0.000320293096593, -0.000311178417178, 0.00042954160017, -0.000449188257335, 0.000859279069118, -0.000444289675215, 0.000460297887912], [-0.000163006945513, 0.00384464627132, -0.000273744139122, 0.000612175907008, -0.00230323127471, 0.003509539878, -0.00249053351581, 0.00204132753424, -0.00106836645864, 0.0033010088373, -0.00432283431292, 0.00311868870631, -0.00212001218461], [0.000160445139045, -0.000273744139122, 0.0028579828795, -0.000917499128263, 0.000667602522299, -0.0016184047563, 0.00212574494071, -0.00128216098528, 0.00216300878674, -0.00198607379571, 0.00198569335043, -0.00259340018965, 0.00248081190512], [-9.8741693364e-05, 0.000612175907008, -0.000917499128263, 0.00601366814226, -0.00057069043396, 0.00073017925024, -0.000216219443246, 0.00258631026372, -0.0030911990907, 0.00185527664144, -0.00217476510443, 0.00288317073137, -0.00340155046433], [0.000292341399472, -0.00230323127471, 0.000667602522299, -0.00057069043396, 0.00663975765929, -0.00201674248092, 0.0017447671853, -0.00130846258253, 0.000499087327626, -0.00321794045158, 0.00390285160393, -0.00231707189232, 0.00124809227418], [-0.000345713546267, 0.003509539878, -0.0016184047563, 0.00073017925024, -0.00201674248092, 0.0113680427894, -0.00478834286332, 0.00161060329992, -0.000624207081273, 0.00255067762919, -0.00622946582735, 0.00363801117055, -0.002384706866], [0.000320293096593, -0.00249053351581, 0.00212574494071, -0.000216219443246, 0.0017447671853, -0.00478834286332, 0.0110358390957, -0.00618931511417, 0.00330876559019, -0.00152575387619, -0.000142123870319, -0.000528058269992, 0.00336200743914], [-0.000311178417178, 0.00204132753424, -0.00128216098528, 0.00258631026372, -0.00130846258253, 0.00161060329992, -0.00618931511417, 0.0135289588943, -0.00715614948422, 0.00282359565608, 0.0006480171578, -0.00134915660601, -0.00231308629736], [0.00042954160017, -0.00106836645864, 0.00216300878674, -0.0030911990907, 0.000499087327626, -0.000624207081273, 0.00330876559019, -0.00715614948422, 0.0171008203179, -0.00625918665901, 0.00491979811341, 0.00102505553514, 0.000110016859253], [-0.000449188257335, 0.0033010088373, -0.00198607379571, 0.00185527664144, -0.00321794045158, 0.00255067762919, -0.00152575387619, 0.00282359565608, -0.00625918665901, 0.0199037231505, -0.010401038453, 0.00336588709615, 0.00170008756686], [0.000859279069118, -0.00432283431292, 0.00198569335043, -0.00217476510443, 0.00390285160393, -0.00622946582735, -0.000142123870319, 0.0006480171578, 0.00491979811341, -0.010401038453, 0.0259267911315, -0.011115308851, 0.00588616030291], [-0.000444289675215, 0.00311868870631, -0.00259340018965, 0.00288317073137, -0.00231707189232, 0.00363801117055, -0.000528058269992, -0.00134915660601, 0.00102505553514, 0.00336588709615, -0.011115308851, 0.0235469639301, -0.0112086255103], [0.000460297887912, -0.00212001218461, 0.00248081190512, -0.00340155046433, 0.00124809227418, -0.002384706866, 0.00336200743914, -0.00231308629736, 0.000110016859253, 0.00170008756686, 0.00588616030291, -0.0112086255103, 0.0217526499182]]
    },
    "melbands": {
        "dmean": [0.000604463624768, 0.00098941475153, 0.000487143290229, 0.000418717594584, 0.000229481767747, 0.000108036081656, 0.000129067455418, 0.000165993231349, 0.00015119483578, 0.000171715495526, 7.07831641193e-05, 5.2575909649e-05, 3.36472330673e-05, 2.55334107351e-05, 4.18943200202e-05, 3.2839117921e-05, 3.36879202223e-05, 2.44995735557e-05, 2.78635106952e-05, 1.84305681614e-05, 1.72430027305e-05, 1.77375713974e-05, 1.92232910194e-05, 2.04611442314e-05, 1.81948762474e-05, 1.48199605974e-05, 1.1895028365e-05, 1.02057865661e-05, 6.38153505861e-06, 4.76496234114e-06, 4.79650088892e-06, 4.66145729661e-06, 4.10733264289e-06, 2.7987307476e-06, 2.21268578571e-06, 1.58691648267e-06, 1.24577661609e-06, 9.74941826826e-07, 6.76015986301e-07, 6.09587800682e-07],
        "dmean2": [0.00102369184606, 0.00168339721859, 0.00081530562602, 0.000713335874025, 0.000384768791264, 0.000176206260221, 0.000219751498662, 0.000281799118966, 0.000235673534917, 0.000279588333797, 0.000112627749331, 8.6291518528e-05, 5.21348702023e-05, 4.1463317757e-05, 6.66385749355e-05, 5.32649828529e-05, 5.23389935552e-05, 3.90797467844e-05, 4.25549769716e-05, 2.92292897939e-05, 2.87726925308e-05, 2.97242040688e-05, 3.19429855153e-05, 3.31103765348e-05, 2.80816420855e-05, 2.3590228011e-05, 1.91302897292e-05, 1.53905857587e-05, 1.01362929854e-05, 7.55550172471e-06, 7.37641130399e-06, 7.10087442712e-06, 6.19873981123e-06, 4.18574700234e-06, 3.35892536896e-06, 2.4034911803e-06, 1.86661645785e-06, 1.40023723816e-06, 1.00009958715e-06, 8.75876537521e-07],
        "dvar": [2.21863979277e-06, 6.49977027933e-06, 5.46756098174e-07, 6.07910749295e-07, 1.35983682981e-07, 2.73273350615e-08, 8.41856007128e-08, 1.56771093884e-07, 1.11628779109e-07, 1.44166662608e-07, 2.02430161522e-08, 3.17757162804e-08, 5.7686304622e-09, 2.52577003756e-09, 1.31360291533e-08, 5.17346387952e-09, 5.16086773317e-09, 2.01480787609e-09, 5.82583670194e-09, 1.95484761711e-09, 2.02092853563e-09, 8.06831990108e-10, 1.08958064793e-09, 1.30203337001e-09, 8.26925528052e-10, 3.65006580516e-10, 3.14205411689e-10, 4.17967160882e-10, 1.25062390999e-10, 7.14442949246e-11, 8.89386481129e-11, 1.67154248776e-10, 8.92012089193e-11, 3.799893733e-11, 4.53101722808e-11, 1.56923207068e-11, 7.53753743449e-12, 3.84826849206e-12, 1.85887026258e-12, 1.8588130167e-12],
        "dvar2": [6.1336500039e-06, 1.80242132046e-05, 1.47686296259e-06, 1.66824577263e-06, 3.55531085461e-07, 6.88777177515e-08, 2.28121791679e-07, 4.1212226165e-07, 2.43522237042e-07, 4.03210037803e-07, 4.98698575768e-08, 8.26309971558e-08, 1.23057253276e-08, 6.02238081626e-09, 3.29945066824e-08, 1.17386234066e-08, 1.17219647322e-08, 4.58448479179e-09, 1.15399876321e-08, 4.52391102357e-09, 5.31648591817e-09, 2.10161310576e-09, 2.94325253059e-09, 2.93601365442e-09, 1.93976501528e-09, 8.66296256952e-10, 7.53107243234e-10, 6.85388634736e-10, 2.75809763917e-10, 1.56633733761e-10, 1.52154330801e-10, 2.47399628561e-10, 1.77891201769e-10, 8.31942431612e-11, 1.12826248344e-10, 3.47696177405e-11, 1.5203721962e-11, 7.03629038715e-12, 3.87245574149e-12, 4.14743977009e-12],
        "max": [0.0147223677486, 0.0227696336806, 0.00728569924831, 0.00921019446105, 0.00414031464607, 0.001801680075, 0.00525868823752, 0.00603286596015, 0.0055157658644, 0.00443262420595, 0.00219081365503, 0.00498877465725, 0.00130409514531, 0.000795882253442, 0.00188673194498, 0.00107828958426, 0.000950417655986, 0.000608573202044, 0.00188290968072, 0.00075925438432, 0.000912789255381, 0.000584975932725, 0.000556739512831, 0.000700956210494, 0.000506944546942, 0.000227412354434, 0.00025463703787, 0.000480040587718, 0.000205323522096, 0.000199353002245, 0.000311138137477, 0.000430145621067, 0.000258359563304, 0.000104676422779, 0.000180085931788, 7.10037857061e-05, 5.91031057411e-05, 3.7156016333e-05, 2.04344723898e-05, 3.03109991364e-05],
        "mean": [0.000902125844732, 0.00140192522667, 0.000866768416017, 0.000600495375693, 0.000349147885572, 0.000164189288625, 0.000176620087586, 0.000227805430768, 0.000258405605564, 0.000306333939079, 0.000118710959214, 9.99702097033e-05, 5.71167256567e-05, 3.95305723941e-05, 6.1510319938e-05, 4.67291429231e-05, 5.00632922922e-05, 3.64244915545e-05, 3.9117749111e-05, 2.81745105895e-05, 2.74371050182e-05, 3.12844094879e-05, 3.36372759193e-05, 3.57736971637e-05, 3.52199094777e-05, 3.08401467919e-05, 2.39673136093e-05, 2.09031459235e-05, 1.3908940673e-05, 1.01342357084e-05, 1.01500290839e-05, 8.91148010851e-06, 7.22452296031e-06, 5.13397981194e-06, 3.71047144654e-06, 3.02978446598e-06, 2.52825202551e-06, 1.99897931452e-06, 1.34147489916e-06, 1.1590707345e-06],
        "median": [0.000550438126083, 0.000866470276378, 0.000664043007419, 0.000398049509386, 0.000189398939256, 9.34424097068e-05, 8.29311611596e-05, 9.71652189037e-05, 8.15814128146e-05, 8.7351872935e-05, 4.5716886234e-05, 2.48823489528e-05, 1.75498025783e-05, 1.86679844774e-05, 1.99643673113e-05, 1.7945190848e-05, 2.02577048185e-05, 1.90637110791e-05, 1.57656431838e-05, 1.35681311804e-05, 1.42832450365e-05, 1.8060372895e-05, 2.06869917747e-05, 2.38948268816e-05, 2.28197495744e-05, 2.12416998693e-05, 1.66142453963e-05, 1.31850292746e-05, 1.06203024188e-05, 6.82240033711e-06, 5.87877548242e-06, 4.54424753116e-06, 3.22226128446e-06, 2.30355362874e-06, 1.47898208525e-06, 1.19418098166e-06, 9.71132635641e-07, 7.20011257727e-07, 4.7928085678e-07, 4.37705750755e-07],
        "min": [8.02355948727e-24, 7.37240293052e-24, 3.71272927978e-24, 3.07577557199e-24, 5.43638246908e-24, 1.02194808236e-23, 1.54400147773e-23, 9.44337579917e-24, 2.2378350939e-23, 1.8114508837e-23, 4.61512620193e-24, 8.62155786305e-24, 6.57289437523e-24, 5.73440465274e-24, 6.3322109409e-24, 1.12763651099e-23, 1.23989670317e-23, 8.78082414665e-24, 5.49936196831e-24, 1.39217431024e-23, 1.21771496004e-23, 1.04987738716e-23, 9.08373726792e-24, 6.62408553152e-24, 7.49966433833e-24, 1.0880881528e-23, 7.56242611195e-24, 7.77742541851e-24, 6.966788008e-24, 5.93539300076e-24, 7.57599609725e-24, 8.28788389964e-24, 1.27171185791e-23, 1.07139916926e-23, 1.16291721057e-23, 7.27797233586e-24, 9.23610654063e-24, 1.05967464517e-23, 1.0717001197e-23, 7.79082422098e-24],
        "var": [2.01699140234e-06, 4.8696056183e-06, 6.94734922035e-07, 6.22781556103e-07, 1.98981922495e-07, 4.49902479716e-08, 9.36962436526e-08, 1.80865015409e-07, 3.12033733962e-07, 3.62572819768e-07, 4.26135464693e-08, 8.72522250006e-08, 1.44316416595e-08, 4.41883640789e-09, 2.06058103913e-08, 7.99118016204e-09, 1.02902744104e-08, 3.37883943047e-09, 1.06647961573e-08, 2.88816726091e-09, 3.18383164277e-09, 2.30301910875e-09, 2.53839171904e-09, 2.14109707741e-09, 1.78564163456e-09, 1.11888798227e-09, 7.12098602307e-10, 1.12537268393e-09, 2.46332565457e-10, 1.78556266994e-10, 2.70403227587e-10, 3.77335690471e-10, 1.74400313635e-10, 7.47535366941e-11, 6.84353754221e-11, 3.3453597531e-11, 2.21202639539e-11, 1.18322565287e-11, 4.6682848559e-12, 3.57930048447e-12]
    },
    "mfcc": {
        "mean": [-614.121032715, 93.334564209, -0.805257618427, 38.1438140869, -1.18783783913, 3.75025987625, 3.64677500725, 5.4388833046, -0.134980335832, 5.55451345444, 4.57041692734, -1.54211711884, -5.26410341263],
        "cov": [[5439.78466797, -242.567214966, 65.5786972046, -113.752426147, -76.7685394287, -31.6668510437, -68.8796386719, 40.3401603699, 73.6719818115, 31.8793106079, -2.33871126175, -13.3749637604, -79.1653823853], [-242.567214966, 589.348754883, -219.209350586, 75.9635620117, 3.31970834732, -22.7322444916, 49.5717697144, 1.07679390907, -21.0070991516, -16.7289104462, 0.824068069458, -12.3323163986, 6.45720338821], [65.5786972046, -219.209350586, 556.550415039, -43.8490524292, 28.4042205811, 35.7826957703, 1.24708592892, -32.9969596863, -52.7841186523, -34.5405158997, -6.40189170837, 17.6978912354, 47.5892448425], [-113.752426147, 75.9635620117, -43.8490524292, 220.746902466, 59.3090400696, -4.33054018021, -58.9912261963, -26.2919178009, 18.3840026855, -13.4046545029, -18.6042003632, -2.83891558647, -2.38629126549], [-76.7685394287, 3.31970834732, 28.4042205811, 59.3090400696, 200.229721069, 14.5121545792, -63.4949874878, -33.148891449, 15.9209814072, -10.9666900635, -18.7948169708, -3.07669973373, 0.143812254071], [-31.6668510437, -22.7322444916, 35.7826957703, -4.33054018021, 14.5121545792, 128.22895813, 40.9881057739, -25.0707244873, -44.6767463684, 15.0492858887, 8.23488616943, -1.22412014008, 7.54730129242], [-68.8796386719, 49.5717697144, 1.24708592892, -58.9912261963, -63.4949874878, 40.9881057739, 163.02557373, 45.5364189148, -25.9011669159, 11.9349451065, 31.8028182983, -0.54034280777, 10.7445898056], [40.3401603699, 1.07679390907, -32.9969596863, -26.2919178009, -33.148891449, -25.0707244873, 45.5364189148, 111.941001892, 50.5674133301, 0.504520952702, 5.35364484787, 5.41184711456, -3.62035489082], [73.6719818115, -21.0070991516, -52.7841186523, 18.3840026855, 15.9209814072, -44.6767463684, -25.9011669159, 50.5674133301, 126.598060608, 16.2248668671, -9.58573055267, 8.15973854065, -10.1263465881], [31.8793106079, -16.7289104462, -34.5405158997, -13.4046545029, -10.9666900635, 15.0492858887, 11.9349451065, 0.504520952702, 16.2248668671, 103.441040039, 38.071723938, -8.08163928986, -4.5021314621], [-2.33871126175, 0.824068069458, -6.40189170837, -18.6042003632, -18.7948169708, 8.23488616943, 31.8028182983, 5.35364484787, -9.58573055267, 38.071723938, 76.4738235474, 14.9487476349, 6.15387439728], [-13.3749637604, -12.3323163986, 17.6978912354, -2.83891558647, -3.07669973373, -1.22412014008, -0.54034280777, 5.41184711456, 8.15973854065, -8.08163928986, 14.9487476349, 64.7504806519, 25.5373516083], [-79.1653823853, 6.45720338821, 47.5892448425, -2.38629126549, 0.143812254071, 7.54730129242, 10.7445898056, -3.62035489082, -10.1263465881, -4.5021314621, 6.15387439728, 25.5373516083, 67.1154251099]],
