{
"lowlevel": {
    "average_loudness": 0.96323877573,
    "barkbands_crest": {
        "dmean": 2.69028115273,
        "dmean2": 4.52012109756,
        "dvar": 7.68845176697,
        "dvar2": 20.4766941071,
        "max": 20.9004116058,
        "mean": 7.91066360474,
        "median": 7.12105607986,
        "min": 2.26465988159,
        "var": 12.4665517807
    },
    "barkbands_flatness_db": {
        "dmean": 0.0216060262173,
        "dmean2": 0.0351575575769,
        "dvar": 0.000493716273922,
        "dvar2": 0.00123107596301,
        "max": 0.239767178893,
        "mean": 0.105065412819,
        "median": 0.098596394062,
        "min": 0.0360303632915,
        "var": 0.00126644468401
    },
    "barkbands_kurtosis": {
        "dmean": 1.43195092678,
        "dmean2": 2.37255644798,
        "dvar": 6.98120307922,
        "dvar2": 17.3563709259,
        "max": 33.4400024414,
        "mean": -0.189721778035,
        "median": -1.15742957592,
        "min": -1.94767856598,
        "var": 8.32287788391
    },
    "barkbands_skewness": {
        "dmean": 0.605846643448,
        "dmean2": 0.964199364185,
        "dvar": 0.396144300699,
        "dvar2": 0.978117406368,
        "max": 5.57268190384,
        "mean": 0.562609016895,
        "median": 0.479728996754,
        "min": -2.74950432777,
        "var": 0.99457347393
    },
    "barkbands_spread": {
        "dmean": 8.82343482971,
        "dmean2": 14.3283662796,
        "dvar": 68.4500198364,
        "dvar2": 173.390518188,
        "max": 89.1635894775,
        "mean": 46.6798019409,
        "median": 48.2066841125,
        "min": 6.86817741394,
        "var": 168.711181641
    },
    "dissonance": {
        "dmean": 0.00504000298679,
        "dmean2": 0.00865150149912,
        "dvar": 3.02867119899e-05,
        "dvar2": 8.19009364932e-05,
        "max": 0.49998614192,
        "mean": 0.491411417723,
        "median": 0.492970079184,
        "min": 0.439161419868,
        "var": 4.41072515969e-05
    },
    "dynamic_complexity": 2.70106387138,
    "erbbands_crest": {
        "dmean": 2.08617758751,
        "dmean2": 3.41622281075,
        "dvar": 4.30208492279,
        "dvar2": 9.76282119751,
        "max": 28.6864395142,
        "mean": 7.64402770996,
        "median": 6.62639379501,
        "min": 2.73093914986,
        "var": 12.1982526779
    },
    "erbbands_flatness_db": {
        "dmean": 0.0208469238132,
        "dmean2": 0.0315709933639,
        "dvar": 0.000464753247797,
        "dvar2": 0.00104350491893,
        "max": 0.316494196653,
        "mean": 0.150817111135,
        "median": 0.143409878016,
        "min": 0.0740644931793,
        "var": 0.00145042326767
    },
    "erbbands_kurtosis": {
        "dmean": 1.86246621609,
        "dmean2": 2.97251033783,
        "dvar": 7.86412382126,
        "dvar2": 20.3880748749,
        "max": 51.1766395569,
        "mean": 2.79461193085,
        "median": 1.5579662323,
        "min": -1.7213691473,
        "var": 22.3320045471
    },
    "erbbands_skewness": {
        "dmean": 0.379043877125,
        "dmean2": 0.597169578075,
        "dvar": 0.130120903254,
        "dvar2": 0.325041115284,
        "max": 1.2123054266,
        "mean": -1.28387010098,
        "median": -1.24978041649,
        "min": -5.68509101868,
        "var": 0.589538455009
    },
    "erbbands_spread": {
        "dmean": 9.40499591827,
        "dmean2": 15.2064714432,
        "dvar": 88.1358337402,
        "dvar2": 213.261383057,
        "max": 111.920463562,
        "mean": 36.0843200684,
        "median": 33.8351707458,
        "min": 3.63982796669,
        "var": 288.705047607
    },
    "hfc": {
        "dmean": 9.43284988403,
        "dmean2": 14.8926362991,
        "dvar": 180.696365356,
        "dvar2": 451.152130127,
        "max": 137.632156372,
        "mean": 25.1653785706,
        "median": 21.8865509033,
        "min": 1.27501037284e-16,
        "var": 343.807434082
    },
    "melbands_crest": {
        "dmean": 4.00889968872,
        "dmean2": 6.69833135605,
        "dvar": 11.2310123444,
        "dvar2": 29.138420105,
        "max": 29.4841861725,
        "mean": 14.3797550201,
        "median": 14.0127573013,
        "min": 2.47163629532,
        "var": 24.1268463135
    },
    "melbands_flatness_db": {
        "dmean": 0.0289386808872,
        "dmean2": 0.0472055189312,
        "dvar": 0.000856467173435,
        "dvar2": 0.00227678124793,
        "max": 0.328974604607,
        "mean": 0.142246887088,
        "median": 0.134737610817,
        "min": 0.00800875108689,
        "var": 0.00221862574108
    },
    "melbands_kurtosis": {
        "dmean": 6.91787862778,
        "dmean2": 11.5563631058,
        "dvar": 157.387680054,
        "dvar2": 407.223632812,
        "max": 157.923339844,
        "mean": 7.56005573273,
        "median": 3.31170105934,
        "min": -1.89668679237,
        "var": 179.656173706
    },
    "melbands_skewness": {
        "dmean": 0.958376765251,
        "dmean2": 1.54708409309,
        "dvar": 1.23902535439,
        "dvar2": 3.16662621498,
        "max": 10.997048378,
        "mean": 2.36354207993,
        "median": 2.07830572128,
        "min": -1.35235404968,
        "var": 2.39111733437
    },
    "melbands_spread": {
        "dmean": 17.010931015,
        "dmean2": 27.4245109558,
        "dvar": 274.19317627,
        "dvar2": 655.320739746,
        "max": 169.451034546,
        "mean": 54.6182899475,
        "median": 50.8176307678,
        "min": 3.16376471519,
        "var": 795.259155273
    },
    "pitch_salience": {
        "dmean": 0.0862135365605,
        "dmean2": 0.146592155099,
        "dvar": 0.00603845762089,
        "dvar2": 0.0160349290818,
        "max": 0.83978164196,
        "mean": 0.599085748196,
        "median": 0.610856831074,
        "min": 0.233428001404,
        "var": 0.0106775453314
    },
    "silence_rate_20dB": {
        "dmean": 0,
        "dmean2": 0,
        "dvar": 0,
        "dvar2": 0,
        "max": 1,
        "mean": 1,
        "median": 1,
        "min": 1,
        "var": 0
    },
    "silence_rate_30dB": {
        "dmean": 0,
        "dmean2": 0,
        "dvar": 0,
        "dvar2": 0,
        "max": 1,
        "mean": 1,
        "median": 1,
        "min": 1,
        "var": 0
    },
    "silence_rate_60dB": {
        "dmean": 0.0163325909525,
        "dmean2": 0.032689448446,
        "dvar": 0.0160660259426,
        "dvar2": 0.0316205359995,
        "max": 1,
        "mean": 0.091246291995,
        "median": 0,
        "min": 0,
        "var": 0.0829209312797
    },
    "spectral_centroid": {
        "dmean": 272.350311279,
        "dmean2": 413.247528076,
        "dvar": 112185.765625,
        "dvar2": 193890.171875,
        "max": 11033,
        "mean": 2656.32348633,
        "median": 2713.25244141,
        "min": 624.510314941,
        "var": 276702.375
    },
    "spectral_complexity": {
        "dmean": 5.39272451401,
        "dmean2": 7.84546804428,
        "dvar": 27.0418319702,
        "dvar2": 49.2316741943,
        "max": 60,
        "mean": 28.0623149872,
        "median": 30,
        "min": 0,
        "var": 149.547927856
    },
    "spectral_decrease": {
        "dmean": 2.43078157602e-09,
        "dmean2": 4.14578948948e-09,
        "dvar": 1.46380925222e-17,
        "dvar2": 3.84011783409e-17,
        "max": 7.10308602432e-29,
        "mean": -4.35908287244e-09,
        "median": -3.41791883685e-09,
        "min": -3.00638518524e-08,
        "var": 1.39700449159e-17
    },
    "spectral_energy": {
        "dmean": 0.00981953460723,
        "dmean2": 0.016668273136,
        "dvar": 0.000229643803323,
        "dvar2": 0.000601447944064,
        "max": 0.116320975125,
        "mean": 0.0187347289175,
        "median": 0.015367416665,
        "min": 1.129663195e-20,
        "var": 0.000227125638048
    },
    "spectral_energyband_high": {
        "dmean": 0.000789806304965,
        "dmean2": 0.00123215513304,
        "dvar": 1.27237865399e-06,
        "dvar2": 2.94395977107e-06,
        "max": 0.0147437117994,
        "mean": 0.00153035309631,
        "median": 0.00108724832535,
        "min": 7.86958470591e-21,
        "var": 2.38137135966e-06
    },
    "spectral_energyband_low": {
        "dmean": 0.00707310577855,
        "dmean2": 0.0123136043549,
        "dvar": 0.000169466933585,
        "dvar2": 0.000448270933703,
        "max": 0.107297487557,
        "mean": 0.00821406580508,
        "median": 0.00474291061983,
        "min": 1.41306230572e-22,
        "var": 0.00013803197362
    },
    "spectral_energyband_middle_high": {
        "dmean": 0.00193307257723,
        "dmean2": 0.00309565733187,
        "dvar": 1.00340330391e-05,
        "dvar2": 2.67431842076e-05,
        "max": 0.0285333953798,
        "mean": 0.00545636797324,
        "median": 0.00428245961666,
        "min": 1.75054157005e-21,
        "var": 1.86110119103e-05
    },
    "spectral_energyband_middle_low": {
        "dmean": 0.00251722475514,
        "dmean2": 0.00417627952993,
        "dvar": 1.78148075065e-05,
        "dvar2": 4.76099739899e-05,
        "max": 0.0452225729823,
        "mean": 0.00421138899401,
        "median": 0.0029868115671,
        "min": 3.60981740487e-22,
        "var": 2.0467046852e-05
    },
    "spectral_entropy": {
        "dmean": 0.134035989642,
        "dmean2": 0.19634154439,
        "dvar": 0.0210749115795,
        "dvar2": 0.0401009507477,
        "max": 9.99221992493,
        "mean": 7.86798381805,
        "median": 7.90349149704,
        "min": 6.62962675095,
        "var": 0.0617020651698
    },
    "spectral_flux": {
        "dmean": 0.0261563248932,
        "dmean2": 0.0411283783615,
        "dvar": 0.00108966534026,
        "dvar2": 0.00201593735255,
        "max": 0.279096543789,
        "mean": 0.085505746305,
        "median": 0.075993180275,
        "min": 1.45742587847e-05,
        "var": 0.00208310247399
    },
    "spectral_kurtosis": {
        "dmean": 1.42913615704,
        "dmean2": 2.40730166435,
        "dvar": 2.78848147392,
        "dvar2": 7.89266824722,
        "max": 21.1329059601,
        "mean": 3.70533132553,
        "median": 3.24896359444,
        "min": -1.20015788078,
        "var": 4.37808990479
    },
    "spectral_rms": {
        "dmean": 0.000951505964622,
        "dmean2": 0.00154510024004,
        "dvar": 1.47748323798e-06,
        "dvar2": 3.73186867364e-06,
        "max": 0.0106528811157,
        "mean": 0.00394975254312,
        "median": 0.00387202808633,
        "min": 3.31980493443e-12,
        "var": 2.67726386483e-06
    },
    "spectral_rolloff": {
        "dmean": 759.594055176,
        "dmean2": 1267.57995605,
        "dvar": 1079325.125,
        "dvar2": 2315034,
        "max": 19229.1503906,
        "mean": 3161.375,
        "median": 3283.81347656,
        "min": 107.666015625,
        "var": 2068127.875
    },
    "spectral_skewness": {
        "dmean": 0.186057552695,
        "dmean2": 0.3067278862,
        "dvar": 0.0340406857431,
        "dvar2": 0.0926272347569,
        "max": 2.0043694973,
        "mean": 0.993855178356,
        "median": 1.00491309166,
        "min": -0.181310668588,
        "var": 0.063162855804
    },
    "spectral_spread": {
        "dmean": 605877.3125,
        "dmean2": 916878.1875,
        "dvar": 1.17319440794e+12,
        "dvar2": 1.47013107712e+12,
        "max": 40603540,
        "mean": 3822286.5,
        "median": 3729961,
        "min": 1417980.625,
        "var": 1.93086305075e+12
    },
    "spectral_strongpeak": {
        "dmean": 0.499329417944,
        "dmean2": 0.855332732201,
        "dvar": 1.91135954857,
        "dvar2": 4.38921689987,
        "max": 13.473031044,
        "mean": 0.574593663216,
        "median": 0.21918861568,
        "min": 4.93948926206e-09,
        "var": 2.06985831261
    },
    "zerocrossingrate": {
        "dmean": 0.0128348730505,
        "dmean2": 0.0149350212887,
        "dvar": 0.000212729224586,
        "dvar2": 0.000218034881982,
        "max": 0.49609375,
        "mean": 0.100068680942,
        "median": 0.096923828125,
        "min": 0.0146484375,
        "var": 0.00126578204799
    },
    "barkbands": {
        "dmean": [0.000152249325765, 0.00468552438542, 0.00259537622333, 0.00103624816984, 0.000866843736731, 0.000660954683553, 0.000494623032864, 0.000144700796227, 0.000211665450479, 0.000134025191073, 0.000155765301315, 0.000169862367329, 0.000182187563041, 0.000167289894307, 0.000232601130847, 0.000409002968809, 0.0005098747788, 0.000444612465799, 0.000605790235568, 0.000418888084823, 0.000209871403058, 0.000166759025888, 0.000135627531563, 0.000131000575493, 6.68883440085e-05, 2.90417738142e-05, 3.1440379189e-06],
        "dmean2": [0.000266301387455, 0.00831360183656, 0.00451150815934, 0.00177040230483, 0.00148324132897, 0.00112063507549, 0.000850374228321, 0.00024332072644, 0.000355021038558, 0.000224113158765, 0.000266468996415, 0.000293396238703, 0.000310820818413, 0.00028712049243, 0.000378583587008, 0.00067309482256, 0.000835193495732, 0.000720479816664, 0.000966613471974, 0.000691019755322, 0.00034558295738, 0.00027498829877, 0.000223276016186, 0.000203241230338, 0.000103315418528, 4.87299403176e-05, 5.78989602218e-06],
        "dvar": [7.96311994122e-08, 7.87721364759e-05, 2.60307569988e-05, 2.82153223452e-06, 2.29242255045e-06, 1.47780031057e-06, 2.07325410884e-06, 1.26684867041e-07, 1.66554357861e-07, 1.0793514349e-07, 1.30805815957e-07, 1.59350889817e-07, 2.30451220773e-07, 1.39231758567e-07, 2.33430441199e-07, 5.85667862651e-07, 1.33571143124e-06, 6.01797978561e-07, 8.83708025867e-07, 3.24728603118e-07, 9.38381745641e-08, 7.17177286447e-08, 4.75378136855e-08, 8.14211560396e-08, 3.00469409353e-08, 6.77239686553e-09, 2.19988000039e-10],
        "dvar2": [2.06915345302e-07, 0.000214700005017, 6.75993360346e-05, 6.8261274464e-06, 6.21975050308e-06, 3.75053969037e-06, 5.34963373866e-06, 3.25115564692e-07, 4.00624486474e-07, 2.67568907475e-07, 3.59691910035e-07, 4.23079995926e-07, 6.03856960879e-07, 3.75423724108e-07, 5.27038821474e-07, 1.28857243453e-06, 3.51578705704e-06, 1.55199109031e-06, 1.93030950868e-06, 8.07548701687e-07, 2.40417477926e-07, 1.85123795404e-07, 1.18392428305e-07, 1.35423675829e-07, 4.78470987275e-08, 1.6652307977e-08, 6.15311357421e-10],
        "max": [0.00165246869437, 0.0553334802389, 0.060291826725, 0.0206281412393, 0.0162514038384, 0.0160358287394, 0.0183167159557, 0.00491153867915, 0.00722735095769, 0.004785138648, 0.00402065180242, 0.00447194091976, 0.00615221261978, 0.0034988427069, 0.00660884380341, 0.0144850891083, 0.0221529211849, 0.0105343582109, 0.0138113824651, 0.00659325905144, 0.00379423424602, 0.00296316854656, 0.00300886947662, 0.00663449801505, 0.00376743613742, 0.0015672754962, 0.000225433264859],
        "mean": [0.000110753950139, 0.00444037327543, 0.00304030487314, 0.00120670371689, 0.00108053977601, 0.000910123577341, 0.000505563570186, 0.000166516721947, 0.000302674045088, 0.000168552796822, 0.000182419025805, 0.000195890315808, 0.000195086773601, 0.000226446732995, 0.000361095095286, 0.000692465808243, 0.000907822977751, 0.000789088662714, 0.00123836100101, 0.000874134420883, 0.000392533052946, 0.000247141346335, 0.000185120399692, 0.000191321159946, 9.31863105507e-05, 2.85415244434e-05, 1.98071893465e-06],
        "median": [1.85128337762e-05, 0.00198529078625, 0.00174398440868, 0.000563469599001, 0.000633364077657, 0.00045908865286, 0.000162007432664, 5.98075130256e-05, 0.000145100610098, 6.75442861393e-05, 8.93846954568e-05, 8.977073594e-05, 7.09725281922e-05, 8.79006402101e-05, 0.000138595773024, 0.000431001302786, 0.000590890471358, 0.000487409735797, 0.000899831356946, 0.000721785530914, 0.000294007826596, 0.000138331146445, 9.55593568506e-05, 9.06197310542e-05, 3.84697123081e-05, 8.35798709886e-06, 3.57244829274e-08],
        "min": [5.64013774672e-23, 6.94785329523e-23, 2.89073913533e-23, 1.05384512086e-23, 1.32329515696e-23, 5.7620603017e-23, 8.4036582305e-23, 3.14890680388e-23, 1.35870221628e-22, 6.69184899883e-23, 8.4572641689e-23, 8.09902602354e-23, 1.3757826326e-22, 1.26615608411e-22, 7.47002115433e-23, 3.80459915306e-22, 5.59231068776e-23, 2.82010427744e-22, 3.02421503158e-22, 2.48388974015e-22, 4.01976355242e-22, 5.28595068609e-22, 4.8312063268e-22, 8.20202942209e-22, 1.25668778425e-21, 2.03288400095e-21, 2.41215398585e-21],
        "var": [5.86481689879e-08, 5.68188952457e-05, 2.32084039453e-05, 3.90836339648e-06, 2.12954159906e-06, 1.98121847461e-06, 1.8582904886e-06, 1.52378376583e-07, 3.32607157816e-07, 1.48601515093e-07, 1.1077004558e-07, 1.53672630177e-07, 2.05180910484e-07, 1.95071791609e-07, 4.68757207273e-07, 1.0337613503e-06, 1.90927494259e-06, 1.02782314571e-06, 1.78275263352e-06, 5.53261315872e-07, 1.39498354201e-07, 9.69645697069e-08, 6.44785629333e-08, 1.90013096812e-07, 6.56062226767e-08, 7.26300219966e-09, 1.32762148497e-10]
    },
    "erbbands": {
        "dmean": [0.111317567527, 1.14910209179, 3.12017560005, 2.89605903625, 3.26890516281, 3.06020140648, 3.66020798683, 5.93630647659, 6.82372999191, 5.55648565292, 3.17428231239, 5.21353816986, 3.47857618332, 5.4497590065, 5.50521612167, 7.03696346283, 8.25377941132, 7.19089794159, 11.5386686325, 10.3563222885, 25.2415084839, 27.7035369873, 19.9584388733, 34.4153366089, 24.6308078766, 19.9725837708, 10.6978139877, 6.8162946701, 6.42168521881, 5.2077422142, 3.5193195343, 2.75178289413, 2.13435101509, 0.928805112839, 0.388217449188, 0.148858368397, 0.0495647713542, 0.0111986286938, 0.000285121728666, 2.1208785256e-05],
        "dmean2": [0.200448527932, 2.04200029373, 5.43752670288, 5.01735496521, 5.66171598434, 5.21649122238, 5.88208770752, 10.1570615768, 11.5400571823, 9.73686408997, 5.29603719711, 8.82740688324, 5.9144525528, 9.1027841568, 9.53299045563, 12.1948366165, 14.0493841171, 12.1744966507, 18.8276538849, 16.519739151, 41.4568023682, 45.0678253174, 32.501411438, 55.1366081238, 39.9595832825, 33.0311813354, 17.1521701813, 11.460893631, 10.4176673889, 8.59970092773, 5.85020017624, 4.38203668594, 3.31443834305, 1.41263961792, 0.615010559559, 0.247252807021, 0.0836242288351, 0.0201174728572, 0.000511815364007, 3.58578763553e-05],
        "dvar": [0.0469651184976, 4.80096435547, 37.1534996033, 22.3868427277, 30.2809829712, 27.1469936371, 34.0119781494, 142.486495972, 360.538696289, 290.786315918, 42.8453788757, 124.919624329, 81.1769561768, 146.837097168, 223.083282471, 253.688705444, 475.024688721, 298.992950439, 712.657348633, 333.230895996, 2346.80273438, 4095.74389648, 1140.44848633, 3344.72875977, 1315.54089355, 747.405883789, 233.80871582, 136.629760742, 113.096687317, 60.8545570374, 34.0251502991, 27.7909641266, 30.835729599, 6.13314247131, 0.993622243404, 0.168837100267, 0.0212825704366, 0.00188660039566, 1.16633532343e-06, 1.58804414063e-09],
        "dvar2": [0.126201719046, 13.1251468658, 96.0842514038, 59.5028610229, 79.2429122925, 73.2214584351, 85.3403930664, 372.224334717, 896.560852051, 799.641357422, 104.976013184, 302.944793701, 222.900939941, 367.186004639, 605.81262207, 672.114807129, 1254.3046875, 791.365600586, 1664.89233398, 796.082641602, 5025.16503906, 10643.5947266, 2985.63623047, 8030.25537109, 3062.89794922, 1854.70300293, 586.314880371, 371.405151367, 293.58001709, 154.240005493, 86.4698638916, 57.3817672729, 48.4162025452, 9.60845279694, 1.81027698517, 0.37874931097, 0.0536657385528, 0.00526408199221, 3.2588789054e-06, 4.24078949735e-09],
        "max": [1.22298836708, 14.7092494965, 66.4677963257, 44.6309967041, 53.9726600647, 60.0424308777, 107.354980469, 130.446182251, 332.053985596, 241.555328369, 92.9697113037, 197.913131714, 119.02268219, 184.429931641, 146.378128052, 190.937606812, 273.995819092, 191.915939331, 522.399841309, 230.752853394, 881.929199219, 1148.08654785, 491.98348999, 555.692687988, 460.652679443, 291.508605957, 223.493789673, 147.762985229, 131.478225708, 75.3052444458, 72.871963501, 116.423576355, 122.081695557, 56.0277862549, 22.5509471893, 9.61230278015, 2.47415709496, 0.812787413597, 0.0196617785841, 0.000538844615221],
        "mean": [0.0905887335539, 1.13600170612, 3.65452933311, 3.62547922134, 3.71627306938, 3.8576529026, 5.24771642685, 7.62758350372, 7.56360244751, 5.49825954437, 4.42965841293, 7.23728895187, 4.60698843002, 7.40611028671, 6.5756316185, 8.61562919617, 9.16596126556, 9.72253894806, 17.4919147491, 19.133436203, 46.1274299622, 52.8196411133, 40.6496200562, 64.054649353, 55.1053657532, 41.8875198364, 22.7628498077, 11.0188245773, 9.60932064056, 7.18298387527, 4.69811820984, 4.08575868607, 2.97612762451, 1.3305696249, 0.492242068052, 0.167591452599, 0.0458562448621, 0.00814241077751, 0.000216731044929, 3.34913893312e-05],
        "median": [0.0287958234549, 0.547665834427, 2.12097144127, 2.16256380081, 1.91397190094, 2.3564863205, 2.88635778427, 3.86167192459, 2.76189804077, 1.70605397224, 1.86945044994, 3.28303265572, 2.15534353256, 3.65659666061, 2.90579414368, 4.18551874161, 3.55088758469, 3.54561424255, 6.5648856163, 10.5845870972, 30.3017730713, 35.0691299438, 26.3976974487, 44.134223938, 42.5634002686, 34.8663253784, 18.826089859, 6.90114974976, 5.44882392883, 3.5652346611, 2.41550660133, 2.12496113777, 1.2574596405, 0.571617305279, 0.176418453455, 0.0621776506305, 0.0120573956519, 0.000910743605345, 4.03201192967e-05, 2.41787201958e-05],
        "min": [3.66456399828e-21, 9.5315585776e-21, 3.32173858952e-20, 3.62544376753e-20, 2.19183426813e-20, 6.35374682973e-20, 9.67239609352e-20, 6.68768907804e-19, 7.13275102169e-19, 1.43257838645e-18, 1.39134498388e-18, 3.09406680651e-18, 1.99061634796e-18, 2.79197961962e-18, 2.94922334535e-18, 4.47501940336e-18, 6.7080381347e-18, 6.30587698295e-18, 5.47273363895e-18, 1.26664752721e-17, 1.46628649272e-17, 4.68790798248e-18, 1.28638984689e-17, 1.47163355363e-17, 1.85036001689e-17, 9.75672767396e-18, 1.7130773174e-17, 1.27174213261e-17, 1.6591196643e-17, 1.81344261528e-17, 1.49683907039e-17, 1.43798947114e-17, 1.58981483298e-17, 1.39996480557e-17, 8.45535750346e-18, 6.92108429173e-18, 3.91349198043e-18, 1.44909521873e-18, 3.04324012508e-19, 4.23632214289e-20],
        "var": [0.0323023051023, 3.51253771782, 32.8666496277, 23.7111148834, 30.5291137695, 27.1018295288, 58.5004119873, 160.899917603, 375.503265381, 228.347824097, 74.8993453979, 225.235931396, 85.2817153931, 198.530761719, 186.783737183, 250.477722168, 415.146362305, 401.464294434, 1293.02026367, 715.240844727, 4328.6796875, 6120.63623047, 2294.00878906, 5331.52832031, 2773.14111328, 1252.69006348, 382.621643066, 162.638656616, 148.556976318, 83.6555252075, 43.0689659119, 53.3287353516, 71.3458251953, 13.8263454437, 1.93191552162, 0.244462922215, 0.0188811831176, 0.00119092944078, 7.27154883862e-07, 1.34526612072e-09]
    },
    "gfcc": {
        "mean": [-3.37265825272, 62.8762359619, -126.521766663, 76.6449508667, -49.1931686401, 9.3867893219, -38.5764122009, 17.7461509705, -27.7099342346, -0.619676947594, -13.3142528534, -0.360267013311, -8.87743854523],
        "cov": [[9619.84960938, -50.3730354309, -89.7831039429, -292.928344727, -228.192214966, 209.79800415, -262.32901001, 116.993873596, -60.5096740723, 213.567596436, -73.427406311, 127.009979248, -9.50287151337], [-50.3730354309, 813.399963379, -269.637512207, 1.04912829399, 77.4368591309, -129.462966919, 106.491928101, -70.1939849854, 49.6790046692, -70.6011886597, 89.8104782104, -83.8005371094, 105.878921509], [-89.7831039429, -269.637512207, 427.606018066, 11.6039428711, -32.5604515076, 76.8377227783, -22.6743278503, 28.4469451904, -27.8342723846, 33.561000824, -46.6067199707, 55.7862434387, -51.3981819153], [-292.928344727, 1.04912829399, 11.6039428711, 281.334747314, 107.093994141, 7.9044084549, 26.8567066193, -7.57559394836, 12.7041273117, -61.1385269165, 28.5550270081, -21.2509002686, 39.2774734497], [-228.192214966, 77.4368591309, -32.5604515076, 107.093994141, 247.656478882, -36.5999259949, 66.3068771362, -11.3509874344, 10.1484107971, -20.3873195648, 10.0516414642, -11.0470819473, 19.7058906555], [209.79800415, -129.462966919, 76.8377227783, 7.9044084549, -36.5999259949, 151.695510864, 2.56462955475, 23.0412025452, 8.63803958893, 9.14910507202, -8.08787536621, 3.71192193031, -19.5335254669], [-262.32901001, 106.491928101, -22.6743278503, 26.8567066193, 66.3068771362, 2.56462955475, 137.106307983, 10.9065742493, -0.775364995003, -49.0338363647, 14.3886041641, 2.95958662033, 0.665653407574], [116.993873596, -70.1939849854, 28.4469451904, -7.57559394836, -11.3509874344, 23.0412025452, 10.9065742493, 83.4244155884, 15.8197917938, 20.8558959961, -5.49938249588, 10.4681386948, -2.98989295959], [-60.5096740723, 49.6790046692, -27.8342723846, 12.7041273117, 10.1484107971, 8.63803958893, -0.775364995003, 15.8197917938, 72.825553894, 24.0441856384, 16.023815155, -22.06224823, 10.4259214401], [213.567596436, -70.6011886597, 33.561000824, -61.1385269165, -20.3873195648, 9.14910507202, -49.0338363647, 20.8558959961, 24.0441856384, 95.6806411743, 0.415182888508, 12.5663166046, -16.7376155853], [-73.427406311, 89.8104782104, -46.6067199707, 28.5550270081, 10.0516414642, -8.08787536621, 14.3886041641, -5.49938249588, 16.023815155, 0.415182888508, 73.2099533081, 1.17741525173, 25.978717804], [127.009979248, -83.8005371094, 55.7862434387, -21.2509002686, -11.0470819473, 3.71192193031, 2.95958662033, 10.4681386948, -22.06224823, 12.5663166046, 1.17741525173, 67.2510910034, -2.55373644829], [-9.50287151337, 105.878921509, -51.3981819153, 39.2774734497, 19.7058906555, -19.5335254669, 0.665653407574, -2.98989295959, 10.4259214401, -16.7376155853, 25.978717804, -2.55373644829, 69.6772079468]],
        "icov": [[0.000141280863318, -0.000215261636185, 0.000148853912833, -3.10078576149e-05, -2.47218686127e-05, -0.000378728291253, 0.000415557296947, -0.000302656117128, 0.000293218181469, -0.000222352246055, 0.000263453577645, -0.000484060321469, 0.000144260251545], [-0.000215261636185, 0.00364219257608, -2.62256944552e-05, 0.00139099406078, 0.000190435603145, 0.00233531882986, -0.00345769594423, 0.00263672834262, -0.00163660908584, 0.0006664301618, -0.00236588483676, 0.00427183415741, -0.00417670048773], [0.000148853912833, -2.62256944552e-05, 0.0036760494113, -0.00108419742901, 0.00025355417165, -0.00150003994349, 0.000430598272942, -0.000460700684926, 0.000898845260963, -0.00138700380921, 0.00192504900042, -0.00294847157784, 0.00157339929137], [-3.10078576149e-05, 0.00139099406078, -0.00108419742901, 0.0067281499505, -0.00274722068571, -0.000114851849503, 0.000857375387568, 0.000130422820803, -0.00191868992988, 0.00522577855736, -0.00341423624195, 0.00265213497914, -0.00305563909933], [-2.47218686127e-05, 0.000190435603145, 0.00025355417165, -0.00274722068571, 0.00642002373934, 0.00170587433968, -0.00422659097239, 0.00161473732442, 3.78915251531e-06, -0.0032566874288, 0.00165275391191, 0.00063741998747, -0.00116061570588], [-0.000378728291253, 0.00233531882986, -0.00150003994349, -0.000114851849503, 0.00170587433968, 0.0100569315255, -0.00359115516767, 0.000702735967934, -0.00261220824905, 0.000438983581262, -0.0016568537103, 0.00365940737538, -0.000992503017187], [0.000415557296947, -0.00345769594423, 0.000430598272942, 0.000857375387568, -0.00422659097239, -0.00359115516767, 0.0165902785957, -0.00635804142803, -0.000304624612909, 0.00849544722587, -0.00140605377965, -0.00680308975279, 0.00726369256154], [-0.000302656117128, 0.00263672834262, -0.000460700684926, 0.000130422820803, 0.00161473732442, 0.000702735967934, -0.00635804142803, 0.0171701982617, -0.00435745762661, -0.00371445179917, 0.00107265624683, 0.00118829775602, -0.00452009681612], [0.000293218181469, -0.00163660908584, 0.000898845260963, -0.00191868992988, 3.78915251531e-06, -0.00261220824905, -0.000304624612909, -0.00435745762661, 0.0222440436482, -0.00895581394434, -0.0013453878928, 0.00583224091679, -0.0014102878049], [-0.000222352246055, 0.0006664301618, -0.00138700380921, 0.00522577855736, -0.0032566874288, 0.000438983581262, 0.00849544722587, -0.00371445179917, -0.00895581394434, 0.0231862515211, -0.00512670818716, -0.00331287598237, 0.00449144700542], [0.000263453577645, -0.00236588483676, 0.00192504900042, -0.00341423624195, 0.00165275391191, -0.0016568537103, -0.00140605377965, 0.00107265624683, -0.0013453878928, -0.00512670818716, 0.0207708515227, -0.00582013465464, -0.00288455560803], [-0.000484060321469, 0.00427183415741, -0.00294847157784, 0.00265213497914, 0.00063741998747, 0.00365940737538, -0.00680308975279, 0.00118829775602, 0.00583224091679, -0.00331287598237, -0.00582013465464, 0.0267465952784, -0.00778394471854], [0.000144260251545, -0.00417670048773, 0.00157339929137, -0.00305563909933, -0.00116061570588, -0.000992503017187, 0.00726369256154, -0.00452009681612, -0.0014102878049, 0.00449144700542, -0.00288455560803, -0.00778394471854, 0.0254682395607]]
    },
    "melbands": {
        "dmean": [0.00114971178118, 0.00158105161972, 0.00051539047854, 0.000217584849452, 0.000120586504636, 0.000131263193907, 0.000103321144707, 5.33011225343e-05, 2.85911683022e-05, 3.151646888e-05, 1.76487083081e-05, 2.18939021579e-05, 2.01091825147e-05, 1.95713400899e-05, 1.93514079001e-05, 1.67131947819e-05, 1.3806723473e-05, 1.94221920538e-05, 1.77051169885e-05, 1.71958745341e-05, 3.52477654815e-05, 2.901193875e-05, 2.67929826805e-05, 2.08059645956e-05, 3.14163589792e-05, 2.29754950851e-05, 1.74723336386e-05, 1.34638448799e-05, 7.60085185902e-06, 5.32319700142e-06, 3.87744557884e-06, 3.65653272638e-06, 3.49768470187e-06, 2.86663271254e-06, 2.10278017221e-06, 1.91831168195e-06, 1.80652625659e-06, 1.73756563981e-06, 1.09291045192e-06, 7.45585282402e-07],
        "dmean2": [0.00204991712235, 0.00276272371411, 0.000889731454663, 0.000374889525119, 0.000194500404177, 0.000222729853704, 0.000176171874045, 9.3423826911e-05, 4.77368776046e-05, 5.30039069417e-05, 3.02667685901e-05, 3.66520580428e-05, 3.46675624314e-05, 3.38560166711e-05, 3.30111361109e-05, 2.84777015622e-05, 2.38207794609e-05, 3.16096593451e-05, 2.88388000627e-05, 2.87881157419e-05, 5.7841592934e-05, 4.75137821923e-05, 4.47998099844e-05, 3.3312720916e-05, 5.03626033606e-05, 3.61270140274e-05, 2.89077179332e-05, 2.2521991923e-05, 1.21617094919e-05, 8.82172753336e-06, 6.61690000925e-06, 5.93696086071e-06, 5.88651846556e-06, 4.7666080718e-06, 3.55508927896e-06, 3.1653194128e-06, 2.87426996692e-06, 2.77361277767e-06, 1.67891550973e-06, 1.14193107947e-06],
        "dvar": [4.83089525005e-06, 9.20830279938e-06, 6.32083583696e-07, 1.38386837989e-07, 3.49144464451e-08, 6.79012828186e-08, 8.44440180003e-08, 2.53462921762e-08, 3.0827205233e-09, 4.3387817783e-09, 2.13547757255e-09, 2.41544628743e-09, 2.51513343485e-09, 2.20659712724e-09, 1.96658489493e-09, 2.40204123259e-09, 1.07625675039e-09, 2.04192640574e-09, 1.31466038056e-09, 9.54237577844e-10, 5.49059331334e-09, 3.39908456937e-09, 3.49599904581e-09, 1.44096468091e-09, 2.83125389799e-09, 1.66792901712e-09, 5.28892374341e-10, 3.90283416696e-10, 1.26547203272e-10, 6.6965079315e-11, 4.71596303675e-11, 3.52420349847e-11, 3.19275890448e-11, 1.92481898476e-11, 1.19487900477e-11, 1.55242294714e-11, 1.4528982184e-11, 2.13758160478e-11, 9.70577611337e-12, 3.93850143471e-12],
        "dvar2": [1.30482676468e-05, 2.43488466367e-05, 1.64782977663e-06, 3.7634885075e-07, 8.85173676579e-08, 1.76980918809e-07, 2.1357303126e-07, 6.93766253335e-08, 7.54673834535e-09, 1.05609609946e-08, 5.85287596166e-09, 5.89312421084e-09, 6.87597445648e-09, 5.9735589808e-09, 5.19344300898e-09, 6.33861585442e-09, 2.87638912688e-09, 4.92159690779e-09, 3.08183878417e-09, 2.75490630308e-09, 1.11899112198e-08, 8.54180015608e-09, 9.88603066077e-09, 3.6354370625e-09, 6.89788226538e-09, 3.3284848211e-09, 1.37690281399e-09, 9.56353218839e-10, 3.22054022339e-10, 1.73625600008e-10, 1.29588978437e-10, 8.99015931144e-11, 8.38806871184e-11, 4.80625469979e-11, 3.09660456999e-11, 3.71504424446e-11, 3.20406132182e-11, 3.56135398949e-11, 1.55245920286e-11, 6.98699691853e-12],
        "max": [0.0116395335644, 0.0292247831821, 0.00661005964503, 0.00404051691294, 0.0029971615877, 0.00295334868133, 0.0042445557192, 0.00217144098133, 0.000881954561919, 0.0011446790304, 0.00060561549617, 0.00073894218076, 0.000490239704959, 0.000544173642993, 0.00054264429491, 0.00072063843254, 0.000321569212247, 0.000957361015026, 0.000440101604909, 0.000374666473363, 0.00144008197822, 0.000999495154247, 0.0011910435278, 0.000605553097557, 0.000532814185135, 0.000618525082245, 0.000231954982155, 0.000217288717977, 0.000191399230971, 0.000111704190203, 7.7218930528e-05, 7.00815435266e-05, 5.94640841882e-05, 4.9571692216e-05, 3.73951879737e-05, 7.36419751775e-05, 9.86176601145e-05, 0.000100584788015, 7.77608438511e-05, 4.66145684186e-05],
        "mean": [0.00103458226658, 0.00181706633884, 0.000663808779791, 0.000266038550762, 0.000180402683327, 0.000172497573658, 0.000113476657134, 5.32039121026e-05, 3.98234988097e-05, 4.36633017671e-05, 2.19463290705e-05, 2.95975951303e-05, 2.33888185903e-05, 2.15346881305e-05, 2.32498096011e-05, 1.75279019459e-05, 1.7888200091e-05, 2.73292898783e-05, 2.69098218268e-05, 2.81472621282e-05, 6.05499444646e-05, 5.29829958396e-05, 4.56927409687e-05, 3.54853036697e-05, 5.43481546629e-05, 4.49328399554e-05, 3.48666253558e-05, 2.57698284258e-05, 1.5102404177e-05, 9.15046166483e-06, 5.55351925868e-06, 5.4661404647e-06, 4.58268550574e-06, 3.85784824175e-06, 2.63298420577e-06, 2.60796400653e-06, 2.54899646279e-06, 2.39683754444e-06, 1.43913200645e-06, 1.00610236586e-06],
        "median": [0.000422464625444, 0.00107170350384, 0.00039898470277, 0.000155920279212, 0.000110510693048, 8.9246299467e-05, 3.96297400584e-05, 1.61390453286e-05, 1.71156352735e-05, 2.02434312087e-05, 9.67329106061e-06, 1.44279210872e-05, 1.10280725494e-05, 8.92972366273e-06, 1.08196854853e-05, 5.75514150114e-06, 6.44937517791e-06, 9.84505004453e-06, 1.11697245302e-05, 1.77562669705e-05, 3.68599758076e-05, 3.5448007111e-05, 2.86213580694e-05, 2.15473628487e-05, 3.72767462977e-05, 3.07558620989e-05, 2.70264426945e-05, 2.13113635255e-05, 1.23696299852e-05, 6.41320593786e-06, 3.08767243951e-06, 3.1533299989e-06, 2.17996011997e-06, 1.89477577806e-06, 1.28217789097e-06, 1.26642248688e-06, 1.23065024127e-06, 9.12426514788e-07, 5.38420636076e-07, 4.13978568758e-07],
        "min": [2.76969474031e-23, 1.56562305074e-23, 5.67666792309e-24, 3.10271181924e-24, 3.10850284715e-24, 1.32853232562e-23, 1.40056163716e-23, 1.4259045826e-23, 1.38867381886e-23, 1.91932303709e-23, 9.58445726118e-24, 1.06588447933e-23, 9.93869761725e-24, 7.97337610078e-24, 1.73007956578e-23, 1.18854130604e-23, 1.17821148803e-23, 8.55409132299e-24, 8.16040161077e-24, 2.60449969369e-23, 1.38049080692e-23, 2.91936259829e-24, 9.64002856765e-24, 1.33045115089e-23, 1.15820842094e-23, 1.2281783322e-23, 1.36493936081e-23, 4.27797336192e-24, 1.19714217761e-23, 7.03399106851e-24, 7.38061102824e-24, 8.54382982034e-24, 1.12005958088e-23, 8.79224764142e-24, 8.5644648439e-24, 9.20820847472e-24, 7.93354651368e-24, 1.27043161555e-23, 7.49889914326e-24, 1.41902429556e-23],
        "var": [3.42480552717e-06, 7.65271124692e-06, 7.2152232633e-07, 1.28059724602e-07, 5.4860670673e-08, 7.93354359985e-08, 8.41668565954e-08, 2.05507344475e-08, 5.99132610191e-09, 7.86994736046e-09, 2.1752000201e-09, 3.43554673599e-09, 2.06860950591e-09, 2.09253014916e-09, 1.87391879791e-09, 2.05665751096e-09, 1.43585576762e-09, 3.45862005702e-09, 2.35927877235e-09, 1.33986155504e-09, 1.00798693836e-08, 5.36957411867e-09, 4.94744867297e-09, 2.31042784904e-09, 4.15583834013e-09, 3.49437545566e-09, 9.44032074734e-10, 5.57620172259e-10, 1.85811727116e-10, 9.1303055394e-11, 5.22234408495e-11, 4.84130027734e-11, 3.83109030611e-11, 2.63001669054e-11, 1.37312912776e-11, 2.11548816659e-11, 2.48239311051e-11, 4.65012854611e-11, 2.09449159405e-11, 7.72859901077e-12]
    },
    "mfcc": {
        "mean": [-633.100952148, 74.8115310669, -7.4093875885, 56.8035163879, 14.8464851379, 1.44160997868, 7.13597822189, 8.40888309479, -0.384495168924, 2.67881631851, -5.95568323135, 0.966522574425, 2.59222602844],
        "cov": [[7352.21289062, 223.248428345, -48.1081237793, -216.95552063, 21.4290122986, 1.82452321053, -103.193367004, -38.4477653503, -18.3361129761, -13.3133440018, -26.0019741058, 66.388923645, 56.8075714111], [223.248428345, 680.527526855, -225.613052368, 63.0078811646, -59.6772384644, -38.6605987549, 21.4477214813, -37.1762542725, 5.99390745163, 9.4270067215, -39.1649665833, 14.438129425, 12.2585391998], [-48.1081237793, -225.613052368, 396.764648438, -78.1004714966, -1.92970430851, 26.3385009766, -18.4515247345, 23.5412712097, -6.49199676514, -5.57878160477, 12.648557663, -5.00763559341, -0.308463573456], [-216.95552063, 63.0078811646, -78.1004714966, 289.239318848, 85.3131103516, 12.9270467758, 54.688747406, 33.8677635193, 11.3955011368, -14.6624889374, -28.147151947, -9.65016078949, 11.1016016006], [21.4290122986, -59.6772384644, -1.92970430851, 85.3131103516, 141.505859375, 35.4004936218, 10.5394859314, -8.78971672058, 19.6127223969, 18.1445884705, -3.82204222679, 5.26098155975, 3.57015228271], [1.82452321053, -38.6605987549, 26.3385009766, 12.9270467758, 35.4004936218, 101.615974426, 25.6712627411, 23.6781673431, -1.03772139549, 3.35518932343, 9.71361732483, -8.59458255768, -4.34754657745], [-103.193367004, 21.4477214813, -18.4515247345, 54.688747406, 10.5394859314, 25.6712627411, 99.4572296143, 58.3278999329, 4.43543195724, -12.83913517, -4.22348642349, 0.0600927248597, 6.96971702576], [-38.4477653503, -37.1762542725, 23.5412712097, 33.8677635193, -8.78971672058, 23.6781673431, 58.3278999329, 102.729896545, 16.9131374359, -10.3335418701, -2.085313797, -2.75698471069, 3.10529470444], [-18.3361129761, 5.99390745163, -6.49199676514, 11.3955011368, 19.6127223969, -1.03772139549, 4.43543195724, 16.9131374359, 61.3209495544, 22.8328723907, 0.85945802927, -0.528835892677, 5.40150737762], [-13.3133440018, 9.4270067215, -5.57878160477, -14.6624889374, 18.1445884705, 3.35518932343, -12.83913517, -10.3335418701, 22.8328723907, 68.6129837036, 20.8855400085, 8.49195861816, -8.45257282257], [-26.0019741058, -39.1649665833, 12.648557663, -28.147151947, -3.82204222679, 9.71361732483, -4.22348642349, -2.085313797, 0.85945802927, 20.8855400085, 58.9198570251, 10.1611127853, -4.56748008728], [66.388923645, 14.438129425, -5.00763559341, -9.65016078949, 5.26098155975, -8.59458255768, 0.0600927248597, -2.75698471069, -0.528835892677, 8.49195861816, 10.1611127853, 53.5835113525, 20.1441707611], [56.8075714111, 12.2585391998, -0.308463573456, 11.1016016006, 3.57015228271, -4.34754657745, 6.96971702576, 3.10529470444, 5.40150737762, -8.45257282257, -4.56748008728, 20.1441707611, 48.284450531]],
