{
"lowlevel": {
    "average_loudness": 0.958413660526,
    "barkbands_crest": {
        "dmean": 2.61940908432,
        "dmean2": 4.2768163681,
        "dvar": 5.06920337677,
        "dvar2": 13.1513175964,
        "max": 22.6653499603,
        "mean": 8.93508529663,
        "median": 8.35487651825,
        "min": 2.72595572472,
        "var": 11.458688736
    },
    "barkbands_flatness_db": {
        "dmean": 0.020793588832,
        "dmean2": 0.0333787873387,
        "dvar": 0.000333817355568,
        "dvar2": 0.000789517071098,
        "max": 0.345402300358,
        "mean": 0.151495546103,
        "median": 0.145866259933,
        "min": 0.0805326700211,
        "var": 0.00121027568821
    },
    "barkbands_kurtosis": {
        "dmean": 2.85395026207,
        "dmean2": 4.36938095093,
        "dvar": 44.5875091553,
        "dvar2": 89.4310379028,
        "max": 140.471298218,
        "mean": 2.61759400368,
        "median": -0.211035251617,
        "min": -1.95488750935,
        "var": 92.7534866333
    },
    "barkbands_skewness": {
        "dmean": 0.640270650387,
        "dmean2": 0.965961754322,
        "dvar": 0.389159351587,
        "dvar2": 0.803984761238,
        "max": 10.4752140045,
        "mean": 1.28380358219,
        "median": 1.06209123135,
        "min": -1.8069742918,
        "var": 1.85315549374
    },
    "barkbands_spread": {
        "dmean": 7.26098060608,
        "dmean2": 11.3836240768,
        "dvar": 47.2642364502,
        "dvar2": 103.894165039,
        "max": 101.254074097,
        "mean": 32.7371292114,
        "median": 32.6343078613,
        "min": 1.43903028965,
        "var": 189.484481812
    },
    "dissonance": {
        "dmean": 0.00939068198204,
        "dmean2": 0.0158868767321,
        "dvar": 0.000106553612568,
        "dvar2": 0.000295283913147,
        "max": 0.500000059605,
        "mean": 0.484846889973,
        "median": 0.48814406991,
        "min": 0.377718806267,
        "var": 0.00016481030616
    },
    "dynamic_complexity": 2.07880711555,
    "erbbands_crest": {
        "dmean": 2.85630393028,
        "dmean2": 4.56645393372,
        "dvar": 9.17029190063,
        "dvar2": 21.2673664093,
        "max": 28.6976642609,
        "mean": 8.16752338409,
        "median": 6.6741309166,
        "min": 2.20052027702,
        "var": 20.9891300201
    },
    "erbbands_flatness_db": {
        "dmean": 0.0150515791029,
        "dmean2": 0.0222291890532,
        "dvar": 0.000186772624147,
        "dvar2": 0.000406063278206,
        "max": 0.304072111845,
        "mean": 0.176693230867,
        "median": 0.172081768513,
        "min": 0.107030116022,
        "var": 0.000893098651432
    },
    "erbbands_kurtosis": {
        "dmean": 1.15982019901,
        "dmean2": 1.84666609764,
        "dvar": 2.11862254143,
        "dvar2": 5.00715827942,
        "max": 17.629365921,
        "mean": 0.852805972099,
        "median": 0.251647949219,
        "min": -1.78086161613,
        "var": 5.06968736649
    },
    "erbbands_skewness": {
        "dmean": 0.354110717773,
        "dmean2": 0.535729527473,
        "dvar": 0.104244716465,
        "dvar2": 0.217806473374,
        "max": 2.89047574997,
        "mean": -0.694037616253,
        "median": -0.758450031281,
        "min": -3.85861349106,
        "var": 0.464586615562
    },
    "erbbands_spread": {
        "dmean": 9.75794792175,
        "dmean2": 15.0901498795,
        "dvar": 83.3052215576,
        "dvar2": 178.124664307,
        "max": 143.536148071,
        "mean": 42.7778549194,
        "median": 40.30701828,
        "min": 5.89288330078,
        "var": 405.909759521
    },
    "hfc": {
        "dmean": 6.4636349678,
        "dmean2": 9.65770721436,
        "dvar": 65.4915237427,
        "dvar2": 155.553436279,
        "max": 133.505325317,
        "mean": 20.9157333374,
        "median": 15.9092493057,
        "min": 0.000170149229234,
        "var": 293.999755859
    },
    "melbands_crest": {
        "dmean": 3.38222050667,
        "dmean2": 5.57320261002,
        "dvar": 7.53568267822,
        "dvar2": 19.7849750519,
        "max": 29.0876255035,
        "mean": 15.1628360748,
        "median": 15.019238472,
        "min": 4.50931167603,
        "var": 21.7656803131
    },
    "melbands_flatness_db": {
        "dmean": 0.0272649023682,
        "dmean2": 0.0423151068389,
        "dvar": 0.000589911069255,
        "dvar2": 0.0013387867948,
        "max": 0.407607346773,
        "mean": 0.174899995327,
        "median": 0.167879924178,
        "min": 0.0429402217269,
        "var": 0.00265543023124
    },
    "melbands_kurtosis": {
        "dmean": 9.9935426712,
        "dmean2": 15.0398206711,
        "dvar": 431.247955322,
        "dvar2": 840.001953125,
        "max": 542.584533691,
        "mean": 16.0784988403,
        "median": 6.77868080139,
        "min": -1.70948898792,
        "var": 1051.15283203
    },
    "melbands_skewness": {
        "dmean": 0.952037453651,
        "dmean2": 1.44621765614,
        "dvar": 0.931968092918,
        "dvar2": 1.92363870144,
        "max": 19.3883895874,
        "mean": 3.05352568626,
        "median": 2.64372205734,
        "min": -0.59631216526,
        "var": 4.16770553589
    },
    "melbands_spread": {
        "dmean": 10.8683643341,
        "dmean2": 17.1415576935,
        "dvar": 111.440734863,
        "dvar2": 257.893249512,
        "max": 146.065979004,
        "mean": 34.0095710754,
        "median": 30.4752464294,
        "min": 0.909880101681,
        "var": 434.867340088
    },
    "pitch_salience": {
        "dmean": 0.0800076648593,
        "dmean2": 0.131358712912,
        "dvar": 0.00438406551257,
        "dvar2": 0.0112746544182,
        "max": 0.841428041458,
        "mean": 0.539295494556,
        "median": 0.542961835861,
        "min": 0.134503185749,
        "var": 0.0113228335977
    },
    "silence_rate_20dB": {
        "dmean": 0,
        "dmean2": 0,
        "dvar": 0,
        "dvar2": 0,
        "max": 1,
        "mean": 1,
        "median": 1,
        "min": 1,
        "var": 0
    },
    "silence_rate_30dB": {
        "dmean": 0,
        "dmean2": 0,
        "dvar": 0,
        "dvar2": 0,
        "max": 1,
        "mean": 1,
        "median": 1,
        "min": 1,
        "var": 0
    },
    "silence_rate_60dB": {
        "dmean": 0.002323779976,
        "dmean2": 0.00464936066419,
        "dvar": 0.00231846119277,
        "dvar2": 0.00695273373276,
        "max": 1,
        "mean": 0.0147115755826,
        "median": 0,
        "min": 0,
        "var": 0.0144942589104
    },
    "spectral_centroid": {
        "dmean": 296.975769043,
        "dmean2": 464.133026123,
        "dvar": 67692,
        "dvar2": 163861.203125,
        "max": 4159.81054688,
        "mean": 1840.24560547,
        "median": 1915.86376953,
        "min": 195.962158203,
        "var": 359282.25
    },
    "spectral_complexity": {
        "dmean": 4.94655323029,
        "dmean2": 7.26307630539,
        "dvar": 24.2109165192,
        "dvar2": 46.9201698303,
        "max": 56,
        "mean": 23.9717388153,
        "median": 25,
        "min": 0,
        "var": 143.421813965
    },
    "spectral_decrease": {
        "dmean": 2.2517521181e-09,
        "dmean2": 3.66589691936e-09,
        "dvar": 9.28110874791e-18,
        "dvar2": 2.32894868678e-17,
        "max": -1.14923885295e-13,
        "mean": -5.42795319802e-09,
        "median": -4.40757830233e-09,
        "min": -3.76206976682e-08,
        "var": 1.37304231001e-17
    },
    "spectral_energy": {
        "dmean": 0.00889736507088,
        "dmean2": 0.0144327627495,
        "dvar": 0.000141154974699,
        "dvar2": 0.000353484094376,
        "max": 0.149140641093,
        "mean": 0.0223834309727,
        "median": 0.0182422045618,
        "min": 4.49182124385e-07,
        "var": 0.000225092429901
    },
    "spectral_energyband_high": {
        "dmean": 0.000319886574289,
        "dmean2": 0.000463869131636,
        "dvar": 2.65416844059e-07,
        "dvar2": 5.39655843568e-07,
        "max": 0.0111443810165,
        "mean": 0.000807507778518,
        "median": 0.00051970576169,
        "min": 3.24278981445e-09,
        "var": 8.87054000032e-07
    },
    "spectral_energyband_low": {
        "dmean": 0.00627130549401,
        "dmean2": 0.0102947261184,
        "dvar": 7.77494497015e-05,
        "dvar2": 0.000193826475879,
        "max": 0.0918021202087,
        "mean": 0.0104306284338,
        "median": 0.00728483172134,
        "min": 2.79313013607e-07,
        "var": 9.63730126387e-05
    },
    "spectral_energyband_middle_high": {
        "dmean": 0.0023177054245,
        "dmean2": 0.00347989331931,
        "dvar": 1.12169891509e-05,
        "dvar2": 2.66151691903e-05,
        "max": 0.0525202713907,
        "mean": 0.006302122958,
        "median": 0.0040933387354,
        "min": 4.63695144504e-08,
        "var": 4.49579965789e-05
    },
    "spectral_energyband_middle_low": {
        "dmean": 0.003767761169,
        "dmean2": 0.0064406087622,
        "dvar": 3.19748578477e-05,
        "dvar2": 8.67786511662e-05,
        "max": 0.0570465698838,
        "mean": 0.00658456701785,
        "median": 0.00501519907266,
        "min": 1.31817017746e-07,
        "var": 3.10970062856e-05
    },
    "spectral_entropy": {
        "dmean": 0.122735105455,
        "dmean2": 0.176061779261,
        "dvar": 0.0126267177984,
        "dvar2": 0.0258914548904,
        "max": 8.37063789368,
        "mean": 7.67378568649,
        "median": 7.70766830444,
        "min": 6.28294372559,
        "var": 0.0680241435766
    },
    "spectral_flux": {
        "dmean": 0.025711921975,
        "dmean2": 0.0401606746018,
        "dvar": 0.000740649760701,
        "dvar2": 0.00154707522597,
        "max": 0.339137345552,
        "mean": 0.0877474844456,
        "median": 0.0783161967993,
        "min": 0.000670210516546,
        "var": 0.00179228314664
    },
    "spectral_kurtosis": {
        "dmean": 1.36968898773,
        "dmean2": 2.39992547035,
        "dvar": 1.72882580757,
        "dvar2": 5.12721586227,
        "max": 13.1793041229,
        "mean": 2.5348572731,
        "median": 2.2161154747,
        "min": -1.24105322361,
        "var": 3.21822929382
    },
    "spectral_rms": {
        "dmean": 0.000857440172695,
        "dmean2": 0.00135597225744,
        "dvar": 8.91262175173e-07,
        "dvar2": 2.0974043764e-06,
        "max": 0.0120624648407,
        "mean": 0.00444230437279,
        "median": 0.00421868124977,
        "min": 2.09338595596e-05,
        "var": 2.10345092455e-06
    },
    "spectral_rolloff": {
        "dmean": 609.178344727,
        "dmean2": 1010.55096436,
        "dvar": 627273.4375,
        "dvar2": 1289146.625,
        "max": 8591.74804688,
        "mean": 1982.64672852,
        "median": 2024.12109375,
        "min": 107.666015625,
        "var": 1651494.5
    },
    "spectral_skewness": {
        "dmean": 0.187507688999,
        "dmean2": 0.3119379282,
        "dvar": 0.0264561455697,
        "dvar2": 0.0695444941521,
        "max": 3.08957362175,
        "mean": 0.985950648785,
        "median": 0.98072129488,
        "min": -0.357359945774,
        "var": 0.0804491564631
    },
    "spectral_spread": {
        "dmean": 390184.4375,
        "dmean2": 541967.5,
        "dvar": 163754328064,
        "dvar2": 246260695040,
        "max": 10555567,
        "mean": 3758839.25,
        "median": 3548439,
        "min": 1990384.625,
        "var": 902471680000
    },
    "spectral_strongpeak": {
        "dmean": 0.686488866806,
        "dmean2": 1.19858467579,
        "dvar": 2.7016351223,
        "dvar2": 6.82942962646,
        "max": 15.2975463867,
        "mean": 0.85419023037,
        "median": 0.291869789362,
        "min": 0.00135036278516,
        "var": 3.41545653343
    },
    "zerocrossingrate": {
        "dmean": 0.0105642350391,
        "dmean2": 0.012490238063,
        "dvar": 0.000108935950266,
        "dvar2": 0.000133208799525,
        "max": 0.2734375,
        "mean": 0.0689304545522,
        "median": 0.06591796875,
        "min": 0.00634765625,
        "var": 0.000758196692914
    },
    "barkbands": {
        "dmean": [5.6273642258e-05, 0.00312602100894, 0.00336010707542, 0.00230637122877, 0.00120061414782, 0.000626091612503, 0.000454360211734, 0.000215755819227, 0.000217063352466, 0.000180526505574, 0.000187047640793, 0.000141015771078, 0.000315474579111, 0.000672206573654, 0.000565421185456, 0.000591588730458, 0.00038970989408, 0.00055996933952, 0.000320974184433, 0.000145682832226, 0.000104934682895, 6.95722483215e-05, 8.28575430205e-05, 6.48031491437e-05, 5.79180778004e-06, 5.18593568088e-09, 9.00946539595e-10],
        "dmean2": [9.00027735042e-05, 0.00507517484948, 0.00581098580733, 0.00406034523621, 0.00206441804767, 0.00100765179377, 0.000778942951001, 0.000371252011973, 0.000365157000488, 0.00029246188933, 0.000312610674882, 0.000238776876358, 0.000475340086268, 0.00106793781742, 0.000919227779377, 0.000950418470893, 0.000630822847597, 0.000905013992451, 0.000512218335643, 0.000234405990341, 0.000169037564774, 0.000107213571027, 0.000123627411085, 9.44379571592e-05, 8.59767806105e-06, 8.23513435222e-09, 1.67425451281e-09],
        "dvar": [5.76531089536e-09, 2.50788307312e-05, 2.22469352593e-05, 1.45310414155e-05, 3.13897976412e-06, 1.0891257034e-06, 7.27793690203e-07, 1.46824035596e-07, 1.61434826396e-07, 9.56329913038e-08, 1.79119226118e-07, 4.55090507501e-08, 1.01661566987e-06, 2.52722020377e-06, 2.69679867415e-06, 3.0512298963e-06, 3.90238540149e-07, 1.1160827853e-06, 4.51802719681e-07, 3.95021508837e-08, 2.82434893251e-08, 2.16063753555e-08, 3.44103305849e-08, 2.65124260324e-08, 8.07839073413e-11, 6.24563515602e-17, 1.51181877361e-18],
        "dvar2": [1.40024605244e-08, 5.23144335602e-05, 6.44571337034e-05, 4.07000661653e-05, 8.72958844411e-06, 2.63912238552e-06, 1.89534569017e-06, 3.99364864734e-07, 4.0718504124e-07, 2.26376670298e-07, 4.51500341114e-07, 1.21256036323e-07, 2.07697985388e-06, 5.71541340832e-06, 6.92485627951e-06, 7.37338723411e-06, 9.8791781511e-07, 2.78263064502e-06, 1.07611811018e-06, 1.00170083783e-07, 7.16346946206e-08, 4.83989595068e-08, 6.5208723754e-08, 4.75660328902e-08, 1.87487345094e-10, 1.50611987142e-16, 4.75778820063e-18],
        "max": [0.000785304000601, 0.0401574745774, 0.0527258962393, 0.0473951026797, 0.020582543686, 0.0138795208186, 0.00945224519819, 0.00438631465659, 0.0106091983616, 0.00739071238786, 0.00929223746061, 0.00282831210643, 0.0170684028417, 0.0422548986971, 0.0356788672507, 0.0350763611495, 0.0159064922482, 0.0201040487736, 0.0138157326728, 0.00260363030247, 0.00373502331786, 0.00310358731076, 0.0039005484432, 0.00503444159403, 0.000198334004381, 1.20881267662e-07, 1.57728798911e-08],
        "mean": [6.18904741714e-05, 0.00381653988734, 0.0048398617655, 0.00265346956439, 0.00181467446964, 0.000932912051212, 0.000560718763154, 0.000263656344032, 0.000316530000418, 0.000275154365227, 0.000264584232355, 0.000201832212042, 0.000489245227072, 0.000964745529927, 0.000774771033321, 0.00094957643887, 0.000692414934747, 0.000937985139899, 0.000624549400527, 0.000293016986689, 0.000224853822147, 0.000122658864711, 0.000162743090186, 0.000134187110234, 1.09097500172e-05, 8.53229131792e-09, 7.94160515127e-10],
        "median": [3.0928873457e-05, 0.00162866897881, 0.00334807275794, 0.00153472367674, 0.00133991881739, 0.000525477807969, 0.000263978115981, 0.000133264242322, 0.00015158727183, 0.00013091879373, 9.3137321528e-05, 0.000129112726427, 0.000121358134493, 0.000436197791714, 0.000316755962558, 0.000374604598619, 0.000466794212116, 0.000465393706691, 0.000394555157982, 0.000200068418053, 0.000136405797093, 6.21311337454e-05, 7.60933326092e-05, 6.78110736771e-05, 6.90872866471e-06, 5.00298291684e-09, 3.75389580531e-10],
        "min": [6.95448698629e-10, 9.78658718509e-08, 1.71483264921e-07, 1.85593123092e-08, 8.33167987935e-08, 1.46892498165e-08, 5.81001824429e-09, 1.25661325789e-09, 4.48063453007e-09, 5.19685983136e-09, 1.06049780069e-09, 2.09330930367e-09, 2.80100609373e-09, 8.03985766851e-09, 1.37443958437e-08, 2.60864307933e-09, 5.42283640215e-09, 2.11935580197e-09, 3.11828896038e-09, 2.78488498928e-09, 8.97918184251e-10, 3.42470496406e-10, 4.91408691516e-10, 1.73776423806e-10, 5.17432624525e-11, 2.52484960023e-11, 3.95150127896e-11],
        "var": [6.81458001139e-09, 3.00076335407e-05, 2.35627485381e-05, 1.18858652058e-05, 3.02197031488e-06, 1.62307264873e-06, 7.8538789694e-07, 1.67433469755e-07, 3.29679636479e-07, 2.11120379845e-07, 3.37572231501e-07, 6.3327426858e-08, 2.16302578337e-06, 4.34375169789e-06, 3.0490964491e-06, 6.30045678918e-06, 7.66056984958e-07, 2.19555431613e-06, 8.76393812632e-07, 8.7100865187e-08, 6.85467114181e-08, 4.29114130895e-08, 9.11026489803e-08, 6.07627299587e-08, 1.8868155649e-10, 1.1886993037e-16, 1.22620819735e-18]
    },
    "erbbands": {
        "dmean": [0.0782869979739, 0.78990149498, 3.21915841103, 6.50950527191, 5.16021108627, 4.14592409134, 5.09364891052, 5.03720903397, 5.85372686386, 6.58180046082, 4.14077091217, 4.86665821075, 4.53785514832, 6.74974489212, 6.21106338501, 6.32780599594, 10.6954336166, 29.4787044525, 31.728351593, 36.7335205078, 19.1779937744, 22.6719436646, 25.8164844513, 24.7179336548, 10.8746137619, 6.8601307869, 5.62066984177, 3.05170106888, 2.45080518723, 2.56516599655, 2.28852987289, 1.92724537849, 0.758659780025, 0.137948557734, 0.00598091352731, 0.000300045707263, 2.7740119549e-05, 5.84168856221e-06, 5.21882020621e-06, 1.03543352452e-05],
        "dmean2": [0.122174575925, 1.30990540981, 5.64581823349, 11.3571958542, 8.98213100433, 7.20087814331, 8.45919513702, 8.32678413391, 9.82851600647, 11.330953598, 7.08564472198, 8.15949630737, 7.40485143661, 11.3372039795, 10.2220201492, 10.6443147659, 15.8775224686, 46.1257514954, 50.4092407227, 59.4061393738, 29.8925685883, 36.4840202332, 41.6798934937, 38.9427947998, 17.3476047516, 10.9902353287, 8.81445884705, 4.92684650421, 3.81463623047, 3.95024752617, 3.3371694088, 2.83572816849, 1.0582318306, 0.197987228632, 0.00872101727873, 0.000429068226367, 3.85541097785e-05, 8.1069447333e-06, 8.10616438685e-06, 1.66657919181e-05],
        "dvar": [0.0180567968637, 1.54430043697, 20.8316688538, 106.465446472, 65.4156646729, 47.4502182007, 51.0828933716, 87.6973190308, 115.239738464, 185.333297729, 45.0224685669, 89.9490509033, 59.2901153564, 129.94972229, 224.844070435, 98.2980194092, 881.191894531, 7137.62255859, 6671.10400391, 13921.7734375, 1242.10974121, 1355.15710449, 2529.48754883, 2911.68408203, 241.340194702, 91.5740661621, 86.3347015381, 22.0848808289, 25.4277839661, 35.552532196, 25.2187423706, 27.1369037628, 2.74943733215, 0.0463378801942, 0.000374733557692, 7.15076623692e-07, 2.99761770961e-09, 1.12633673222e-10, 4.06550348941e-11, 1.79130751898e-10],
        "dvar2": [0.0364986136556, 3.52673268318, 60.6640052795, 295.594696045, 183.902359009, 130.004547119, 122.711471558, 230.417373657, 299.889984131, 506.6612854, 123.966629028, 214.420501709, 145.369888306, 338.59777832, 558.659362793, 253.445587158, 1753.85375977, 15686.3896484, 15802.0810547, 34030.25, 2544.38574219, 3393.55102539, 6454.35498047, 7222.34619141, 602.202270508, 236.197265625, 220.947555542, 56.9182243347, 56.8483009338, 73.4685440063, 45.7592773438, 55.5863342285, 4.79519844055, 0.0880200117826, 0.00083762552822, 1.48326205363e-06, 5.24098320298e-09, 1.92741697602e-10, 9.59391455169e-11, 4.46933212661e-10],
        "max": [0.897718966007, 10.5119915009, 54.1519050598, 135.741409302, 81.5180358887, 76.3143539429, 75.618019104, 133.610336304, 125.445594788, 201.339263916, 66.7783355713, 250.300964355, 142.599227905, 192.248504639, 361.402770996, 139.891723633, 706.702392578, 2493.52929688, 1395.20922852, 2528.39135742, 1122.39453125, 942.424438477, 1404.77783203, 989.630554199, 328.446166992, 125.571716309, 226.912216187, 55.8081893921, 124.007522583, 133.930709839, 116.164680481, 160.771377563, 63.5161247253, 5.25699806213, 0.485426485538, 0.020613476634, 0.00162843393628, 0.000301940599456, 8.64165704115e-05, 0.000172221582034],
        "mean": [0.0806248560548, 1.00688838959, 4.76576471329, 8.5263671875, 6.67775011063, 5.63771533966, 7.55455446243, 7.22180652618, 7.66004037857, 7.68173217773, 5.5452299118, 7.07819986343, 7.11723899841, 10.1229162216, 10.1414766312, 9.61367416382, 18.6536769867, 45.1955986023, 45.0566177368, 56.4969940186, 38.7367553711, 41.0643119812, 47.0693702698, 45.8541069031, 23.8838844299, 14.459939003, 11.8469209671, 6.60706186295, 4.3937330246, 4.62054157257, 4.51923418045, 3.69004821777, 1.60960280895, 0.301136791706, 0.0105725564063, 0.000599349965341, 7.25484933355e-05, 1.66991776496e-05, 1.62081960298e-05, 2.8347449188e-05],
        "median": [0.0182028636336, 0.505035340786, 3.43184828758, 5.42904138565, 4.42067337036, 3.90664601326, 4.82196044922, 4.25062322617, 3.92202663422, 3.35662531853, 3.30519866943, 3.42906618118, 3.83357644081, 4.99197244644, 4.58233451843, 6.06375217438, 6.09712219238, 17.4324131012, 21.1323108673, 20.7501487732, 22.5294322968, 27.5104141235, 27.1198215485, 24.3054256439, 16.8291130066, 9.96776485443, 7.13316011429, 4.40689611435, 2.31681346893, 2.16342663765, 2.15274405479, 1.74565422535, 0.88475805521, 0.190617769957, 0.0055947243236, 0.00034066371154, 4.76710883959e-05, 1.13849946501e-05, 1.37168317451e-05, 2.35668612731e-05],
        "min": [9.92211198536e-07, 3.02881817333e-05, 0.000181104405783, 0.000125851060147, 0.000219626963371, 0.000260034343228, 0.000167953505297, 0.000105067192635, 8.77742204466e-05, 4.07376464864e-05, 3.92402325815e-05, 7.40679970477e-05, 0.000244221184403, 5.32806079718e-05, 6.62074744469e-05, 7.48614038457e-05, 0.000133885434479, 0.000463847944047, 0.000412872730521, 0.000611319264863, 0.000207145931199, 0.000337315781508, 0.000138784802402, 0.000122993951663, 0.000163987831911, 0.000163484888617, 5.05311218149e-05, 2.51058590948e-05, 1.27749426611e-05, 7.34911964173e-06, 1.57266877068e-05, 6.74074635754e-06, 2.50763105214e-06, 7.09496589479e-07, 2.61095550513e-07, 9.50496286123e-08, 5.11652800128e-08, 1.66514819711e-08, 4.89538187765e-09, 1.10170972345e-09],
        "var": [0.0206363014877, 1.76044809818, 22.0078201294, 96.7070388794, 56.7501525879, 42.1188583374, 80.5171203613, 96.1549758911, 130.873260498, 174.727859497, 45.7108192444, 186.509735107, 111.794876099, 215.381240845, 466.515930176, 143.790298462, 1989.1932373, 14612.3730469, 8135.92626953, 22504.6445312, 4671.96533203, 2676.33886719, 5172.55664062, 5871.20556641, 618.628662109, 206.506164551, 209.910430908, 49.3673210144, 50.5413665771, 77.0419235229, 72.2085571289, 55.7730407715, 6.5140914917, 0.140713557601, 0.000518529152032, 1.21510777262e-06, 8.34404101369e-09, 3.60450447268e-10, 1.10867245939e-10, 3.33884531134e-10]
    },
    "gfcc": {
        "mean": [-15.20454216, 117.20602417, -153.667022705, 83.5234909058, -59.065574646, 19.7970809937, -41.383354187, -4.7095489502, -5.66952323914, -25.194726944, 5.7944560051, -25.9595317841, 0.901265978813],
        "cov": [[2356.85913086, -214.800704956, -473.203491211, 26.9819850922, -13.018746376, 25.46301651, 23.337638855, 65.1411361694, 90.0851516724, 121.599243164, 61.4379234314, 68.1747817993, 54.7618789673], [-214.800704956, 419.662963867, -62.2868461609, -119.771446228, 129.521881104, -79.9206161499, 71.751914978, -39.5722846985, 9.20422267914, -35.3295860291, 31.6954879761, -35.5436058044, 19.4695739746], [-473.203491211, -62.2868461609, 497.837371826, 125.874771118, -120.196411133, 95.4646759033, -7.99003839493, 11.2272090912, -12.0470695496, -27.4847354889, -50.7777748108, -6.52812957764, -24.0791893005], [26.9819850922, -119.771446228, 125.874771118, 168.517272949, -2.01121354103, 21.2008228302, 8.47968387604, 18.7693862915, 33.6512870789, 5.02786016464, -13.2404556274, 17.2311534882, -3.80209064484], [-13.018746376, 129.521881104, -120.196411133, -2.01121354103, 205.790939331, -11.8088741302, 34.5933380127, 17.5425987244, 23.4260025024, -0.775250375271, 29.7154788971, -17.2832527161, 17.1134853363], [25.46301651, -79.9206161499, 95.4646759033, 21.2008228302, -11.8088741302, 118.279022217, 24.1788654327, 11.7792606354, -8.09736537933, 8.98624038696, -9.53742313385, 5.56176328659, -2.29303956032], [23.337638855, 71.751914978, -7.99003839493, 8.47968387604, 34.5933380127, 24.1788654327, 99.9186401367, 1.80935096741, 10.8385267258, -9.09562492371, 9.68232345581, -1.40851247311, -2.20462608337], [65.1411361694, -39.5722846985, 11.2272090912, 18.7693862915, 17.5425987244, 11.7792606354, 1.80935096741, 83.5425643921, 20.8036975861, 13.6542625427, 3.8500893116, 8.92535877228, 15.0720844269], [90.0851516724, 9.20422267914, -12.0470695496, 33.6512870789, 23.4260025024, -8.09736537933, 10.8385267258, 20.8036975861, 72.6717987061, 20.9353675842, -0.399195343256, 6.02659368515, 5.27150726318], [121.599243164, -35.3295860291, -27.4847354889, 5.02786016464, -0.775250375271, 8.98624038696, -9.09562492371, 13.6542625427, 20.9353675842, 61.9677696228, 24.5429725647, 10.7635822296, 12.5804595947], [61.4379234314, 31.6954879761, -50.7777748108, -13.2404556274, 29.7154788971, -9.53742313385, 9.68232345581, 3.8500893116, -0.399195343256, 24.5429725647, 58.7376747131, 21.961807251, 1.8972632885], [68.1747817993, -35.5436058044, -6.52812957764, 17.2311534882, -17.2832527161, 5.56176328659, -1.40851247311, 8.92535877228, 6.02659368515, 10.7635822296, 21.961807251, 52.2255020142, 20.3181343079], [54.7618789673, 19.4695739746, -24.0791893005, -3.80209064484, 17.1134853363, -2.29303956032, -2.20462608337, 15.0720844269, 5.27150726318, 12.5804595947, 1.8972632885, 20.3181343079, 54.5850410461]],
        "icov": [[0.00080122158397, -0.000637560791802, 0.00170255987905, -0.00159018440172, 0.00150359398685, -0.00165480328724, 0.000505648960825, -0.000727058504708, -0.000382279104088, -0.000240464287344, -0.000530393444933, 0.000517468899488, -0.000337706122082], [-0.000637560791802, 0.0156952124089, -0.00903472397476, 0.0157851632684, -0.00989882927388, 0.0136967692524, -0.0112716974691, 0.00836271047592, -0.00748120713979, 0.00582648674026, -0.00763103784993, 0.00516229262576, -0.00920678302646], [0.00170255987905, -0.00903472397476, 0.0116110732779, -0.0139376614243, 0.0103907855228, -0.0130027262494, 0.00753645738587, -0.00601299852133, 0.00286558549851, -3.30611474055e-05, 0.00101071444806, 0.00188694172539, 0.00281978771091], [-0.00159018440172, 0.0157851632684, -0.0139376614243, 0.0271747801453, -0.0144066400826, 0.016950333491, -0.0125691499561, 0.00844114646316, -0.00894190277904, 0.00215017539449, -0.000625278160442, -0.00379829108715, -0.00409651128575], [0.00150359398685, -0.00989882927388, 0.0103907855228, -0.0144066400826, 0.0178269129246, -0.0131868571043, 0.0071096313186, -0.00682699121535, -0.000250377168413, 0.00373279117048, -0.00734082562849, 0.00929918885231, -0.00241073174402], [-0.00165480328724, 0.0136967692524, -0.0130027262494, 0.016950333491, -0.0131868571043, 0.0272143520415, -0.0147602967918, 0.00643219426274, -0.000460251554614, -0.00363489589654, 0.0031112334691, -0.00398284941912, -0.00261854217388], [0.000505648960825, -0.0112716974691, 0.00753645738587, -0.0125691499561, 0.0071096313186, -0.0147602967918, 0.0211756154895, -0.00532127404585, 0.00121300574392, 0.00251485989429, -0.0011514906073, 0.000150703446707, 0.00472488952801], [-0.000727058504708, 0.00836271047592, -0.00601299852133, 0.00844114646316, -0.00682699121535, 0.00643219426274, -0.00532127404585, 0.0188189186156, -0.00700934091583, 0.0022256388329, -0.00438399333507, 0.00200874987058, -0.00774997193366], [-0.000382279104088, -0.00748120713979, 0.00286558549851, -0.00894190277904, -0.000250377168413, -0.000460251554614, 0.00121300574392, -0.00700934091583, 0.026116784662, -0.0147528965026, 0.0150637840852, -0.0102490708232, 0.00990615319461], [-0.000240464287344, 0.00582648674026, -3.30611474055e-05, 0.00215017539449, 0.00373279117048, -0.00363489589654, 0.00251485989429, 0.0022256388329, -0.0147528965026, 0.0358537994325, -0.0261131897569, 0.0161993950605, -0.0154986372218], [-0.000530393444933, -0.00763103784993, 0.00101071444806, -0.000625278160442, -0.00734082562849, 0.0031112334691, -0.0011514906073, -0.00438399333507, 0.0150637840852, -0.0261131897569, 0.0493431314826, -0.0318608246744, 0.0219605863094], [0.000517468899488, 0.00516229262576, 0.00188694172539, -0.00379829108715, 0.00929918885231, -0.00398284941912, 0.000150703446707, 0.00200874987058, -0.0102490708232, 0.0161993950605, -0.0318608246744, 0.0475053563714, -0.0247431956232], [-0.000337706122082, -0.00920678302646, 0.00281978771091, -0.00409651128575, -0.00241073174402, -0.00261854217388, 0.00472488952801, -0.00774997193366, 0.00990615319461, -0.0154986372218, 0.0219605863094, -0.0247431956232, 0.0369400680065]]
    },
    "melbands": {
        "dmean": [0.000783959345426, 0.00138890824746, 0.0010404108325, 0.000308854272589, 0.000169281149283, 0.000112717811135, 8.9649365691e-05, 6.67564891046e-05, 3.37140918418e-05, 3.12752054015e-05, 2.38119664573e-05, 2.82077835436e-05, 2.46990057349e-05, 1.48358458318e-05, 2.0851057343e-05, 3.2656982512e-05, 5.89515911997e-05, 5.70955708099e-05, 4.67471290904e-05, 5.00219866808e-05, 1.94205840671e-05, 2.43300182774e-05, 2.31390586123e-05, 2.9118196835e-05, 2.18436543946e-05, 9.18688510865e-06, 6.41075803287e-06, 4.73737827633e-06, 4.21615868618e-06, 2.58618865701e-06, 1.72263548848e-06, 1.60591173426e-06, 1.29024215312e-06, 1.59593867011e-06, 1.30303556034e-06, 1.55074167196e-06, 1.09224686184e-06, 6.4081933715e-07, 3.05131123923e-07, 6.63026398229e-08],
        "dmean2": [0.00123065523803, 0.00241110567003, 0.00182013236918, 0.000531948870048, 0.000282266410068, 0.000185551325558, 0.000151936183101, 0.000114840469905, 5.75336780457e-05, 5.25276482222e-05, 3.87062063965e-05, 4.70728882647e-05, 4.06271792599e-05, 2.52995505434e-05, 3.30057591782e-05, 4.9205540563e-05, 9.27918445086e-05, 9.07109861146e-05, 7.71892955527e-05, 7.95123560238e-05, 3.04347904603e-05, 3.92529218516e-05, 3.749195821e-05, 4.65456505481e-05, 3.47053610312e-05, 1.47811606439e-05, 1.03382953967e-05, 7.60543480283e-06, 6.64681510898e-06, 4.20667493017e-06, 2.81077745967e-06, 2.55075565292e-06, 2.03514809982e-06, 2.51259461947e-06, 1.94523363461e-06, 2.29902229876e-06, 1.6478222733e-06, 9.22469155284e-07, 4.50848943956e-07, 9.97827598326e-08],
        "dvar": [1.66212623753e-06, 3.85971679862e-06, 2.78024117506e-06, 2.22090335456e-07, 5.06684258994e-08, 4.13773442176e-08, 2.71506355176e-08, 1.79405894585e-08, 2.78172729296e-09, 4.19387591322e-09, 1.66222535736e-09, 2.29419594433e-09, 3.76759290432e-09, 5.28443344638e-10, 2.96171975833e-09, 1.12017923826e-08, 2.97389810555e-08, 2.33719497089e-08, 2.58733692249e-08, 2.34398545018e-08, 1.08301212443e-09, 1.25486232516e-09, 2.57905097278e-09, 3.41557671035e-09, 2.56079535355e-09, 1.46953893498e-10, 7.93738894056e-11, 4.82328690876e-11, 4.70629056559e-11, 1.65606885844e-11, 7.8983529786e-12, 1.25923594468e-11, 9.44037036044e-12, 1.31151738775e-11, 7.00276598861e-12, 1.49076497674e-11, 1.00183932331e-11, 2.36601645394e-12, 2.37202456028e-13, 1.56024773315e-14],
        "dvar2": [3.27425527757e-06, 1.08022295535e-05, 7.79366837378e-06, 6.19023865056e-07, 1.25787579464e-07, 1.0626261826e-07, 7.02233151628e-08, 4.89874310006e-08, 7.60987894921e-09, 1.00192858454e-08, 4.03076505506e-09, 5.85170845113e-09, 9.39550037771e-09, 1.41142486587e-09, 6.15529094361e-09, 2.26472245402e-08, 6.57869279053e-08, 5.44415321713e-08, 6.76786982012e-08, 5.6334496179e-08, 2.12637774055e-09, 3.23042481654e-09, 6.37955244187e-09, 8.14087286471e-09, 6.27874952031e-09, 3.73200886861e-10, 2.03610003857e-10, 1.24690716086e-10, 1.19468684945e-10, 4.30532311191e-11, 2.06530938185e-11, 2.8879532446e-11, 2.11913681047e-11, 2.81743604141e-11, 1.21692820751e-11, 3.11475983894e-11, 2.08638141486e-11, 4.60429134055e-12, 5.09089732176e-13, 3.1754685822e-14],
        "max": [0.00910747982562, 0.0220204107463, 0.0216778498143, 0.0047180633992, 0.00222189258784, 0.00292728375643, 0.00184655620251, 0.00185503950343, 0.000546132330783, 0.0017732976703, 0.000745645840652, 0.000938945857342, 0.00149364082608, 0.000343356136, 0.00153425557073, 0.00216224277392, 0.00550768850371, 0.00279822619632, 0.00363133172505, 0.00305657205172, 0.00103967997711, 0.000831060344353, 0.00109323009383, 0.00116229162086, 0.000964804377872, 0.000182529111044, 0.000179555485374, 0.000103138751001, 0.000144757243106, 7.35925059416e-05, 3.61396560038e-05, 9.10836897674e-05, 7.75048174546e-05, 6.97057912475e-05, 6.75951305311e-05, 8.38491541799e-05, 0.000104215927422, 6.1306549469e-05, 8.72949294717e-06, 2.99354451272e-06],
        "mean": [0.000895493139978, 0.00214461656287, 0.00143044639844, 0.000421578501118, 0.00026296323631, 0.00016605075507, 0.000117148774734, 7.87114186096e-05, 4.49795152235e-05, 4.48585742561e-05, 3.64358093066e-05, 4.16641196352e-05, 3.72236354451e-05, 2.17822162085e-05, 3.14979115501e-05, 5.33372731297e-05, 8.62363594933e-05, 7.61636547395e-05, 6.22789812041e-05, 8.06014286354e-05, 3.64821316907e-05, 4.14167298004e-05, 3.83256265195e-05, 4.83733492729e-05, 3.6899222323e-05, 1.90549963008e-05, 1.22320016089e-05, 8.96588699106e-06, 8.04333285487e-06, 5.31097748535e-06, 3.27865063809e-06, 2.56150246969e-06, 2.21405184675e-06, 2.71463250101e-06, 2.52080599239e-06, 2.74351486951e-06, 2.03727631742e-06, 1.25454005229e-06, 6.2855934857e-07, 1.10914271545e-07],
        "median": [0.000297839782434, 0.0016012636479, 0.00095911254175, 0.000296506943414, 0.000178798742127, 9.87895473372e-05, 5.93158401898e-05, 3.50859882019e-05, 2.67413852271e-05, 2.01696766453e-05, 1.86054094229e-05, 1.93326068256e-05, 1.42459803101e-05, 1.39035137181e-05, 1.27768535094e-05, 1.3050898815e-05, 3.24275097228e-05, 3.38021927746e-05, 2.25289477385e-05, 2.7176047297e-05, 2.3638474886e-05, 2.75942584267e-05, 2.23074293899e-05, 2.34445869864e-05, 1.82927724381e-05, 1.34116598929e-05, 8.60217733134e-06, 5.71931150262e-06, 4.5395026973e-06, 3.34884680342e-06, 2.1030436983e-06, 1.23913025618e-06, 1.06811535261e-06, 1.1912767377e-06, 1.17287390822e-06, 1.21295090594e-06, 9.65088929661e-07, 6.6737572979e-07, 3.89933148881e-07, 6.07746741821e-08],
        "min": [1.76854797473e-08, 7.79998288181e-08, 2.49559697352e-08, 1.99214813534e-08, 6.42257758088e-09, 2.33935026905e-09, 1.3036696167e-09, 3.91345539308e-10, 3.1684302404e-10, 5.82235537561e-10, 1.22010268555e-09, 1.9583420996e-10, 1.65895130966e-10, 3.1372085485e-10, 1.50268172905e-10, 3.24500454285e-10, 9.70543867496e-10, 4.97220098428e-10, 1.03702058052e-09, 3.82037179669e-10, 2.3857596454e-10, 4.22147677925e-10, 1.04098785147e-10, 1.11078632403e-10, 9.8392953507e-11, 1.08106704144e-10, 1.26478091889e-10, 9.71905472769e-11, 2.7107207104e-11, 2.40822969205e-11, 1.18639082933e-11, 8.321837143e-12, 3.94294536257e-12, 3.82679738592e-12, 8.73278619556e-12, 9.26319524558e-12, 2.33264536159e-12, 2.09200191892e-12, 1.04088417573e-12, 3.84513086519e-13],
        "var": [2.00925865101e-06, 4.21681716034e-06, 2.38709162659e-06, 1.99097755171e-07, 7.94774379642e-08, 5.00837131767e-08, 3.0860782374e-08, 1.77201506801e-08, 2.94233304388e-09, 8.84017303804e-09, 3.22335003133e-09, 4.06731537339e-09, 7.30446014785e-09, 8.45906067415e-10, 5.42650901991e-09, 2.908468133e-08, 5.72948728461e-08, 2.82468057833e-08, 2.78346643512e-08, 5.22033190009e-08, 3.38064465311e-09, 2.44597542221e-09, 4.1942715967e-09, 6.43466346872e-09, 4.82648987443e-09, 3.8283451409e-10, 1.64869576325e-10, 9.83981160441e-11, 1.05250960725e-10, 3.76029728189e-11, 1.39850171374e-11, 2.07171710342e-11, 1.78729982203e-11, 2.75279625483e-11, 2.21147579416e-11, 3.02190841794e-11, 1.92229739071e-11, 4.58091290595e-12, 6.00574115179e-13, 3.18023365075e-14]
    },
    "mfcc": {
        "mean": [-625.947387695, 100.732719421, -7.77142000198, 42.7138938904, 20.1384277344, 10.4765548706, -2.8512673378, 8.51869010925, -7.72394943237, 8.88825130463, -7.15459108353, 1.76284825802, -10.7878389359],
        "cov": [[2643.94140625, -236.892089844, -541.824462891, -18.9479961395, -95.9349822998, -1.27130126953, -65.7761459351, -19.6170768738, 19.8526420593, 59.0586700439, 5.86835575104, 69.5116577148, 81.9016418457], [-236.892089844, 493.081298828, -172.114608765, -17.6788978577, 8.07389831543, -28.467590332, 49.9375152588, -17.7543106079, -5.7954044342, -10.2078437805, 6.56687688828, -10.6104297638, -0.212663546205], [-541.824462891, -172.114608765, 589.312438965, 4.93373966217, -24.0244789124, 56.944393158, -10.3101167679, 35.1785087585, 19.735622406, -23.4555053711, 11.6746301651, -8.0642375946, -18.7116184235], [-18.9479961395, -17.6788978577, 4.93373966217, 136.819274902, 28.8322734833, 12.7225198746, -15.7985191345, 25.1783828735, 12.032037735, 16.7202701569, -8.8192949295, 20.0997066498, 9.51200771332], [-95.9349822998, 8.07389831543, -24.0244789124, 28.8322734833, 126.53250885, -10.1285924911, 18.867061615, 1.2741740942, 25.9403171539, 7.46988773346, 11.0273809433, -2.55600714684, 7.74529409409], [-1.27130126953, -28.467590332, 56.944393158, 12.7225198746, -10.1285924911, 106.584747314, 12.9179897308, 25.3509521484, -2.05511856079, 16.5538196564, -3.19552540779, 3.87145376205, -3.70881915092], [-65.7761459351, 49.9375152588, -10.3101167679, -15.7985191345, 18.867061615, 12.9179897308, 96.6902389526, 12.7792844772, 5.85895347595, -4.98810482025, 15.9639129639, -4.95774507523, 0.235122129321], [-19.6170768738, -17.7543106079, 35.1785087585, 25.1783828735, 1.2741740942, 25.3509521484, 12.7792844772, 77.0523986816, 14.5573806763, 9.33182430267, -0.257039785385, 9.31394004822, -6.00885772705], [19.8526420593, -5.7954044342, 19.735622406, 12.032037735, 25.9403171539, -2.05511856079, 5.85895347595, 14.5573806763, 74.7274551392, 17.7102718353, 1.3832668066, -2.93673419952, 8.40372753143], [59.0586700439, -10.2078437805, -23.4555053711, 16.7202701569, 7.46988773346, 16.5538196564, -4.98810482025, 9.33182430267, 17.7102718353, 60.2593307495, 6.84823322296, 3.28607344627, -4.07322359085], [5.86835575104, 6.56687688828, 11.6746301651, -8.8192949295, 11.0273809433, -3.19552540779, 15.9639129639, -0.257039785385, 1.3832668066, 6.84823322296, 58.5915031433, 11.3304748535, -4.41413116455], [69.5116577148, -10.6104297638, -8.0642375946, 20.0997066498, -2.55600714684, 3.87145376205, -4.95774507523, 9.31394004822, -2.93673419952, 3.28607344627, 11.3304748535, 54.0841903687, 20.3578300476], [81.9016418457, -0.212663546205, -18.7116184235, 9.51200771332, 7.74529409409, -3.70881915092, 0.235122129321, -6.00885772705, 8.40372753143, -4.07322359085, -4.41413116455, 20.3578300476, 57.2755813599]],
